nan
1.800000000000000000e+03
nan
1.056000000000000000e+03
nan
nan
nan
nan
6.080700000000000000e+04
nan
nan
nan
nan
6.608000000000000000e+03
nan
nan
nan
nan
nan
nan
nan
nan
nan
nan
1.328500000000000000e+04
nan
nan
nan
nan
nan
1.441600000000000000e+04
nan
nan
7.191000000000000000e+03
nan
1.786000000000000000e+03
nan
nan
nan
nan
nan
nan
5.072000000000000000e+03
3.636000000000000000e+03
nan
nan
5.930000000000000000e+02
nan
nan
nan
nan
1.440000000000000000e+03
nan
1.608000000000000000e+03
8.510000000000000000e+03
nan
nan
nan
1.712200000000000000e+04
nan
nan
nan
nan
7.400000000000000000e+03
1.083200000000000000e+04
3.278000000000000000e+03
nan
nan
2.018800000000000000e+04
2.440000000000000000e+02
nan
nan
nan
nan
nan
1.010000000000000000e+03
nan
nan
nan
3.448000000000000000e+03
2.590000000000000000e+02
nan
nan
3.381000000000000000e+03
nan
nan
nan
2.440000000000000000e+02
6.050400000000000000e+04
nan
nan
6.524000000000000000e+03
nan
6.920000000000000000e+02
nan
nan
nan
7.992000000000000000e+03
nan
nan
nan
nan
5.798000000000000000e+03
nan
1.670200000000000000e+04
nan
nan
nan
nan
2.696000000000000000e+03
nan
nan
nan
nan
1.683400000000000000e+04
nan
nan
nan
1.770800000000000000e+04
3.244000000000000000e+03
5.008000000000000000e+03
nan
5.776000000000000000e+03
nan
nan
1.850200000000000000e+04
nan
nan
nan
nan
3.126000000000000000e+03
3.088000000000000000e+03
nan
nan
5.840000000000000000e+02
nan
9.443000000000000000e+03
4.097000000000000000e+03
nan
nan
nan
nan
nan
nan
1.778000000000000000e+03
1.760300000000000000e+04
nan
nan
nan
nan
1.356000000000000000e+03
8.664000000000000000e+03
nan
nan
nan
9.224000000000000000e+03
nan
nan
nan
1.398000000000000000e+03
nan
nan
2.976000000000000000e+04
nan
9.237000000000000000e+03
nan
nan
nan
nan
nan
2.753600000000000000e+04
nan
6.781900000000000000e+04
nan
nan
nan
nan
5.835000000000000000e+03
nan
nan
nan
nan
nan
2.216000000000000000e+03
nan
2.152300000000000000e+04
nan
nan
nan
nan
1.460000000000000000e+03
1.032000000000000000e+03
nan
nan
1.801000000000000000e+03
5.959000000000000000e+03
6.552000000000000000e+03
1.237100000000000000e+04
nan
6.998000000000000000e+03
nan
nan
3.445600000000000000e+04
nan
nan
1.266700000000000000e+04
nan
nan
nan
nan
nan
nan
nan
7.987100000000000000e+04
nan
3.419000000000000000e+03
5.339000000000000000e+03
nan
nan
2.392000000000000000e+03
3.971000000000000000e+03
nan
nan
nan
nan
nan
1.595800000000000000e+04
nan
6.653500000000000000e+04
nan
nan
nan
nan
nan
nan
nan
4.287000000000000000e+03
3.103000000000000000e+03
nan
nan
nan
nan
nan
1.337800000000000000e+04
nan
nan
nan
nan
4.162000000000000000e+04
nan
nan
nan
nan
9.770000000000000000e+02
nan
nan
8.060000000000000000e+03
nan
nan
nan
nan
2.102400000000000000e+04
nan
nan
nan
1.560000000000000000e+02
nan
nan
2.200000000000000000e+03
nan
nan
nan
nan
1.896000000000000000e+03
2.536300000000000000e+04
1.731000000000000000e+03
nan
nan
nan
nan
4.560000000000000000e+03
nan
nan
nan
nan
nan
nan
1.152000000000000000e+03
nan
3.482000000000000000e+03
nan
nan
nan
3.833000000000000000e+03
nan
4.207000000000000000e+03
1.035400000000000000e+04
6.320000000000000000e+02
1.144000000000000000e+03
nan
nan
1.604000000000000000e+03
nan
2.869000000000000000e+03
nan
nan
2.418900000000000000e+04
1.005700000000000000e+04
8.370000000000000000e+02
nan
nan
5.680000000000000000e+02
nan
nan
nan
nan
1.538000000000000000e+03
nan
3.190000000000000000e+02
nan
nan
nan
nan
nan
nan
3.162000000000000000e+03
nan
nan
1.760000000000000000e+03
nan
nan
nan
nan
nan
nan
nan
8.470000000000000000e+03
3.762400000000000000e+04
1.890000000000000000e+02
1.909000000000000000e+03
nan
9.579000000000000000e+03
6.116800000000000000e+04
nan
2.409000000000000000e+03
nan
5.165000000000000000e+03
nan
nan
nan
nan
nan
nan
1.717000000000000000e+03
2.572000000000000000e+03
nan
nan
3.704000000000000000e+03
nan
1.687000000000000000e+03
nan
3.030000000000000000e+02
nan
nan
nan
nan
nan
nan
nan
nan
1.010000000000000000e+04
8.760000000000000000e+02
1.344000000000000000e+03
1.760000000000000000e+03
9.194000000000000000e+03
nan
nan
nan
nan
3.329000000000000000e+03
nan
9.837000000000000000e+03
nan
nan
nan
nan
nan
nan
4.762000000000000000e+03
6.300000000000000000e+01
1.220700000000000000e+04
nan
nan
nan
nan
nan
nan
1.340400000000000000e+04
nan
4.750000000000000000e+03
nan
3.407000000000000000e+03
nan
nan
nan
6.696000000000000000e+03
1.334000000000000000e+03
nan
nan
nan
nan
7.052700000000000000e+04
nan
3.612000000000000000e+03
nan
9.585000000000000000e+03
3.000000000000000000e+01
nan
nan
nan
nan
3.684000000000000000e+03
nan
3.144000000000000000e+03
nan
nan
nan
nan
nan
nan
2.492300000000000000e+04
nan
5.247000000000000000e+03
9.272000000000000000e+03
nan
nan
2.718000000000000000e+03
nan
nan
nan
2.326000000000000000e+03
nan
nan
nan
4.494000000000000000e+04
nan
1.029800000000000000e+04
nan
nan
nan
nan
nan
nan
nan
nan
nan
1.752000000000000000e+03
nan
nan
3.504000000000000000e+03
nan
nan
4.807000000000000000e+03
nan
nan
nan
nan
nan
4.795000000000000000e+03
nan
nan
4.210000000000000000e+03
nan
nan
nan
nan
nan
nan
1.150200000000000000e+04
3.888000000000000000e+03
nan
1.424000000000000000e+03
1.530000000000000000e+03
nan
nan
nan
nan
nan
nan
4.062000000000000000e+03
nan
nan
nan
nan
nan
nan
nan
1.551000000000000000e+03
nan
nan
nan
nan
1.034800000000000000e+04
nan
nan
nan
nan
5.263000000000000000e+03
nan
nan
nan
1.368000000000000000e+03
nan
nan
nan
nan
nan
nan
nan
3.026500000000000000e+04
nan
nan
nan
nan
7.036000000000000000e+03
nan
1.038100000000000000e+04
nan
2.719000000000000000e+03
1.024000000000000000e+03
nan
nan
nan
nan
nan
9.922000000000000000e+03
4.880000000000000000e+03
nan
8.064000000000000000e+03
nan
nan
3.096000000000000000e+03
3.481000000000000000e+03
nan
nan
2.320000000000000000e+03
nan
nan
9.986000000000000000e+03
1.294000000000000000e+03
nan
nan
5.808000000000000000e+03
nan
nan
1.857000000000000000e+03
nan
5.560000000000000000e+03
7.751500000000000000e+04
nan
nan
3.162000000000000000e+03
nan
1.040000000000000000e+02
3.812500000000000000e+04
nan
nan
nan
6.655000000000000000e+03
nan
1.043000000000000000e+04
nan
nan
nan
nan
nan
6.245800000000000000e+04
nan
nan
nan
nan
nan
nan
nan
nan
nan
nan
nan
nan
7.469000000000000000e+03
1.449000000000000000e+03
nan
3.244800000000000000e+04
nan
nan
nan
4.768000000000000000e+03
nan
nan
nan
nan
6.182000000000000000e+03
8.080000000000000000e+02
2.764000000000000000e+03
1.284500000000000000e+04
nan
nan
7.445000000000000000e+03
4.514000000000000000e+03
nan
nan
nan
nan
nan
nan
nan
nan
nan
1.103000000000000000e+03
9.634000000000000000e+03
nan
6.743000000000000000e+03
6.350300000000000000e+04
nan
3.341300000000000000e+04
9.240000000000000000e+02
nan
4.458000000000000000e+03
nan
nan
6.375000000000000000e+03
nan
nan
nan
3.344000000000000000e+03
nan
nan
1.018500000000000000e+04
6.800000000000000000e+02
6.305400000000000000e+04
nan
nan
nan
nan
6.390000000000000000e+02
nan
nan
nan
2.520000000000000000e+03
nan
6.773000000000000000e+03
nan
nan
nan
nan
3.440000000000000000e+02
1.687000000000000000e+03
nan
nan
nan
1.744000000000000000e+03
nan
nan
nan
1.155000000000000000e+03
nan
nan
1.800000000000000000e+02
nan
nan
nan
nan
1.334000000000000000e+03
nan
nan
nan
1.182000000000000000e+03
nan
4.762000000000000000e+03
nan
nan
8.378000000000000000e+03
nan
nan
nan
1.148000000000000000e+03
nan
1.089800000000000000e+04
1.333600000000000000e+04
nan
nan
8.900000000000000000e+02
nan
nan
nan
nan
7.928000000000000000e+03
1.005000000000000000e+03
nan
nan
nan
nan
nan
nan
nan
1.600000000000000000e+02
nan
nan
nan
1.584000000000000000e+03
nan
3.484000000000000000e+03
nan
nan
nan
nan
2.009000000000000000e+03
1.801500000000000000e+04
nan
9.770000000000000000e+02
4.142000000000000000e+03
nan
1.725000000000000000e+03
nan
nan
nan
nan
nan
nan
1.752000000000000000e+03
nan
nan
7.057000000000000000e+03
nan
nan
nan
nan
nan
nan
nan
nan
7.120000000000000000e+02
nan
nan
nan
8.820000000000000000e+03
nan
1.076000000000000000e+04
8.262000000000000000e+03
nan
nan
1.023300000000000000e+04
nan
nan
nan
nan
nan
2.956000000000000000e+03
nan
nan
2.153000000000000000e+04
nan
nan
nan
nan
nan
3.585000000000000000e+03
nan
nan
nan
nan
6.800000000000000000e+02
nan
1.399200000000000000e+04
nan
nan
nan
3.203000000000000000e+03
7.055000000000000000e+03
nan
nan
6.922200000000000000e+04
nan
1.649000000000000000e+03
nan
nan
nan
4.215000000000000000e+03
4.199000000000000000e+03
9.040000000000000000e+02
2.173400000000000000e+04
nan
6.583000000000000000e+03
7.600000000000000000e+01
nan
1.576000000000000000e+03
nan
8.395000000000000000e+03
nan
nan
4.429200000000000000e+04
nan
nan
nan
nan
nan
nan
9.554000000000000000e+03
nan
nan
1.100000000000000000e+02
nan
1.835900000000000000e+04
nan
2.779700000000000000e+04
nan
1.205400000000000000e+04
2.830000000000000000e+03
nan
1.225700000000000000e+04
6.210000000000000000e+02
nan
nan
7.432000000000000000e+03
nan
nan
nan
nan
nan
nan
nan
nan
1.092000000000000000e+03
nan
nan
nan
nan
3.086000000000000000e+03
nan
nan
1.449000000000000000e+03
nan
nan
nan
nan
1.536000000000000000e+03
nan
nan
1.252000000000000000e+03
nan
nan
nan
nan
8.308000000000000000e+03
nan
nan
nan
nan
1.327700000000000000e+04
nan
nan
1.920000000000000000e+02
nan
4.614000000000000000e+03
5.102000000000000000e+03
2.701000000000000000e+03
3.424000000000000000e+03
nan
nan
nan
nan
nan
nan
nan
1.078300000000000000e+04
1.102600000000000000e+04
nan
3.421000000000000000e+03
nan
nan
nan
5.177000000000000000e+03
1.209600000000000000e+04
nan
2.132100000000000000e+04
nan
nan
nan
nan
nan
3.934000000000000000e+03
8.157000000000000000e+03
nan
nan
nan
nan
6.369000000000000000e+03
nan
nan
nan
nan
7.786200000000000000e+04
1.152000000000000000e+03
1.728000000000000000e+03
nan
nan
nan
nan
nan
nan
5.250000000000000000e+02
nan
nan
nan
3.789000000000000000e+03
1.039000000000000000e+03
nan
8.617000000000000000e+03
nan
nan
nan
nan
8.631000000000000000e+03
nan
2.738000000000000000e+03
nan
nan
nan
nan
1.398000000000000000e+03
nan
nan
nan
1.650000000000000000e+02
nan
4.989000000000000000e+03
2.718000000000000000e+03
1.955000000000000000e+03
nan
nan
nan
8.108000000000000000e+03
nan
nan
1.075600000000000000e+04
8.559000000000000000e+03
5.028000000000000000e+03
nan
nan
1.135300000000000000e+04
nan
3.355700000000000000e+04
nan
nan
8.650000000000000000e+02
nan
nan
1.154300000000000000e+04
7.400000000000000000e+03
1.520000000000000000e+02
nan
nan
2.317000000000000000e+03
5.546000000000000000e+03
nan
nan
nan
nan
nan
2.235600000000000000e+04
2.114600000000000000e+04
nan
nan
nan
1.863000000000000000e+03
1.501000000000000000e+03
nan
nan
1.819000000000000000e+03
2.724000000000000000e+03
nan
nan
nan
3.299800000000000000e+04
1.350000000000000000e+02
nan
2.726700000000000000e+04
nan
nan
nan
nan
nan
nan
nan
2.609200000000000000e+04
nan
2.100000000000000000e+02
nan
1.210000000000000000e+02
nan
nan
nan
nan
nan
2.461800000000000000e+04
1.056600000000000000e+04
1.241000000000000000e+03
nan
nan
nan
6.048000000000000000e+03
nan
1.656000000000000000e+03
1.290700000000000000e+04
5.581000000000000000e+03
nan
nan
1.377500000000000000e+04
nan
nan
4.640000000000000000e+02
2.666000000000000000e+03
nan
nan
nan
nan
2.400000000000000000e+02
4.960000000000000000e+02
nan
nan
nan
nan
5.400000000000000000e+03
nan
nan
nan
9.856900000000000000e+04
nan
1.470600000000000000e+04
1.846000000000000000e+03
nan
nan
1.056300000000000000e+04
nan
9.197000000000000000e+03
nan
nan
nan
nan
nan
1.823000000000000000e+03
1.552700000000000000e+04
8.536000000000000000e+03
nan
nan
nan
nan
nan
3.059000000000000000e+03
8.610000000000000000e+03
1.122000000000000000e+03
nan
nan
2.322400000000000000e+04
nan
nan
6.840000000000000000e+02
nan
nan
nan
nan
nan
nan
nan
nan
nan
4.377000000000000000e+03
nan
nan
nan
nan
nan
nan
nan
nan
1.444800000000000000e+04
nan
3.321000000000000000e+03
2.108000000000000000e+03
9.060000000000000000e+02
nan
1.177000000000000000e+03
nan
nan
nan
nan
2.326300000000000000e+04
nan
1.385100000000000000e+04
nan
nan
nan
nan
4.511400000000000000e+04
nan
nan
nan
5.132600000000000000e+04
nan
nan
8.791000000000000000e+03
nan
nan
nan
2.941900000000000000e+04
2.669000000000000000e+03
2.480000000000000000e+02
nan
8.660000000000000000e+02
nan
2.130000000000000000e+02
4.000000000000000000e+01
nan
1.062000000000000000e+04
nan
nan
nan
nan
nan
1.207500000000000000e+04
nan
nan
1.640000000000000000e+03
nan
nan
1.183000000000000000e+03
nan
2.920000000000000000e+02
nan
1.004000000000000000e+03
nan
4.098000000000000000e+03
1.306000000000000000e+03
nan
nan
nan
1.452800000000000000e+04
nan
nan
nan
nan
nan
4.648000000000000000e+03
nan
nan
8.280000000000000000e+02
nan
nan
3.468700000000000000e+04
9.438000000000000000e+03
1.421000000000000000e+03
nan
3.408000000000000000e+03
4.377000000000000000e+03
nan
nan
nan
nan
1.721600000000000000e+04
1.015100000000000000e+04
nan
nan
6.896000000000000000e+03
1.260000000000000000e+02
nan
nan
1.167000000000000000e+04
7.750400000000000000e+04
nan
2.952000000000000000e+04
nan
2.651000000000000000e+03
nan
nan
nan
2.792000000000000000e+03
nan
nan
1.176000000000000000e+03
nan
nan
nan
2.996000000000000000e+03
nan
nan
nan
nan
nan
nan
1.764000000000000000e+03
1.508300000000000000e+04
nan
nan
4.969000000000000000e+03
nan
nan
nan
nan
nan
nan
nan
nan
nan
nan
2.617000000000000000e+03
nan
nan
2.718800000000000000e+04
nan
2.941000000000000000e+03
1.857600000000000000e+04
nan
4.924000000000000000e+03
nan
nan
nan
nan
nan
nan
8.780000000000000000e+02
1.129000000000000000e+04
9.760000000000000000e+02
nan
nan
1.250500000000000000e+04
1.405800000000000000e+04
3.585000000000000000e+03
nan
nan
nan
nan
nan
nan
nan
nan
nan
nan
1.034700000000000000e+04
nan
nan
nan
nan
nan
nan
nan
nan
nan
3.790000000000000000e+02
nan
nan
nan
9.840000000000000000e+02
nan
nan
nan
nan
1.127200000000000000e+04
3.393600000000000000e+04
nan
nan
nan
nan
nan
nan
nan
1.140000000000000000e+04
nan
nan
nan
nan
nan
nan
nan
nan
nan
nan
2.236000000000000000e+03
nan
1.576000000000000000e+03
nan
nan
1.285000000000000000e+03
nan
nan
nan
1.841000000000000000e+03
nan
nan
7.080000000000000000e+02
2.295600000000000000e+04
4.960000000000000000e+02
4.289000000000000000e+03
nan
2.417400000000000000e+04
nan
3.296500000000000000e+04
1.965100000000000000e+04
nan
nan
2.112000000000000000e+03
nan
nan
6.800000000000000000e+01
nan
4.010000000000000000e+02
5.797700000000000000e+04
1.380400000000000000e+04
nan
2.607000000000000000e+03
4.388000000000000000e+03
nan
1.731000000000000000e+04
nan
7.889000000000000000e+03
1.386000000000000000e+04
nan
2.200000000000000000e+01
2.396700000000000000e+04
nan
nan
nan
nan
2.182000000000000000e+03
9.081000000000000000e+03
3.249000000000000000e+03
nan
2.502000000000000000e+03
nan
4.318000000000000000e+03
nan
nan
nan
1.225200000000000000e+04
nan
3.550000000000000000e+02
nan
nan
nan
nan
nan
nan
nan
nan
nan
2.018800000000000000e+04
1.400000000000000000e+03
7.776000000000000000e+03
2.258100000000000000e+04
8.960000000000000000e+02
nan
nan
nan
8.730000000000000000e+02
nan
9.960000000000000000e+03
nan
4.936000000000000000e+03
nan
nan
nan
2.882000000000000000e+03
3.504000000000000000e+03
5.173000000000000000e+03
nan
nan
5.170000000000000000e+03
5.165000000000000000e+03
4.540000000000000000e+02
5.030000000000000000e+02
nan
nan
nan
2.946800000000000000e+04
1.904900000000000000e+04
nan
nan
nan
1.384000000000000000e+03
5.814000000000000000e+03
nan
nan
2.033000000000000000e+03
nan
nan
nan
nan
nan
nan
nan
nan
nan
nan
1.206000000000000000e+03
nan
9.800000000000000000e+02
nan
nan
nan
2.420000000000000000e+04
6.904000000000000000e+03
nan
nan
nan
2.012000000000000000e+03
2.397900000000000000e+04
nan
nan
nan
nan
nan
nan
nan
3.690500000000000000e+04
nan
nan
4.103000000000000000e+03
nan
8.984000000000000000e+03
nan
nan
nan
4.303700000000000000e+04
nan
nan
1.064000000000000000e+03
nan
nan
nan
nan
nan
nan
nan
3.816000000000000000e+03
nan
2.450000000000000000e+04
nan
nan
nan
nan
nan
nan
nan
3.493700000000000000e+04
8.550000000000000000e+02
1.509000000000000000e+03
nan
1.847900000000000000e+04
nan
1.412300000000000000e+04
nan
nan
8.160000000000000000e+02
nan
4.460000000000000000e+02
9.860000000000000000e+02
nan
nan
nan
8.028000000000000000e+03
nan
8.800000000000000000e+03
nan
nan
4.280000000000000000e+03
nan
nan
nan
nan
nan
nan
nan
nan
4.778000000000000000e+03
nan
nan
nan
nan
6.380000000000000000e+02
nan
nan
nan
nan
nan
9.600000000000000000e+02
nan
nan
nan
nan
nan
nan
nan
1.236900000000000000e+04
nan
nan
nan
3.249000000000000000e+03
8.020000000000000000e+02
nan
nan
nan
4.025000000000000000e+03
nan
nan
nan
nan
nan
nan
3.750000000000000000e+02
nan
1.807000000000000000e+03
nan
nan
9.210000000000000000e+03
3.344000000000000000e+03
6.978000000000000000e+03
1.935000000000000000e+03
nan
7.390000000000000000e+02
nan
nan
nan
nan
nan
3.067000000000000000e+03
nan
1.563000000000000000e+03
nan
1.575000000000000000e+03
nan
nan
2.696200000000000000e+04
nan
2.144000000000000000e+03
nan
nan
nan
nan
4.313200000000000000e+04
1.464000000000000000e+03
1.913000000000000000e+03
nan
7.286000000000000000e+03
1.815000000000000000e+03
3.117000000000000000e+03
nan
nan
nan
nan
nan
7.880000000000000000e+02
nan
7.592000000000000000e+03
nan
nan
nan
nan
1.386000000000000000e+03
nan
nan
2.050000000000000000e+02
nan
nan
9.027000000000000000e+03
nan
nan
5.034000000000000000e+03
6.956000000000000000e+03
3.696000000000000000e+03
1.160000000000000000e+02
nan
1.732000000000000000e+03
nan
nan
nan
1.202000000000000000e+03
2.010000000000000000e+03
nan
1.942500000000000000e+04
1.340400000000000000e+04
nan
1.776000000000000000e+03
nan
nan
2.728000000000000000e+03
nan
nan
nan
nan
nan
4.152000000000000000e+03
nan
nan
nan
2.920000000000000000e+03
2.700000000000000000e+02
1.814200000000000000e+04
1.913000000000000000e+04
nan
1.199000000000000000e+04
nan
nan
nan
nan
1.184000000000000000e+03
nan
nan
nan
nan
nan
nan
3.519000000000000000e+03
nan
4.057000000000000000e+03
nan
1.239000000000000000e+03
nan
1.899400000000000000e+04
nan
nan
nan
nan
1.680000000000000000e+02
nan
1.781300000000000000e+04
nan
nan
1.600000000000000000e+02
3.466000000000000000e+03
nan
nan
nan
3.733000000000000000e+03
nan
nan
1.463100000000000000e+04
nan
nan
nan
1.766000000000000000e+03
nan
8.380000000000000000e+02
nan
nan
nan
3.190000000000000000e+02
3.351000000000000000e+03
2.305000000000000000e+03
nan
nan
1.010900000000000000e+04
nan
1.047000000000000000e+03
nan
nan
2.404300000000000000e+04
nan
3.753600000000000000e+04
2.872000000000000000e+03
nan
nan
nan
nan
2.823000000000000000e+03
9.342000000000000000e+03
3.236800000000000000e+04
1.385800000000000000e+04
1.180000000000000000e+02
nan
3.856000000000000000e+03
nan
nan
nan
nan
nan
nan
9.275000000000000000e+03
1.090000000000000000e+03
nan
nan
nan
nan
2.768000000000000000e+03
1.129000000000000000e+04
1.968000000000000000e+03
1.630000000000000000e+04
nan
3.732000000000000000e+03
nan
nan
nan
nan
2.182400000000000000e+04
5.060000000000000000e+03
nan
6.160000000000000000e+02
nan
3.500500000000000000e+04
9.180000000000000000e+02
nan
7.018000000000000000e+03
nan
nan
nan
1.697000000000000000e+03
nan
nan
6.819000000000000000e+03
nan
nan
nan
nan
nan
nan
3.435000000000000000e+03
nan
nan
1.001700000000000000e+04
nan
nan
nan
3.115000000000000000e+03
nan
nan
nan
2.849000000000000000e+03
nan
nan
nan
nan
nan
nan
5.550000000000000000e+02
nan
1.240000000000000000e+03
4.307000000000000000e+03
nan
nan
9.440000000000000000e+03
7.781000000000000000e+03
nan
6.330000000000000000e+03
nan
8.700000000000000000e+02
nan
1.568400000000000000e+04
nan
nan
nan
nan
1.630000000000000000e+03
nan
nan
nan
nan
nan
nan
nan
nan
2.168000000000000000e+03
nan
nan
6.872000000000000000e+03
nan
nan
nan
1.295300000000000000e+04
nan
2.120000000000000000e+02
3.784000000000000000e+04
5.718000000000000000e+04
nan
nan
2.190600000000000000e+04
nan
nan
nan
nan
4.757000000000000000e+03
nan
8.664000000000000000e+03
nan
8.200000000000000000e+03
nan
nan
5.270000000000000000e+02
1.202300000000000000e+04
3.242900000000000000e+04
3.922000000000000000e+04
nan
nan
nan
nan
nan
nan
8.191100000000000000e+04
2.624000000000000000e+03
nan
nan
nan
nan
1.513000000000000000e+03
nan
1.683600000000000000e+04
nan
1.336300000000000000e+04
nan
nan
2.618000000000000000e+03
4.548000000000000000e+03
nan
nan
1.509500000000000000e+04
nan
7.021000000000000000e+03
nan
nan
nan
nan
nan
9.877000000000000000e+03
nan
nan
2.711000000000000000e+03
1.520100000000000000e+04
nan
nan
nan
nan
nan
nan
nan
nan
nan
1.486700000000000000e+04
nan
nan
2.540000000000000000e+03
nan
nan
nan
nan
nan
4.725000000000000000e+03
nan
8.754000000000000000e+03
5.549300000000000000e+04
nan
9.760000000000000000e+02
7.250000000000000000e+03
nan
1.340400000000000000e+04
nan
nan
2.583300000000000000e+04
1.718000000000000000e+03
nan
2.135000000000000000e+03
nan
1.215000000000000000e+03
nan
1.432000000000000000e+03
nan
nan
1.391700000000000000e+04
nan
nan
3.751000000000000000e+03
5.312000000000000000e+03
nan
nan
nan
2.705000000000000000e+03
nan
nan
1.456000000000000000e+03
nan
nan
nan
6.041000000000000000e+03
nan
1.748000000000000000e+03
nan
nan
nan
nan
1.092000000000000000e+03
nan
nan
1.265000000000000000e+03
nan
nan
1.225000000000000000e+03
4.240000000000000000e+03
nan
2.673000000000000000e+03
nan
nan
2.745500000000000000e+04
1.004000000000000000e+03
nan
nan
nan
4.244700000000000000e+04
nan
1.055000000000000000e+03
nan
nan
nan
nan
nan
nan
nan
4.757000000000000000e+03
nan
1.317700000000000000e+04
nan
nan
nan
9.800000000000000000e+02
nan
nan
nan
1.584000000000000000e+03
nan
nan
nan
nan
nan
nan
1.203400000000000000e+04
nan
nan
7.780000000000000000e+02
nan
nan
nan
nan
nan
nan
9.600000000000000000e+01
nan
nan
nan
nan
nan
nan
nan
nan
nan
nan
nan
nan
nan
nan
6.320000000000000000e+02
nan
nan
nan
1.560000000000000000e+02
nan
nan
nan
2.393600000000000000e+04
1.192500000000000000e+04
7.072000000000000000e+03
nan
nan
3.200000000000000000e+02
2.547000000000000000e+03
nan
nan
2.546000000000000000e+03
nan
nan
2.411700000000000000e+04
nan
nan
3.292200000000000000e+04
3.944000000000000000e+03
nan
3.086000000000000000e+03
nan
nan
nan
nan
nan
nan
nan
nan
nan
nan
1.014500000000000000e+04
nan
nan
nan
nan
nan
nan
nan
nan
nan
nan
nan
2.959700000000000000e+04
nan
7.850000000000000000e+03
nan
2.874000000000000000e+03
4.676000000000000000e+03
5.734000000000000000e+03
nan
nan
nan
3.443000000000000000e+03
nan
4.640000000000000000e+02
nan
nan
nan
nan
nan
nan
7.580000000000000000e+02
nan
4.480000000000000000e+02
nan
nan
1.420000000000000000e+03
nan
4.347000000000000000e+03
nan
1.553200000000000000e+04
nan
nan
nan
6.760000000000000000e+02
nan
nan
6.302000000000000000e+03
nan
nan
nan
nan
nan
9.742000000000000000e+03
2.474400000000000000e+04
4.967000000000000000e+04
5.291000000000000000e+03
nan
nan
9.968000000000000000e+03
nan
nan
nan
nan
nan
3.680000000000000000e+02
nan
nan
nan
6.784000000000000000e+03
nan
nan
3.488000000000000000e+03
nan
nan
2.927000000000000000e+03
nan
nan
nan
nan
6.810000000000000000e+03
8.941000000000000000e+03
9.560000000000000000e+03
nan
nan
nan
nan
2.305000000000000000e+03
nan
nan
nan
nan
nan
nan
nan
nan
1.150000000000000000e+03
nan
7.085000000000000000e+03
nan
1.756000000000000000e+03
nan
nan
nan
nan
nan
nan
nan
7.180000000000000000e+02
nan
7.398000000000000000e+03
4.808000000000000000e+03
nan
2.298200000000000000e+04
nan
nan
nan
nan
nan
2.865000000000000000e+03
1.042700000000000000e+04
nan
nan
nan
nan
3.048000000000000000e+03
nan
nan
nan
nan
nan
nan
nan
nan
3.554000000000000000e+03
nan
nan
nan
2.172700000000000000e+04
1.315000000000000000e+03
nan
nan
nan
nan
nan
nan
nan
nan
nan
nan
5.825000000000000000e+03
nan
1.656000000000000000e+03
nan
nan
4.370000000000000000e+03
nan
nan
3.757000000000000000e+03
nan
nan
nan
nan
2.041000000000000000e+03
2.356500000000000000e+04
nan
6.118000000000000000e+03
nan
9.682000000000000000e+03
nan
5.633000000000000000e+03
6.934000000000000000e+03
nan
nan
1.996600000000000000e+04
nan
nan
1.010600000000000000e+04
nan
nan
nan
nan
nan
7.240000000000000000e+02
1.153000000000000000e+03
nan
6.640000000000000000e+02
5.140000000000000000e+02
1.294000000000000000e+04
2.942500000000000000e+04
nan
nan
nan
nan
nan
2.480000000000000000e+02
8.050000000000000000e+02
7.840000000000000000e+02
1.507000000000000000e+04
nan
3.910000000000000000e+03
nan
nan
nan
nan
nan
1.745000000000000000e+03
8.800000000000000000e+01
1.653400000000000000e+04
nan
nan
nan
nan
1.525000000000000000e+03
nan
nan
nan
nan
nan
4.480000000000000000e+03
nan
nan
nan
nan
1.396900000000000000e+04
7.343000000000000000e+03
nan
nan
nan
3.199500000000000000e+04
2.529400000000000000e+04
1.288000000000000000e+03
2.104000000000000000e+03
nan
3.502000000000000000e+03
4.164000000000000000e+03
nan
nan
2.056000000000000000e+03
nan
nan
nan
nan
nan
6.121800000000000000e+04
nan
nan
nan
1.549100000000000000e+04
nan
nan
2.762400000000000000e+04
nan
nan
nan
nan
1.085000000000000000e+04
1.943300000000000000e+04
nan
nan
6.470000000000000000e+03
nan
nan
2.789000000000000000e+03
nan
nan
nan
nan
nan
nan
3.777000000000000000e+03
nan
2.400000000000000000e+02
1.936000000000000000e+03
nan
nan
nan
nan
1.573200000000000000e+04
nan
nan
4.200000000000000000e+03
nan
2.178000000000000000e+03
4.312000000000000000e+03
nan
2.394000000000000000e+03
nan
nan
nan
nan
1.741000000000000000e+03
nan
nan
3.032000000000000000e+03
nan
nan
8.694000000000000000e+03
nan
4.841100000000000000e+04
nan
nan
nan
1.786000000000000000e+03
1.397400000000000000e+04
nan
5.786000000000000000e+03
1.832000000000000000e+04
1.528000000000000000e+03
4.600000000000000000e+01
nan
nan
4.400000000000000000e+01
nan
nan
nan
nan
nan
2.178500000000000000e+04
nan
nan
nan
nan
nan
nan
nan
nan
1.680000000000000000e+03
nan
1.520000000000000000e+03
nan
1.395200000000000000e+04
nan
nan
nan
nan
1.876000000000000000e+03
5.200000000000000000e+02
nan
nan
7.326000000000000000e+03
nan
nan
nan
nan
nan
nan
nan
nan
1.139400000000000000e+04
3.327000000000000000e+03
5.920000000000000000e+03
1.282000000000000000e+03
nan
nan
nan
3.840000000000000000e+02
1.410000000000000000e+02
nan
nan
nan
nan
nan
2.756000000000000000e+03
8.380000000000000000e+02
3.718900000000000000e+04
1.011200000000000000e+04
nan
nan
8.613000000000000000e+03
1.384000000000000000e+03
nan
nan
nan
nan
nan
2.383000000000000000e+03
nan
nan
8.478100000000000000e+04
2.739500000000000000e+04
nan
nan
nan
nan
nan
2.744000000000000000e+03
nan
nan
1.724000000000000000e+03
nan
1.032100000000000000e+04
nan
1.206500000000000000e+04
nan
nan
nan
1.740000000000000000e+03
1.411000000000000000e+03
9.708700000000000000e+04
nan
3.135000000000000000e+03
nan
nan
nan
nan
5.933000000000000000e+03
nan
nan
nan
nan
5.993000000000000000e+03
nan
nan
1.089500000000000000e+04
5.167000000000000000e+03
nan
nan
1.718000000000000000e+03
nan
1.218000000000000000e+03
nan
nan
nan
1.432000000000000000e+03
6.990000000000000000e+02
nan
nan
nan
nan
nan
nan
4.220000000000000000e+02
nan
nan
nan
nan
nan
1.564300000000000000e+04
nan
nan
nan
nan
nan
nan
nan
nan
nan
nan
nan
nan
nan
nan
nan
nan
nan
nan
nan
nan
nan
nan
nan
nan
2.968000000000000000e+03
nan
nan
nan
nan
nan
1.977000000000000000e+03
nan
nan
nan
6.000000000000000000e+01
nan
1.451600000000000000e+04
6.053000000000000000e+03
nan
9.442000000000000000e+03
nan
nan
1.397000000000000000e+03
5.190000000000000000e+02
nan
8.376000000000000000e+03
nan
nan
7.290000000000000000e+03
nan
1.920000000000000000e+03
nan
1.285600000000000000e+04
nan
7.803000000000000000e+03
nan
1.713100000000000000e+04
nan
nan
1.380000000000000000e+02
nan
nan
nan
4.166300000000000000e+04
nan
nan
nan
nan
5.096000000000000000e+03
4.400000000000000000e+01
nan
nan
nan
7.137000000000000000e+04
nan
8.080000000000000000e+02
6.847200000000000000e+04
nan
nan
2.227300000000000000e+04
4.249700000000000000e+04
nan
1.523000000000000000e+03
nan
nan
nan
nan
nan
nan
6.330000000000000000e+02
1.284000000000000000e+04
nan
6.331000000000000000e+03
nan
9.750000000000000000e+02
nan
nan
5.010000000000000000e+02
nan
2.701600000000000000e+04
5.140000000000000000e+03
nan
nan
nan
nan
nan
nan
1.288000000000000000e+03
nan
nan
nan
nan
nan
nan
nan
nan
9.292000000000000000e+03
nan
nan
nan
nan
nan
nan
1.020800000000000000e+04
nan
nan
2.903000000000000000e+03
1.855000000000000000e+03
nan
nan
nan
nan
nan
nan
nan
nan
5.224000000000000000e+03
nan
nan
3.461000000000000000e+03
nan
nan
9.075000000000000000e+03
8.498800000000000000e+04
nan
nan
nan
nan
4.461000000000000000e+03
3.458000000000000000e+03
7.140000000000000000e+02
nan
nan
nan
nan
nan
nan
2.463500000000000000e+04
4.049000000000000000e+04
nan
6.116000000000000000e+03
nan
nan
1.500000000000000000e+01
nan
1.885800000000000000e+04
6.697000000000000000e+03
nan
1.874100000000000000e+04
nan
nan
nan
nan
nan
1.403600000000000000e+04
nan
nan
nan
nan
nan
nan
nan
nan
nan
1.767000000000000000e+03
nan
nan
nan
1.282600000000000000e+04
nan
3.620000000000000000e+03
nan
nan
nan
nan
nan
nan
nan
2.426000000000000000e+03
nan
6.810000000000000000e+03
5.336000000000000000e+03
nan
nan
2.712700000000000000e+04
nan
1.330000000000000000e+03
1.135000000000000000e+03
nan
9.195000000000000000e+03
nan
nan
nan
nan
6.822000000000000000e+03
nan
nan
nan
7.600000000000000000e+01
1.831000000000000000e+03
7.350000000000000000e+02
nan
nan
nan
nan
2.920000000000000000e+02
2.640000000000000000e+03
1.411600000000000000e+04
1.420000000000000000e+03
nan
nan
6.901700000000000000e+04
nan
3.101000000000000000e+03
3.258000000000000000e+03
2.165000000000000000e+03
nan
nan
nan
5.330000000000000000e+02
nan
9.184000000000000000e+03
nan
nan
nan
nan
nan
7.560000000000000000e+02
nan
nan
nan
6.045000000000000000e+03
nan
2.859100000000000000e+04
1.476600000000000000e+04
nan
nan
nan
2.433000000000000000e+03
1.219400000000000000e+04
3.249000000000000000e+03
2.183000000000000000e+03
5.976000000000000000e+03
nan
nan
nan
2.107000000000000000e+03
nan
nan
nan
nan
nan
nan
nan
nan
nan
1.312500000000000000e+04
nan
nan
nan
nan
7.440000000000000000e+02
nan
1.380000000000000000e+03
nan
4.974000000000000000e+03
nan
1.208470000000000000e+05
1.830000000000000000e+02
nan
nan
6.072000000000000000e+03
nan
nan
nan
2.800000000000000000e+03
nan
nan
1.190000000000000000e+03
nan
nan
nan
nan
3.067000000000000000e+03
nan
nan
nan
nan
nan
nan
5.618000000000000000e+03
1.815700000000000000e+04
nan
nan
nan
nan
1.722100000000000000e+04
7.962000000000000000e+03
nan
nan
nan
nan
2.251000000000000000e+03
nan
nan
nan
1.112000000000000000e+04
nan
nan
1.554800000000000000e+04
nan
2.168000000000000000e+03
4.024000000000000000e+03
4.587000000000000000e+03
nan
5.343000000000000000e+03
3.423700000000000000e+04
nan
nan
nan
1.801300000000000000e+04
nan
nan
nan
nan
nan
nan
nan
8.440000000000000000e+02
nan
4.488000000000000000e+03
nan
nan
nan
8.230000000000000000e+03
4.041000000000000000e+03
nan
nan
nan
nan
nan
nan
nan
nan
nan
nan
nan
nan
nan
nan
nan
nan
2.610700000000000000e+04
6.530000000000000000e+02
nan
nan
3.017000000000000000e+03
nan
3.270000000000000000e+02
1.997000000000000000e+03
nan
nan
nan
nan
7.498000000000000000e+03
1.406000000000000000e+03
nan
nan
nan
nan
nan
nan
nan
4.609000000000000000e+03
nan
nan
6.841000000000000000e+03
6.502000000000000000e+03
nan
nan
nan
5.670000000000000000e+02
nan
nan
2.524000000000000000e+03
nan
2.000000000000000000e+00
1.024000000000000000e+03
nan
1.632000000000000000e+03
nan
7.700000000000000000e+02
1.728000000000000000e+03
nan
4.826000000000000000e+03
nan
nan
nan
nan
nan
nan
3.740000000000000000e+03
nan
1.049900000000000000e+04
9.368000000000000000e+03
nan
6.970000000000000000e+03
5.842000000000000000e+03
nan
nan
1.810500000000000000e+04
nan
2.384000000000000000e+03
nan
nan
nan
nan
nan
2.687000000000000000e+03
nan
nan
1.750000000000000000e+02
nan
nan
1.940000000000000000e+02
nan
nan
nan
nan
1.542900000000000000e+04
nan
4.520000000000000000e+03
1.522700000000000000e+04
nan
nan
1.748600000000000000e+04
2.568000000000000000e+03
nan
2.432000000000000000e+03
nan
8.696000000000000000e+03
4.591000000000000000e+03
nan
nan
nan
7.510600000000000000e+04
nan
nan
nan
4.877000000000000000e+03
5.592400000000000000e+04
nan
nan
nan
9.670000000000000000e+03
1.224000000000000000e+03
4.712000000000000000e+03
nan
nan
nan
nan
nan
nan
nan
4.411600000000000000e+04
nan
1.347800000000000000e+04
nan
nan
4.470000000000000000e+02
6.099000000000000000e+03
nan
7.760000000000000000e+03
1.619600000000000000e+04
nan
1.463100000000000000e+04
nan
2.370000000000000000e+03
nan
1.360000000000000000e+02
1.712000000000000000e+03
1.835000000000000000e+03
nan
6.043000000000000000e+03
nan
nan
nan
3.469000000000000000e+03
nan
nan
3.167000000000000000e+03
6.957000000000000000e+03
1.719800000000000000e+04
3.511000000000000000e+03
3.060000000000000000e+03
nan
2.488300000000000000e+04
3.452000000000000000e+03
nan
nan
nan
nan
2.156500000000000000e+04
nan
8.900000000000000000e+01
nan
nan
nan
nan
7.520000000000000000e+02
nan
nan
nan
1.922000000000000000e+03
2.127000000000000000e+03
nan
nan
nan
nan
1.865000000000000000e+03
7.908000000000000000e+04
1.565200000000000000e+04
2.778200000000000000e+04
nan
nan
3.119500000000000000e+04
nan
nan
nan
4.040000000000000000e+03
nan
nan
6.913000000000000000e+03
1.070800000000000000e+04
3.760000000000000000e+02
nan
nan
4.907000000000000000e+03
nan
nan
nan
nan
nan
9.180000000000000000e+02
1.670000000000000000e+03
7.111000000000000000e+03
nan
nan
nan
5.092000000000000000e+03
3.339900000000000000e+04
2.200000000000000000e+03
7.797000000000000000e+03
nan
nan
nan
nan
1.236000000000000000e+04
nan
2.938000000000000000e+03
nan
nan
nan
nan
nan
nan
1.414000000000000000e+03
nan
1.231040000000000000e+05
nan
4.665000000000000000e+03
6.932000000000000000e+03
nan
nan
nan
1.040300000000000000e+04
1.675000000000000000e+03
nan
nan
nan
nan
9.499000000000000000e+03
nan
nan
1.480000000000000000e+03
nan
nan
nan
nan
nan
nan
nan
3.152000000000000000e+03
nan
nan
3.680000000000000000e+02
2.738400000000000000e+04
nan
nan
nan
1.929000000000000000e+03
nan
1.064500000000000000e+04
8.963000000000000000e+03
nan
nan
8.710000000000000000e+02
3.179900000000000000e+04
nan
2.048000000000000000e+03
1.954900000000000000e+04
nan
3.315000000000000000e+03
nan
nan
2.134900000000000000e+04
nan
7.060000000000000000e+02
nan
6.015000000000000000e+03
3.857000000000000000e+03
nan
nan
nan
nan
1.528000000000000000e+03
nan
nan
nan
5.408000000000000000e+03
nan
nan
nan
nan
6.014800000000000000e+04
nan
nan
1.132300000000000000e+04
nan
1.148000000000000000e+03
nan
nan
nan
nan
nan
2.199400000000000000e+04
5.726000000000000000e+03
4.140000000000000000e+02
nan
nan
nan
3.482000000000000000e+03
nan
1.803300000000000000e+04
nan
nan
7.487000000000000000e+03
1.530000000000000000e+03
5.666000000000000000e+03
nan
nan
nan
nan
nan
nan
4.484000000000000000e+03
nan
6.275000000000000000e+03
nan
3.504000000000000000e+03
3.883000000000000000e+03
nan
nan
8.720000000000000000e+02
1.174100000000000000e+04
nan
nan
4.388000000000000000e+03
3.073000000000000000e+03
nan
1.754000000000000000e+03
nan
nan
nan
1.248700000000000000e+04
6.207000000000000000e+03
nan
3.442000000000000000e+03
7.074000000000000000e+03
nan
1.346900000000000000e+04
nan
nan
nan
8.770000000000000000e+02
4.216000000000000000e+03
nan
nan
nan
nan
2.400000000000000000e+01
nan
nan
4.900000000000000000e+02
1.798000000000000000e+03
nan
nan
2.069000000000000000e+03
8.740000000000000000e+02
nan
nan
2.015000000000000000e+03
1.780000000000000000e+03
8.138900000000000000e+04
nan
nan
1.746000000000000000e+03
nan
nan
nan
3.930000000000000000e+02
nan
1.786000000000000000e+03
nan
nan
2.472800000000000000e+04
nan
nan
nan
4.680000000000000000e+03
5.168200000000000000e+04
1.429000000000000000e+03
nan
8.853000000000000000e+03
nan
nan
1.832000000000000000e+03
nan
1.008000000000000000e+03
6.640000000000000000e+02
5.250000000000000000e+03
nan
nan
1.196000000000000000e+03
nan
nan
nan
1.917200000000000000e+04
nan
nan
nan
4.157200000000000000e+04
3.057000000000000000e+03
1.934900000000000000e+04
nan
1.268000000000000000e+03
9.211000000000000000e+03
3.544000000000000000e+03
nan
2.004100000000000000e+04
1.985000000000000000e+03
1.868000000000000000e+03
nan
nan
nan
nan
nan
3.835000000000000000e+03
nan
nan
9.360000000000000000e+02
nan
3.463000000000000000e+03
nan
1.638900000000000000e+04
nan
2.856000000000000000e+03
nan
3.764000000000000000e+03
nan
nan
nan
nan
nan
nan
nan
4.480000000000000000e+02
nan
nan
nan
2.049000000000000000e+03
nan
nan
2.498300000000000000e+04
1.064800000000000000e+04
nan
1.111300000000000000e+04
nan
nan
nan
nan
nan
nan
nan
nan
4.275900000000000000e+04
5.670100000000000000e+04
1.344700000000000000e+04
nan
5.103000000000000000e+03
nan
nan
nan
1.447000000000000000e+03
nan
nan
nan
nan
nan
nan
1.803100000000000000e+04
nan
8.108000000000000000e+03
nan
nan
5.652000000000000000e+03
nan
nan
nan
1.528000000000000000e+03
nan
nan
nan
nan
1.835000000000000000e+03
5.376000000000000000e+03
5.112000000000000000e+03
nan
2.492000000000000000e+03
nan
nan
1.663000000000000000e+03
nan
nan
nan
nan
nan
nan
nan
nan
nan
nan
nan
nan
nan
nan
1.088000000000000000e+03
7.600000000000000000e+01
nan
nan
3.432000000000000000e+03
nan
nan
nan
nan
3.087000000000000000e+03
nan
4.974000000000000000e+03
nan
nan
nan
2.016300000000000000e+04
nan
nan
nan
nan
1.736000000000000000e+03
nan
nan
nan
nan
9.980000000000000000e+03
7.280000000000000000e+03
6.972000000000000000e+03
nan
nan
nan
nan
nan
3.534000000000000000e+03
7.474000000000000000e+03
nan
3.414000000000000000e+03
nan
nan
4.380000000000000000e+03
2.161500000000000000e+04
nan
nan
nan
nan
1.213000000000000000e+04
6.396000000000000000e+03
nan
nan
nan
nan
nan
nan
nan
5.620000000000000000e+03
8.050000000000000000e+02
nan
nan
1.613850000000000000e+05
nan
1.505000000000000000e+03
7.080000000000000000e+02
nan
nan
nan
nan
nan
7.920000000000000000e+02
1.078000000000000000e+03
nan
nan
nan
3.226000000000000000e+03
3.833000000000000000e+03
nan
nan
nan
nan
nan
nan
nan
nan
1.249200000000000000e+04
nan
nan
3.000000000000000000e+03
nan
9.603600000000000000e+04
1.024000000000000000e+03
nan
nan
nan
nan
nan
nan
nan
nan
nan
nan
nan
nan
nan
nan
nan
nan
nan
nan
nan
nan
nan
3.560000000000000000e+02
2.023000000000000000e+03
6.743000000000000000e+03
nan
6.081000000000000000e+03
9.410000000000000000e+02
nan
nan
nan
nan
nan
6.350000000000000000e+02
1.239000000000000000e+03
9.812000000000000000e+03
nan
nan
nan
9.536000000000000000e+03
nan
nan
nan
nan
nan
nan
1.461800000000000000e+04
nan
nan
nan
nan
nan
4.772000000000000000e+03
nan
1.055000000000000000e+03
nan
nan
3.509000000000000000e+03
nan
nan
7.600000000000000000e+01
1.432000000000000000e+03
nan
nan
nan
1.671500000000000000e+04
nan
nan
3.495000000000000000e+03
nan
nan
nan
7.358000000000000000e+03
nan
nan
5.905000000000000000e+03
nan
nan
1.711000000000000000e+03
nan
9.760000000000000000e+02
4.691000000000000000e+03
2.144000000000000000e+03
nan
nan
nan
nan
nan
nan
nan
nan
nan
5.260000000000000000e+02
5.166000000000000000e+03
1.222200000000000000e+04
nan
nan
nan
2.769000000000000000e+03
nan
1.754000000000000000e+03
nan
nan
nan
nan
2.500700000000000000e+04
3.561000000000000000e+03
nan
nan
nan
nan
1.625000000000000000e+03
nan
nan
nan
nan
nan
nan
nan
nan
nan
nan
5.319000000000000000e+03
nan
nan
nan
nan
nan
4.998000000000000000e+03
9.440000000000000000e+02
nan
nan
nan
1.754000000000000000e+03
nan
nan
nan
nan
8.460000000000000000e+02
nan
2.054000000000000000e+03
5.250000000000000000e+03
nan
nan
nan
nan
1.419800000000000000e+04
nan
nan
nan
nan
1.614000000000000000e+03
nan
2.204000000000000000e+03
nan
nan
nan
8.650000000000000000e+02
nan
1.245000000000000000e+03
nan
nan
1.223600000000000000e+04
4.560000000000000000e+02
2.106000000000000000e+03
nan
nan
nan
nan
nan
2.436000000000000000e+03
nan
nan
nan
nan
nan
4.680000000000000000e+03
nan
nan
nan
nan
nan
nan
nan
nan
nan
3.227000000000000000e+03
nan
1.006000000000000000e+04
2.536000000000000000e+03
nan
8.740000000000000000e+02
1.451600000000000000e+04
nan
nan
nan
nan
1.760000000000000000e+03
nan
nan
3.968000000000000000e+03
1.691700000000000000e+04
nan
4.938000000000000000e+03
nan
nan
nan
nan
1.499300000000000000e+04
nan
nan
nan
nan
nan
nan
nan
nan
nan
nan
1.330000000000000000e+03
nan
nan
nan
nan
nan
4.539600000000000000e+04
3.329000000000000000e+03
nan
3.017000000000000000e+03
2.674900000000000000e+04
nan
nan
4.853000000000000000e+03
nan
nan
nan
nan
nan
nan
nan
1.160000000000000000e+02
nan
nan
nan
1.197400000000000000e+04
nan
1.427500000000000000e+04
nan
nan
nan
nan
nan
nan
nan
nan
1.403000000000000000e+03
nan
nan
4.259000000000000000e+03
nan
1.150000000000000000e+03
nan
nan
nan
nan
nan
nan
nan
nan
2.912000000000000000e+03
3.036000000000000000e+03
9.000000000000000000e+02
nan
3.564000000000000000e+03
nan
nan
nan
4.110000000000000000e+02
nan
nan
nan
nan
5.910000000000000000e+03
nan
nan
1.556000000000000000e+03
nan
nan
nan
1.080100000000000000e+04
nan
nan
nan
1.506000000000000000e+03
nan
nan
nan
nan
1.656100000000000000e+04
nan
nan
5.980000000000000000e+02
nan
1.672000000000000000e+03
nan
nan
nan
nan
nan
nan
nan
nan
nan
nan
nan
3.079000000000000000e+03
3.377000000000000000e+03
nan
nan
nan
nan
nan
nan
4.960000000000000000e+02
nan
nan
6.239000000000000000e+03
nan
nan
nan
nan
5.521000000000000000e+03
nan
nan
nan
7.932000000000000000e+03
1.097200000000000000e+04
2.586000000000000000e+03
nan
7.978000000000000000e+03
nan
nan
nan
nan
nan
4.731000000000000000e+03
8.120000000000000000e+02
nan
nan
nan
nan
nan
nan
nan
4.060000000000000000e+03
nan
3.491000000000000000e+03
nan
nan
2.206000000000000000e+03
nan
9.240000000000000000e+02
3.692700000000000000e+04
9.190000000000000000e+02
1.032100000000000000e+04
6.030000000000000000e+02
2.400000000000000000e+02
nan
7.141000000000000000e+03
1.670200000000000000e+04
nan
nan
nan
nan
6.530000000000000000e+02
nan
nan
nan
nan
nan
nan
nan
2.115000000000000000e+03
nan
nan
nan
nan
nan
nan
nan
nan
5.929000000000000000e+03
nan
4.948000000000000000e+03
nan
1.044200000000000000e+04
nan
nan
nan
nan
nan
nan
nan
nan
5.192000000000000000e+03
5.611000000000000000e+03
nan
nan
nan
nan
9.021000000000000000e+03
nan
nan
5.880000000000000000e+03
1.852000000000000000e+03
nan
nan
2.964000000000000000e+03
nan
nan
6.120100000000000000e+04
nan
nan
5.617000000000000000e+03
9.506000000000000000e+03
nan
nan
nan
8.790000000000000000e+02
4.700000000000000000e+03
nan
1.765200000000000000e+04
1.282000000000000000e+03
nan
nan
nan
nan
4.061000000000000000e+03
7.600000000000000000e+02
nan
nan
nan
nan
nan
8.730000000000000000e+02
nan
7.629300000000000000e+04
nan
2.070800000000000000e+04
nan
nan
1.113700000000000000e+04
1.768000000000000000e+03
1.105300000000000000e+04
nan
3.629000000000000000e+03
nan
9.013000000000000000e+03
9.650000000000000000e+03
nan
nan
nan
nan
8.068000000000000000e+03
2.279000000000000000e+03
1.276700000000000000e+04
1.946800000000000000e+04
1.470800000000000000e+04
2.806900000000000000e+04
nan
nan
4.599000000000000000e+03
7.488000000000000000e+03
5.175000000000000000e+03
nan
nan
nan
nan
nan
5.694000000000000000e+03
nan
1.076200000000000000e+04
nan
nan
6.490000000000000000e+02
nan
nan
nan
3.357000000000000000e+03
3.083000000000000000e+03
4.980000000000000000e+03
2.921000000000000000e+03
nan
1.756000000000000000e+03
3.356000000000000000e+03
nan
2.225000000000000000e+03
nan
nan
nan
9.541000000000000000e+03
nan
nan
nan
1.090200000000000000e+04
nan
nan
nan
1.603000000000000000e+03
nan
3.905700000000000000e+04
nan
nan
nan
nan
nan
5.025000000000000000e+03
nan
nan
nan
1.288000000000000000e+03
nan
nan
2.719000000000000000e+03
nan
nan
nan
1.171200000000000000e+04
1.982000000000000000e+03
2.864000000000000000e+03
6.275000000000000000e+03
nan
nan
1.456100000000000000e+04
nan
5.768000000000000000e+03
nan
9.303000000000000000e+03
nan
4.275000000000000000e+03
nan
nan
nan
nan
nan
nan
nan
2.750500000000000000e+04
5.609000000000000000e+03
nan
1.395000000000000000e+03
5.580000000000000000e+03
nan
7.680000000000000000e+02
1.487200000000000000e+04
2.900000000000000000e+01
1.410100000000000000e+04
nan
1.391000000000000000e+03
nan
1.130800000000000000e+04
nan
nan
nan
nan
nan
nan
1.932000000000000000e+03
2.936000000000000000e+03
3.551000000000000000e+03
nan
nan
nan
nan
4.142000000000000000e+03
nan
5.199000000000000000e+03
nan
nan
nan
nan
7.099000000000000000e+03
nan
nan
2.918000000000000000e+03
1.778000000000000000e+03
nan
nan
nan
6.970000000000000000e+03
nan
nan
nan
1.300000000000000000e+03
nan
nan
2.552000000000000000e+03
nan
2.774000000000000000e+03
nan
nan
1.074400000000000000e+04
nan
2.594000000000000000e+03
2.398200000000000000e+04
nan
nan
1.335000000000000000e+04
nan
1.863000000000000000e+04
nan
nan
nan
4.540000000000000000e+02
nan
nan
9.560000000000000000e+02
1.758000000000000000e+03
2.867000000000000000e+03
nan
nan
nan
nan
nan
8.730000000000000000e+02
2.400000000000000000e+02
nan
3.368000000000000000e+03
8.829000000000000000e+03
nan
nan
nan
nan
nan
nan
nan
nan
1.008000000000000000e+03
nan
nan
nan
3.335000000000000000e+03
5.500000000000000000e+03
nan
nan
nan
nan
8.999900000000000000e+04
1.793200000000000000e+04
1.425000000000000000e+03
nan
nan
nan
1.670000000000000000e+02
7.255000000000000000e+03
nan
nan
2.555000000000000000e+03
5.226000000000000000e+03
nan
nan
nan
nan
nan
nan
nan
nan
nan
nan
nan
nan
nan
nan
nan
nan
nan
2.348000000000000000e+03
2.969000000000000000e+03
nan
nan
nan
1.936200000000000000e+04
nan
1.259500000000000000e+04
nan
nan
nan
nan
1.184400000000000000e+04
nan
nan
1.504000000000000000e+03
1.281000000000000000e+03
nan
nan
nan
nan
9.504000000000000000e+03
nan
nan
nan
nan
2.648000000000000000e+03
nan
nan
nan
nan
nan
nan
nan
3.510000000000000000e+02
nan
4.305000000000000000e+03
nan
nan
nan
nan
nan
nan
nan
nan
nan
nan
nan
nan
nan
nan
nan
9.292000000000000000e+03
nan
nan
5.237300000000000000e+04
8.064000000000000000e+04
4.218200000000000000e+04
1.623000000000000000e+04
nan
nan
2.584000000000000000e+03
nan
nan
nan
nan
nan
nan
nan
9.673000000000000000e+03
nan
2.382400000000000000e+04
1.503000000000000000e+03
nan
nan
nan
nan
1.395000000000000000e+03
nan
4.407000000000000000e+03
nan
nan
nan
nan
nan
nan
nan
1.155000000000000000e+03
nan
4.410000000000000000e+03
nan
1.908000000000000000e+03
nan
nan
4.374000000000000000e+03
1.744000000000000000e+03
nan
nan
nan
nan
1.032200000000000000e+04
nan
2.983600000000000000e+04
nan
3.553600000000000000e+04
nan
nan
nan
nan
2.952600000000000000e+04
nan
1.920000000000000000e+03
nan
2.372000000000000000e+03
nan
7.022000000000000000e+03
nan
3.541500000000000000e+04
nan
nan
nan
nan
1.070600000000000000e+04
nan
nan
nan
1.115200000000000000e+04
nan
nan
1.245610000000000000e+05
nan
nan
1.020000000000000000e+02
nan
nan
2.198000000000000000e+03
1.920000000000000000e+03
3.240000000000000000e+03
nan
7.782000000000000000e+03
2.664000000000000000e+03
nan
nan
nan
nan
7.108000000000000000e+03
4.824000000000000000e+03
1.085780000000000000e+05
nan
nan
nan
9.600000000000000000e+02
nan
1.560000000000000000e+03
7.520000000000000000e+02
nan
nan
nan
nan
8.111000000000000000e+03
nan
4.808000000000000000e+03
nan
nan
1.345900000000000000e+04
nan
nan
2.840200000000000000e+04
nan
nan
9.680000000000000000e+02
nan
nan
nan
7.026000000000000000e+03
nan
nan
8.880000000000000000e+03
nan
nan
nan
nan
nan
1.205000000000000000e+03
nan
2.239000000000000000e+03
nan
nan
5.722600000000000000e+04
nan
nan
5.072000000000000000e+03
nan
9.869000000000000000e+03
1.323000000000000000e+04
7.541000000000000000e+03
2.484700000000000000e+04
nan
nan
nan
3.096000000000000000e+03
nan
1.340200000000000000e+04
nan
1.109900000000000000e+04
5.772600000000000000e+04
nan
nan
nan
4.616000000000000000e+03
7.585200000000000000e+04
2.269200000000000000e+04
3.244300000000000000e+04
8.711000000000000000e+03
nan
nan
nan
nan
9.198000000000000000e+03
nan
nan
6.320000000000000000e+02
nan
9.194000000000000000e+03
3.412000000000000000e+03
2.712000000000000000e+03
nan
nan
nan
nan
nan
nan
nan
nan
nan
4.026000000000000000e+03
1.186000000000000000e+03
nan
1.776000000000000000e+03
nan
2.209000000000000000e+03
nan
nan
nan
nan
8.560000000000000000e+02
nan
nan
nan
1.512000000000000000e+03
nan
8.168000000000000000e+03
nan
nan
nan
nan
nan
nan
nan
1.150200000000000000e+04
nan
nan
nan
nan
nan
nan
nan
nan
nan
3.134000000000000000e+03
nan
nan
1.084400000000000000e+04
3.120000000000000000e+02
4.793000000000000000e+03
nan
nan
nan
nan
1.191000000000000000e+03
nan
nan
nan
3.600000000000000000e+02
nan
9.960000000000000000e+02
1.000000000000000000e+03
nan
1.808000000000000000e+03
nan
nan
2.360000000000000000e+02
5.049000000000000000e+03
nan
nan
7.800000000000000000e+01
nan
nan
4.086000000000000000e+03
nan
nan
nan
nan
2.120000000000000000e+03
nan
nan
nan
3.420000000000000000e+03
nan
nan
5.034000000000000000e+03
2.308000000000000000e+03
nan
nan
4.534000000000000000e+03
nan
7.760000000000000000e+02
nan
nan
4.000000000000000000e+02
nan
1.165000000000000000e+03
5.736400000000000000e+04
1.908000000000000000e+03
nan
nan
nan
1.680000000000000000e+03
nan
5.980000000000000000e+02
2.154000000000000000e+03
nan
nan
nan
nan
nan
1.225170000000000000e+05
8.303000000000000000e+03
nan
nan
9.136400000000000000e+04
nan
8.808000000000000000e+03
nan
2.455000000000000000e+03
nan
nan
nan
nan
nan
nan
nan
nan
1.356900000000000000e+04
nan
4.944000000000000000e+03
nan
1.069200000000000000e+04
nan
1.712000000000000000e+03
nan
nan
nan
nan
nan
nan
7.786000000000000000e+03
nan
9.328000000000000000e+03
1.916000000000000000e+03
4.614000000000000000e+03
6.920000000000000000e+03
1.124800000000000000e+04
nan
nan
nan
8.990000000000000000e+02
1.304000000000000000e+04
nan
nan
nan
nan
nan
nan
2.410000000000000000e+03
nan
6.055000000000000000e+03
nan
5.104000000000000000e+03
nan
nan
nan
nan
nan
nan
nan
nan
3.781000000000000000e+03
nan
nan
nan
3.329000000000000000e+03
nan
nan
1.710000000000000000e+04
1.410600000000000000e+04
nan
5.936000000000000000e+03
3.264900000000000000e+04
8.400000000000000000e+02
4.753000000000000000e+03
1.781000000000000000e+03
5.180000000000000000e+02
nan
1.664000000000000000e+03
nan
nan
2.650700000000000000e+04
nan
nan
nan
1.130800000000000000e+04
8.000000000000000000e+00
2.000000000000000000e+02
8.637000000000000000e+03
4.816000000000000000e+03
nan
nan
nan
nan
nan
nan
nan
nan
nan
nan
1.475000000000000000e+03
nan
6.589000000000000000e+03
nan
nan
nan
8.284000000000000000e+03
3.249000000000000000e+03
nan
nan
nan
nan
5.088000000000000000e+03
nan
2.228700000000000000e+04
nan
nan
1.217000000000000000e+03
nan
nan
1.343000000000000000e+03
nan
nan
nan
nan
nan
nan
3.249000000000000000e+03
6.610000000000000000e+02
1.608000000000000000e+04
9.200000000000000000e+02
1.656100000000000000e+04
9.943000000000000000e+03
8.434000000000000000e+03
nan
nan
1.997000000000000000e+04
2.669000000000000000e+03
nan
nan
nan
nan
1.110900000000000000e+04
1.086800000000000000e+04
nan
nan
nan
1.659100000000000000e+04
nan
nan
nan
nan
1.148700000000000000e+04
nan
nan
nan
4.512000000000000000e+03
1.224400000000000000e+04
nan
nan
nan
nan
nan
nan
nan
nan
nan
2.250000000000000000e+03
nan
3.237800000000000000e+04
nan
7.845000000000000000e+03
nan
5.680000000000000000e+02
nan
nan
nan
nan
nan
nan
nan
nan
nan
nan
1.148800000000000000e+04
nan
nan
nan
nan
nan
3.592000000000000000e+03
nan
1.470000000000000000e+02
nan
1.368000000000000000e+03
nan
nan
nan
nan
3.333000000000000000e+03
nan
nan
2.312000000000000000e+03
nan
nan
nan
1.623000000000000000e+03
nan
nan
nan
nan
nan
2.384000000000000000e+03
1.346700000000000000e+04
nan
nan
nan
nan
nan
1.749900000000000000e+04
nan
nan
nan
nan
1.340300000000000000e+04
nan
nan
nan
7.380000000000000000e+03
nan
nan
nan
nan
nan
1.734000000000000000e+03
9.617000000000000000e+03
nan
nan
nan
nan
8.236000000000000000e+03
nan
nan
2.526900000000000000e+04
nan
nan
nan
nan
nan
nan
nan
1.229700000000000000e+04
nan
nan
nan
1.024000000000000000e+03
nan
nan
nan
nan
nan
2.929000000000000000e+03
1.691500000000000000e+04
1.024000000000000000e+03
1.391200000000000000e+04
2.350000000000000000e+02
2.200000000000000000e+02
nan
1.117000000000000000e+03
5.168000000000000000e+03
nan
nan
nan
nan
nan
nan
1.778000000000000000e+03
nan
7.312000000000000000e+03
nan
1.776400000000000000e+04
1.486000000000000000e+03
nan
nan
nan
nan
nan
3.328000000000000000e+03
nan
nan
1.615000000000000000e+03
1.640000000000000000e+03
nan
nan
nan
7.235000000000000000e+03
4.582000000000000000e+03
nan
1.368000000000000000e+03
8.590000000000000000e+02
nan
nan
nan
1.366800000000000000e+04
nan
nan
nan
nan
5.568000000000000000e+03
nan
1.064000000000000000e+03
nan
nan
nan
nan
2.007500000000000000e+04
nan
nan
nan
nan
nan
nan
nan
nan
nan
nan
5.787500000000000000e+04
1.647000000000000000e+03
nan
1.413100000000000000e+04
nan
nan
nan
nan
nan
nan
nan
nan
nan
2.703600000000000000e+04
3.241000000000000000e+03
nan
nan
nan
2.741600000000000000e+04
nan
6.471000000000000000e+03
nan
nan
nan
nan
nan
5.605000000000000000e+03
1.520000000000000000e+03
nan
1.712000000000000000e+03
2.634000000000000000e+03
4.690000000000000000e+03
nan
nan
3.590000000000000000e+02
nan
7.760000000000000000e+02
2.531000000000000000e+03
1.536000000000000000e+03
nan
nan
6.980000000000000000e+03
nan
9.050000000000000000e+02
nan
nan
nan
nan
nan
2.400000000000000000e+02
nan
1.122230000000000000e+05
nan
7.120000000000000000e+02
1.380800000000000000e+04
nan
nan
nan
nan
nan
1.997700000000000000e+04
7.564000000000000000e+03
3.288000000000000000e+03
nan
1.108100000000000000e+04
1.295400000000000000e+04
nan
5.738000000000000000e+03
1.186900000000000000e+04
nan
nan
nan
3.392000000000000000e+03
1.613500000000000000e+04
nan
1.157050000000000000e+05
3.185000000000000000e+03
9.440000000000000000e+02
1.657000000000000000e+03
4.037000000000000000e+04
nan
nan
nan
nan
nan
nan
1.812000000000000000e+03
1.377100000000000000e+04
nan
nan
8.679000000000000000e+03
1.415000000000000000e+03
nan
nan
5.940000000000000000e+03
1.009620000000000000e+05
nan
nan
nan
nan
nan
2.100000000000000000e+02
1.387800000000000000e+04
nan
3.910000000000000000e+02
nan
nan
1.706600000000000000e+04
nan
nan
7.834000000000000000e+03
nan
nan
nan
nan
nan
nan
nan
8.249000000000000000e+03
nan
2.517000000000000000e+03
nan
1.620200000000000000e+04
3.118000000000000000e+03
nan
1.686000000000000000e+03
nan
nan
nan
nan
nan
nan
1.410000000000000000e+03
nan
3.590000000000000000e+02
nan
nan
nan
6.785000000000000000e+03
nan
6.050000000000000000e+02
5.380000000000000000e+02
6.229600000000000000e+04
nan
nan
6.487000000000000000e+03
2.673700000000000000e+04
nan
nan
2.440000000000000000e+02
nan
nan
nan
nan
nan
1.800000000000000000e+03
nan
nan
4.906000000000000000e+03
2.915000000000000000e+03
nan
nan
nan
nan
nan
nan
nan
5.784000000000000000e+03
8.709000000000000000e+03
1.298000000000000000e+03
nan
1.958000000000000000e+03
nan
nan
nan
8.404000000000000000e+03
nan
6.720000000000000000e+02
5.522000000000000000e+03
6.344000000000000000e+03
nan
nan
2.560000000000000000e+02
nan
8.480000000000000000e+03
nan
1.087000000000000000e+04
nan
nan
nan
nan
2.672500000000000000e+04
nan
nan
6.229000000000000000e+03
nan
nan
nan
1.672000000000000000e+03
2.300000000000000000e+03
1.384000000000000000e+03
1.611500000000000000e+04
1.416000000000000000e+03
nan
9.006600000000000000e+04
nan
nan
nan
nan
nan
2.582300000000000000e+04
1.720000000000000000e+03
9.000000000000000000e+01
2.436700000000000000e+04
nan
3.775000000000000000e+03
2.026000000000000000e+03
nan
nan
1.800000000000000000e+03
8.580000000000000000e+02
nan
7.722000000000000000e+03
nan
nan
nan
3.678000000000000000e+03
nan
nan
nan
nan
nan
1.105970000000000000e+05
nan
3.613000000000000000e+03
3.308000000000000000e+03
nan
nan
nan
2.252900000000000000e+04
nan
nan
nan
8.485000000000000000e+03
nan
nan
nan
3.112400000000000000e+04
nan
4.956000000000000000e+03
nan
1.760000000000000000e+03
nan
nan
1.213000000000000000e+03
nan
nan
5.180000000000000000e+02
2.200000000000000000e+03
4.215200000000000000e+04
nan
nan
1.860000000000000000e+02
nan
nan
nan
nan
nan
5.464000000000000000e+03
nan
nan
nan
nan
nan
8.022000000000000000e+03
nan
nan
nan
nan
nan
nan
1.564600000000000000e+04
nan
1.242400000000000000e+04
nan
nan
nan
nan
nan
nan
8.718300000000000000e+04
8.835000000000000000e+03
nan
nan
nan
nan
nan
nan
nan
nan
nan
nan
nan
nan
nan
nan
nan
nan
nan
nan
nan
nan
nan
1.551000000000000000e+04
nan
nan
nan
nan
nan
nan
nan
nan
1.454600000000000000e+04
nan
nan
nan
1.215400000000000000e+04
nan
nan
3.574000000000000000e+03
5.550000000000000000e+02
8.246000000000000000e+03
3.838000000000000000e+03
nan
nan
nan
1.915000000000000000e+03
4.898000000000000000e+03
nan
1.776000000000000000e+03
nan
1.646700000000000000e+04
4.361000000000000000e+03
nan
7.386200000000000000e+04
nan
2.760000000000000000e+02
nan
nan
nan
5.160000000000000000e+03
5.816900000000000000e+04
nan
nan
nan
3.503000000000000000e+03
nan
nan
2.820000000000000000e+02
1.584000000000000000e+03
3.519000000000000000e+03
2.353000000000000000e+03
nan
4.358100000000000000e+04
nan
nan
nan
4.112000000000000000e+03
nan
nan
nan
nan
nan
nan
nan
nan
9.760000000000000000e+02
5.986000000000000000e+03
4.630000000000000000e+02
nan
nan
6.040000000000000000e+02
nan
nan
nan
nan
nan
nan
nan
1.680000000000000000e+03
3.172900000000000000e+04
5.001000000000000000e+03
nan
1.964300000000000000e+04
nan
1.181500000000000000e+04
nan
4.193000000000000000e+03
nan
6.040000000000000000e+02
2.631900000000000000e+04
nan
nan
nan
nan
nan
8.351000000000000000e+03
nan
nan
1.632000000000000000e+03
nan
nan
1.618000000000000000e+03
nan
1.972140000000000000e+05
nan
nan
nan
nan
5.623000000000000000e+03
2.694000000000000000e+03
1.144000000000000000e+03
7.460000000000000000e+02
nan
4.152000000000000000e+04
4.348000000000000000e+03
1.664000000000000000e+03
nan
8.620000000000000000e+03
nan
nan
5.440000000000000000e+02
nan
nan
1.075200000000000000e+04
nan
4.633600000000000000e+04
nan
nan
nan
nan
nan
nan
nan
3.006000000000000000e+03
nan
nan
nan
1.810500000000000000e+04
7.200000000000000000e+02
nan
nan
1.816000000000000000e+03
nan
1.670000000000000000e+02
nan
1.415000000000000000e+03
nan
nan
nan
1.798000000000000000e+03
8.450000000000000000e+02
2.180000000000000000e+02
nan
nan
3.791900000000000000e+04
nan
5.125000000000000000e+03
nan
nan
nan
nan
5.431000000000000000e+03
nan
1.464500000000000000e+04
nan
nan
2.580000000000000000e+02
nan
nan
2.488000000000000000e+03
1.288800000000000000e+04
nan
5.904000000000000000e+03
nan
4.384000000000000000e+03
nan
nan
nan
nan
4.036000000000000000e+03
4.720000000000000000e+03
nan
3.376000000000000000e+03
nan
4.479000000000000000e+03
nan
8.418000000000000000e+03
nan
nan
1.756000000000000000e+03
nan
4.816000000000000000e+03
nan
nan
1.690000000000000000e+03
1.748000000000000000e+03
1.620800000000000000e+04
nan
nan
nan
nan
3.515000000000000000e+03
1.537900000000000000e+04
nan
1.416000000000000000e+03
4.666000000000000000e+03
nan
nan
nan
1.133600000000000000e+04
1.600000000000000000e+02
nan
nan
nan
nan
1.894000000000000000e+03
nan
nan
nan
nan
nan
2.000000000000000000e+02
nan
nan
nan
nan
2.480000000000000000e+02
nan
nan
nan
nan
nan
nan
nan
nan
nan
nan
nan
nan
nan
nan
nan
nan
8.670700000000000000e+04
7.240000000000000000e+02
nan
1.760000000000000000e+02
nan
nan
nan
nan
nan
nan
2.688000000000000000e+03
4.828000000000000000e+03
nan
nan
4.640000000000000000e+03
3.100000000000000000e+03
1.092900000000000000e+04
nan
nan
nan
5.392000000000000000e+03
4.160000000000000000e+02
nan
7.652000000000000000e+03
nan
nan
nan
nan
nan
nan
9.520000000000000000e+02
nan
3.303000000000000000e+03
nan
nan
2.712000000000000000e+03
8.120000000000000000e+02
nan
nan
3.634000000000000000e+03
nan
3.459000000000000000e+03
nan
6.123400000000000000e+04
9.432000000000000000e+03
nan
nan
1.341800000000000000e+04
nan
3.649000000000000000e+03
nan
nan
6.318000000000000000e+03
nan
nan
nan
nan
nan
2.822600000000000000e+04
1.189100000000000000e+04
nan
nan
nan
nan
2.918000000000000000e+03
nan
nan
1.720000000000000000e+03
nan
nan
nan
nan
nan
nan
6.570000000000000000e+02
7.315400000000000000e+04
nan
nan
nan
nan
5.100000000000000000e+02
nan
nan
nan
nan
1.796500000000000000e+04
1.394000000000000000e+03
nan
nan
1.911000000000000000e+03
nan
5.162000000000000000e+03
7.509000000000000000e+03
1.123700000000000000e+04
2.999700000000000000e+04
nan
nan
nan
nan
nan
5.020000000000000000e+02
1.703000000000000000e+03
nan
nan
1.600000000000000000e+02
nan
nan
2.925000000000000000e+04
nan
nan
nan
nan
3.609900000000000000e+04
nan
1.715100000000000000e+04
nan
nan
6.178000000000000000e+03
3.448000000000000000e+04
2.471400000000000000e+04
nan
nan
nan
1.721000000000000000e+03
1.812000000000000000e+03
8.220000000000000000e+02
nan
3.398000000000000000e+03
1.205720000000000000e+05
7.930000000000000000e+02
nan
4.994300000000000000e+04
nan
nan
nan
nan
nan
nan
5.920000000000000000e+02
nan
nan
nan
nan
nan
2.280000000000000000e+03
9.270000000000000000e+02
3.101000000000000000e+03
nan
nan
nan
nan
1.473900000000000000e+04
nan
nan
nan
nan
nan
nan
nan
1.854000000000000000e+03
1.552000000000000000e+03
nan
8.605000000000000000e+03
nan
nan
nan
nan
3.554000000000000000e+03
2.326000000000000000e+03
3.360000000000000000e+02
nan
nan
nan
3.328000000000000000e+03
nan
nan
nan
nan
3.180000000000000000e+02
nan
nan
nan
nan
nan
5.192000000000000000e+03
nan
nan
nan
1.159400000000000000e+04
nan
1.074370000000000000e+05
nan
1.376600000000000000e+04
nan
2.799600000000000000e+04
nan
2.029400000000000000e+04
nan
5.850000000000000000e+02
nan
4.511000000000000000e+03
1.765000000000000000e+03
nan
nan
nan
1.632000000000000000e+03
7.324000000000000000e+03
1.168900000000000000e+04
nan
nan
nan
5.100000000000000000e+02
5.200000000000000000e+01
nan
1.774000000000000000e+03
1.476100000000000000e+04
nan
3.218000000000000000e+03
6.342000000000000000e+03
3.670000000000000000e+02
nan
3.324000000000000000e+03
3.862800000000000000e+04
nan
nan
2.555000000000000000e+03
nan
nan
1.380200000000000000e+04
nan
nan
1.709000000000000000e+03
1.174900000000000000e+04
1.276000000000000000e+03
nan
nan
nan
nan
nan
nan
1.527000000000000000e+03
nan
nan
3.307800000000000000e+04
nan
3.600000000000000000e+03
7.797000000000000000e+03
7.217000000000000000e+03
nan
5.075000000000000000e+03
nan
8.284000000000000000e+03
3.479000000000000000e+03
nan
nan
1.715000000000000000e+03
9.320000000000000000e+02
nan
1.560000000000000000e+03
nan
nan
2.450000000000000000e+02
nan
nan
1.573000000000000000e+03
nan
nan
nan
nan
nan
2.146800000000000000e+04
nan
nan
nan
nan
nan
nan
nan
1.762000000000000000e+03
nan
nan
nan
nan
nan
nan
nan
nan
6.748000000000000000e+03
nan
2.509000000000000000e+03
nan
1.466500000000000000e+04
nan
nan
nan
nan
nan
4.176000000000000000e+03
nan
nan
4.545000000000000000e+03
nan
nan
nan
nan
nan
nan
nan
nan
1.758000000000000000e+03
nan
nan
nan
nan
2.452000000000000000e+03
nan
nan
nan
nan
nan
1.224000000000000000e+03
nan
nan
nan
3.058000000000000000e+03
nan
6.475000000000000000e+03
1.232000000000000000e+03
nan
nan
4.400000000000000000e+02
nan
nan
nan
nan
2.064000000000000000e+03
8.284000000000000000e+03
nan
1.401000000000000000e+03
nan
nan
1.769000000000000000e+04
nan
nan
1.215800000000000000e+04
1.224000000000000000e+03
nan
nan
6.645000000000000000e+03
nan
1.108090000000000000e+05
1.523000000000000000e+03
nan
7.644000000000000000e+03
nan
nan
nan
nan
nan
2.231800000000000000e+04
3.462000000000000000e+03
nan
nan
1.580000000000000000e+02
nan
9.610000000000000000e+02
nan
nan
1.350000000000000000e+04
nan
nan
nan
4.582000000000000000e+03
nan
nan
nan
nan
2.841000000000000000e+03
nan
nan
nan
nan
nan
1.808000000000000000e+03
4.459300000000000000e+04
nan
nan
nan
nan
8.830000000000000000e+02
nan
nan
2.125000000000000000e+03
nan
nan
nan
1.605000000000000000e+03
nan
nan
nan
nan
nan
nan
1.536000000000000000e+03
nan
nan
nan
nan
1.079000000000000000e+03
6.527900000000000000e+04
nan
nan
nan
nan
nan
nan
nan
7.088800000000000000e+04
nan
4.512000000000000000e+03
1.512300000000000000e+04
nan
nan
nan
1.713200000000000000e+04
8.048000000000000000e+03
6.490100000000000000e+04
nan
5.588000000000000000e+03
nan
nan
nan
nan
nan
4.276000000000000000e+03
1.511000000000000000e+03
nan
6.161000000000000000e+03
1.438200000000000000e+04
nan
nan
nan
2.078200000000000000e+04
3.033700000000000000e+04
nan
nan
nan
nan
1.240000000000000000e+03
6.400000000000000000e+02
1.690000000000000000e+03
8.612000000000000000e+03
nan
nan
3.474000000000000000e+03
nan
1.560000000000000000e+02
nan
9.153000000000000000e+03
3.435000000000000000e+03
1.601600000000000000e+04
8.835000000000000000e+03
nan
2.424000000000000000e+03
nan
nan
3.357000000000000000e+03
1.798000000000000000e+03
3.505000000000000000e+03
nan
nan
nan
nan
nan
nan
1.074900000000000000e+04
4.207000000000000000e+03
nan
1.136000000000000000e+03
nan
nan
1.148800000000000000e+04
1.600000000000000000e+02
nan
nan
nan
nan
nan
nan
nan
nan
nan
nan
2.249400000000000000e+04
8.653000000000000000e+03
nan
nan
nan
nan
5.619400000000000000e+04
nan
nan
6.930000000000000000e+03
1.618000000000000000e+03
nan
nan
5.760000000000000000e+03
nan
nan
nan
4.001300000000000000e+04
nan
8.558000000000000000e+03
1.656000000000000000e+03
nan
nan
nan
nan
nan
6.179000000000000000e+03
nan
nan
5.420000000000000000e+02
nan
nan
nan
nan
nan
nan
nan
nan
nan
nan
nan
4.464000000000000000e+03
nan
nan
nan
nan
nan
nan
2.298000000000000000e+03
1.001000000000000000e+04
nan
4.471000000000000000e+03
4.641400000000000000e+04
1.140300000000000000e+04
8.180000000000000000e+02
nan
1.155600000000000000e+04
nan
1.424000000000000000e+03
nan
nan
nan
nan
nan
2.288000000000000000e+03
nan
nan
nan
1.320000000000000000e+02
3.192000000000000000e+03
1.200000000000000000e+02
nan
1.197200000000000000e+04
nan
3.560000000000000000e+02
3.702000000000000000e+03
8.051000000000000000e+03
nan
1.079860000000000000e+05
nan
nan
nan
5.060000000000000000e+02
1.766000000000000000e+03
nan
nan
nan
nan
nan
nan
nan
nan
nan
nan
1.756100000000000000e+04
nan
nan
1.760000000000000000e+03
nan
9.540000000000000000e+02
4.238700000000000000e+04
1.923700000000000000e+04
1.964000000000000000e+03
nan
nan
nan
nan
nan
3.400000000000000000e+02
6.409000000000000000e+03
nan
nan
nan
nan
nan
nan
nan
nan
8.848000000000000000e+03
nan
3.152000000000000000e+03
3.045000000000000000e+03
nan
nan
nan
nan
nan
nan
4.823000000000000000e+03
6.265000000000000000e+03
nan
4.134900000000000000e+04
2.733000000000000000e+03
nan
nan
nan
nan
1.495100000000000000e+04
nan
1.995000000000000000e+03
nan
nan
nan
9.552000000000000000e+03
nan
nan
1.797000000000000000e+03
nan
1.607800000000000000e+04
3.932000000000000000e+03
nan
4.848000000000000000e+03
nan
nan
nan
nan
3.039000000000000000e+03
5.587000000000000000e+03
nan
3.232000000000000000e+03
nan
nan
nan
1.368000000000000000e+03
3.661000000000000000e+03
nan
1.446500000000000000e+04
1.659800000000000000e+04
5.996000000000000000e+03
nan
nan
nan
5.801000000000000000e+03
nan
nan
1.806000000000000000e+03
nan
nan
nan
3.716000000000000000e+03
8.413000000000000000e+03
5.434000000000000000e+03
nan
2.099800000000000000e+04
nan
nan
nan
1.752000000000000000e+03
3.597000000000000000e+03
nan
nan
nan
4.367000000000000000e+03
1.135000000000000000e+03
5.774000000000000000e+03
nan
nan
nan
nan
2.223000000000000000e+04
nan
4.776500000000000000e+04
nan
nan
1.300000000000000000e+02
nan
nan
2.666000000000000000e+03
nan
nan
1.520000000000000000e+02
8.780000000000000000e+02
nan
1.210000000000000000e+02
nan
1.224600000000000000e+04
nan
nan
nan
5.330800000000000000e+04
1.258500000000000000e+04
1.657000000000000000e+03
nan
nan
7.860000000000000000e+03
4.961700000000000000e+04
nan
nan
nan
nan
6.359000000000000000e+03
nan
1.976000000000000000e+03
nan
2.600000000000000000e+02
2.380000000000000000e+02
nan
nan
nan
nan
nan
nan
nan
nan
nan
nan
nan
nan
nan
nan
3.011500000000000000e+04
nan
2.926000000000000000e+03
nan
nan
nan
nan
2.281200000000000000e+04
nan
nan
nan
3.680000000000000000e+02
2.910000000000000000e+03
nan
nan
6.014300000000000000e+04
nan
nan
4.729000000000000000e+03
nan
nan
4.431000000000000000e+03
nan
nan
nan
1.720000000000000000e+03
2.418200000000000000e+04
nan
1.200000000000000000e+02
nan
1.568000000000000000e+03
nan
nan
nan
6.410000000000000000e+03
nan
1.289000000000000000e+04
nan
nan
nan
1.026000000000000000e+03
nan
2.521000000000000000e+03
1.034640000000000000e+05
1.064000000000000000e+04
nan
1.770000000000000000e+03
1.126000000000000000e+03
nan
1.512000000000000000e+03
nan
nan
nan
nan
nan
7.482000000000000000e+03
nan
nan
2.160000000000000000e+03
3.150000000000000000e+02
1.754000000000000000e+03
nan
nan
nan
nan
nan
nan
nan
nan
nan
nan
9.624000000000000000e+03
nan
3.259000000000000000e+04
5.666000000000000000e+03
2.116000000000000000e+04
nan
6.079000000000000000e+03
nan
nan
nan
nan
nan
1.754000000000000000e+03
nan
nan
5.204000000000000000e+03
nan
nan
9.440000000000000000e+02
5.454800000000000000e+04
nan
nan
nan
nan
9.680000000000000000e+02
1.728000000000000000e+03
2.106000000000000000e+03
2.153700000000000000e+04
nan
4.540000000000000000e+02
nan
nan
5.522000000000000000e+03
6.400000000000000000e+03
6.334000000000000000e+03
nan
nan
nan
1.602500000000000000e+04
nan
4.369000000000000000e+03
8.970000000000000000e+02
nan
1.974000000000000000e+03
nan
1.505400000000000000e+04
nan
nan
nan
nan
nan
nan
nan
nan
3.026000000000000000e+03
nan
5.052000000000000000e+03
nan
nan
nan
1.795000000000000000e+03
nan
nan
nan
nan
nan
nan
nan
2.030300000000000000e+04
nan
nan
nan
8.602000000000000000e+03
nan
4.910000000000000000e+02
1.458500000000000000e+04
1.918400000000000000e+04
nan
7.147000000000000000e+03
nan
nan
nan
nan
nan
nan
nan
nan
nan
nan
nan
5.012000000000000000e+03
2.855300000000000000e+04
3.888000000000000000e+03
nan
nan
nan
nan
nan
nan
1.451000000000000000e+03
3.896000000000000000e+03
nan
8.532000000000000000e+03
1.514200000000000000e+04
nan
3.169000000000000000e+03
4.967000000000000000e+03
nan
9.208000000000000000e+03
nan
1.052000000000000000e+03
nan
nan
3.106000000000000000e+03
nan
2.536000000000000000e+03
nan
5.115300000000000000e+04
nan
nan
1.246000000000000000e+03
1.760000000000000000e+03
nan
nan
nan
nan
nan
nan
9.511000000000000000e+03
7.607000000000000000e+03
3.566000000000000000e+03
nan
nan
nan
1.512300000000000000e+04
8.780000000000000000e+02
nan
1.767000000000000000e+04
nan
nan
nan
7.600000000000000000e+02
2.954000000000000000e+03
nan
nan
9.649500000000000000e+04
nan
1.224300000000000000e+04
nan
8.784000000000000000e+03
nan
nan
nan
nan
3.930000000000000000e+02
nan
nan
nan
2.743000000000000000e+03
nan
nan
nan
nan
nan
nan
nan
nan
2.423000000000000000e+03
nan
nan
nan
nan
nan
4.530000000000000000e+03
nan
nan
nan
nan
nan
nan
nan
1.013800000000000000e+04
nan
nan
nan
nan
nan
1.260000000000000000e+03
1.959550000000000000e+05
3.210000000000000000e+03
nan
nan
5.848000000000000000e+03
nan
2.600000000000000000e+03
nan
8.569000000000000000e+04
nan
nan
nan
nan
nan
nan
nan
1.128300000000000000e+04
nan
nan
nan
nan
3.713000000000000000e+03
nan
nan
nan
nan
nan
nan
nan
2.091000000000000000e+03
2.560000000000000000e+02
8.652000000000000000e+03
nan
nan
nan
nan
9.320000000000000000e+02
2.130800000000000000e+04
nan
nan
1.960000000000000000e+02
nan
1.728000000000000000e+03
1.265000000000000000e+03
6.849000000000000000e+03
6.280000000000000000e+02
nan
nan
2.778000000000000000e+03
nan
nan
nan
nan
3.512000000000000000e+03
nan
nan
nan
nan
nan
nan
nan
nan
nan
5.181000000000000000e+03
1.572000000000000000e+03
nan
nan
1.784000000000000000e+03
nan
nan
nan
8.132000000000000000e+03
nan
nan
8.190000000000000000e+02
nan
3.956000000000000000e+03
1.724300000000000000e+04
nan
nan
1.010000000000000000e+03
1.146300000000000000e+04
nan
1.599000000000000000e+03
nan
nan
nan
6.472000000000000000e+03
nan
nan
nan
nan
nan
nan
nan
nan
nan
nan
1.376000000000000000e+03
1.756000000000000000e+03
1.368000000000000000e+03
nan
3.397000000000000000e+03
nan
7.664000000000000000e+03
4.765000000000000000e+03
nan
nan
3.510000000000000000e+03
nan
nan
nan
nan
nan
nan
nan
3.712000000000000000e+03
nan
1.352000000000000000e+03
9.519000000000000000e+03
1.271000000000000000e+04
nan
nan
nan
nan
nan
nan
nan
nan
nan
3.126000000000000000e+03
nan
nan
nan
1.967800000000000000e+04
nan
nan
nan
9.442000000000000000e+03
4.719600000000000000e+04
3.216500000000000000e+04
4.477900000000000000e+04
6.780000000000000000e+03
3.232000000000000000e+03
nan
nan
nan
nan
5.411000000000000000e+03
6.846000000000000000e+03
nan
nan
nan
nan
nan
nan
3.441000000000000000e+03
nan
1.746000000000000000e+03
1.463000000000000000e+03
nan
nan
3.716000000000000000e+03
nan
5.024000000000000000e+03
6.630000000000000000e+02
nan
nan
nan
4.244500000000000000e+04
nan
2.408000000000000000e+03
nan
nan
1.709000000000000000e+03
9.670000000000000000e+03
nan
3.000000000000000000e+01
nan
nan
nan
nan
nan
2.985000000000000000e+04
nan
nan
7.128000000000000000e+03
1.854000000000000000e+03
nan
nan
nan
nan
nan
nan
nan
nan
nan
nan
1.748000000000000000e+03
8.332000000000000000e+03
6.300000000000000000e+03
8.148000000000000000e+03
nan
nan
1.837000000000000000e+03
3.184000000000000000e+03
nan
nan
nan
nan
6.285000000000000000e+03
3.385100000000000000e+04
nan
nan
nan
2.326400000000000000e+04
nan
1.360000000000000000e+02
nan
2.661000000000000000e+04
5.589000000000000000e+03
nan
nan
1.544000000000000000e+03
1.587600000000000000e+04
7.237000000000000000e+03
nan
nan
nan
1.670000000000000000e+02
nan
nan
nan
1.567000000000000000e+04
nan
9.224000000000000000e+03
4.341700000000000000e+04
4.417000000000000000e+03
5.110000000000000000e+02
1.386000000000000000e+03
nan
3.299000000000000000e+03
1.747200000000000000e+04
nan
9.443000000000000000e+03
nan
nan
nan
nan
2.366200000000000000e+04
1.581000000000000000e+04
nan
nan
3.660000000000000000e+02
4.636000000000000000e+03
5.909000000000000000e+03
nan
nan
1.968000000000000000e+03
nan
nan
nan
nan
nan
nan
nan
nan
1.066800000000000000e+04
nan
3.432000000000000000e+03
nan
1.237700000000000000e+04
nan
nan
nan
nan
nan
8.362000000000000000e+03
nan
7.244000000000000000e+03
nan
7.549100000000000000e+04
1.196700000000000000e+04
nan
3.882400000000000000e+04
nan
1.241200000000000000e+04
1.469000000000000000e+03
7.608000000000000000e+03
nan
nan
nan
nan
nan
nan
nan
nan
nan
2.189600000000000000e+04
nan
1.420000000000000000e+03
1.687000000000000000e+03
nan
nan
nan
nan
nan
nan
nan
nan
1.559200000000000000e+04
nan
1.732900000000000000e+04
nan
nan
nan
nan
nan
nan
3.138000000000000000e+03
nan
nan
nan
nan
nan
nan
nan
nan
1.171000000000000000e+03
nan
6.380000000000000000e+03
1.282200000000000000e+04
nan
nan
nan
2.357000000000000000e+04
nan
3.892900000000000000e+04
nan
1.165400000000000000e+04
nan
nan
nan
nan
nan
nan
1.843100000000000000e+04
nan
nan
nan
nan
nan
nan
9.230000000000000000e+02
nan
nan
nan
5.906000000000000000e+03
nan
3.090600000000000000e+04
5.192000000000000000e+03
nan
nan
nan
nan
nan
nan
nan
nan
nan
nan
9.596000000000000000e+03
nan
nan
nan
nan
5.357000000000000000e+03
nan
nan
nan
nan
2.200000000000000000e+01
1.756000000000000000e+03
4.063000000000000000e+04
nan
nan
3.721000000000000000e+03
nan
nan
nan
5.232000000000000000e+03
9.601000000000000000e+03
nan
nan
nan
nan
nan
3.380000000000000000e+02
nan
nan
nan
2.608300000000000000e+04
nan
1.136800000000000000e+04
3.458000000000000000e+03
nan
2.149000000000000000e+03
6.047000000000000000e+03
nan
8.120000000000000000e+02
nan
nan
nan
9.210000000000000000e+03
nan
nan
nan
nan
nan
nan
2.176800000000000000e+04
1.069300000000000000e+04
nan
6.908000000000000000e+03
6.659000000000000000e+03
nan
9.690000000000000000e+02
nan
nan
nan
1.377600000000000000e+04
nan
nan
1.996700000000000000e+04
nan
nan
nan
1.871000000000000000e+03
9.200000000000000000e+01
nan
2.258900000000000000e+04
nan
4.268000000000000000e+03
1.537000000000000000e+03
nan
4.260000000000000000e+03
nan
5.480000000000000000e+02
5.883000000000000000e+03
nan
8.324900000000000000e+04
1.251700000000000000e+04
3.338000000000000000e+03
nan
7.034000000000000000e+03
2.030000000000000000e+04
nan
9.121000000000000000e+03
nan
nan
nan
1.220000000000000000e+03
nan
2.314000000000000000e+03
4.317600000000000000e+04
nan
nan
nan
nan
nan
nan
1.858400000000000000e+04
3.321000000000000000e+03
1.220400000000000000e+04
nan
nan
4.084000000000000000e+03
nan
1.484000000000000000e+03
nan
1.699000000000000000e+03
nan
1.419400000000000000e+04
9.208000000000000000e+03
4.228000000000000000e+03
2.234930000000000000e+05
nan
2.119000000000000000e+03
nan
nan
nan
1.110000000000000000e+03
9.246000000000000000e+03
nan
nan
nan
nan
1.266000000000000000e+03
4.024000000000000000e+03
nan
5.709000000000000000e+03
nan
5.116000000000000000e+03
nan
nan
nan
nan
nan
nan
nan
nan
3.920000000000000000e+02
nan
3.670000000000000000e+02
nan
6.820000000000000000e+02
5.577500000000000000e+04
nan
nan
nan
nan
nan
nan
nan
9.360000000000000000e+02
nan
nan
nan
nan
7.664000000000000000e+03
3.413000000000000000e+03
nan
nan
nan
nan
nan
1.207800000000000000e+04
nan
7.993000000000000000e+03
3.190000000000000000e+02
nan
nan
nan
nan
nan
nan
nan
nan
nan
nan
nan
5.901000000000000000e+04
nan
nan
4.995000000000000000e+03
7.606500000000000000e+04
nan
nan
nan
6.908000000000000000e+03
nan
8.160000000000000000e+02
nan
nan
6.761000000000000000e+03
nan
nan
nan
9.716000000000000000e+03
3.276000000000000000e+03
nan
nan
8.520000000000000000e+03
nan
1.000000000000000000e+00
nan
2.865000000000000000e+03
nan
nan
4.551000000000000000e+03
nan
nan
nan
8.144000000000000000e+03
nan
8.408000000000000000e+03
nan
nan
nan
nan
nan
4.587000000000000000e+03
4.650000000000000000e+02
4.060000000000000000e+02
1.762900000000000000e+04
nan
nan
nan
nan
nan
nan
nan
2.592000000000000000e+03
nan
nan
2.361600000000000000e+04
1.141600000000000000e+04
nan
nan
7.668000000000000000e+03
3.104000000000000000e+03
nan
nan
nan
nan
1.523800000000000000e+04
nan
nan
3.474000000000000000e+03
nan
nan
nan
nan
1.603000000000000000e+04
nan
nan
8.824000000000000000e+03
nan
3.463000000000000000e+03
nan
nan
nan
nan
nan
1.035000000000000000e+04
4.244700000000000000e+04
nan
4.133000000000000000e+03
nan
9.790000000000000000e+03
6.190000000000000000e+02
nan
2.509000000000000000e+04
nan
1.601600000000000000e+04
nan
nan
nan
3.411200000000000000e+04
nan
nan
4.955000000000000000e+03
8.110000000000000000e+03
nan
nan
nan
nan
nan
1.579100000000000000e+04
nan
1.460200000000000000e+04
2.950000000000000000e+02
nan
nan
nan
nan
5.694000000000000000e+03
nan
nan
nan
9.438000000000000000e+03
nan
nan
2.622000000000000000e+03
nan
nan
4.201000000000000000e+03
nan
nan
nan
nan
nan
nan
nan
nan
nan
1.507000000000000000e+03
6.628000000000000000e+03
nan
nan
nan
7.440000000000000000e+02
nan
3.597000000000000000e+03
2.472000000000000000e+03
nan
nan
nan
9.730000000000000000e+02
nan
nan
nan
1.430000000000000000e+04
1.457400000000000000e+04
nan
1.698000000000000000e+03
3.790000000000000000e+02
nan
2.256000000000000000e+03
nan
1.100900000000000000e+04
nan
nan
nan
nan
nan
4.549000000000000000e+03
nan
nan
9.676000000000000000e+03
nan
nan
nan
nan
nan
nan
2.872000000000000000e+03
7.125000000000000000e+03
nan
nan
6.320000000000000000e+02
2.850000000000000000e+02
nan
nan
nan
nan
nan
1.720000000000000000e+03
1.675000000000000000e+03
4.559000000000000000e+03
nan
2.614000000000000000e+04
nan
nan
nan
nan
nan
nan
nan
9.335000000000000000e+03
3.524000000000000000e+03
nan
nan
2.910000000000000000e+02
nan
1.750000000000000000e+02
nan
nan
8.920000000000000000e+02
nan
nan
nan
nan
nan
3.150000000000000000e+02
nan
7.013000000000000000e+03
7.660000000000000000e+02
nan
nan
nan
nan
nan
4.124000000000000000e+03
nan
3.311600000000000000e+04
nan
nan
6.629100000000000000e+04
nan
5.034000000000000000e+03
6.665000000000000000e+03
nan
7.392000000000000000e+03
nan
nan
nan
nan
nan
nan
nan
nan
nan
nan
1.525100000000000000e+04
nan
nan
nan
nan
2.501000000000000000e+03
2.378000000000000000e+03
1.693900000000000000e+04
3.008000000000000000e+03
nan
1.481300000000000000e+04
nan
1.910000000000000000e+04
nan
nan
nan
nan
nan
nan
1.958300000000000000e+04
nan
nan
nan
nan
nan
nan
nan
5.100000000000000000e+02
4.340000000000000000e+02
6.950000000000000000e+02
nan
nan
nan
nan
1.788000000000000000e+03
nan
6.720000000000000000e+02
nan
7.635000000000000000e+03
7.260000000000000000e+03
nan
nan
nan
1.231000000000000000e+03
nan
3.778000000000000000e+03
5.088000000000000000e+03
nan
nan
nan
nan
nan
1.055300000000000000e+04
nan
nan
1.155000000000000000e+03
nan
6.500000000000000000e+03
nan
nan
nan
nan
nan
nan
1.754000000000000000e+03
nan
7.247000000000000000e+03
1.485100000000000000e+04
1.316000000000000000e+03
nan
nan
nan
nan
nan
1.104000000000000000e+03
1.260000000000000000e+02
nan
nan
6.800000000000000000e+01
nan
nan
7.352000000000000000e+03
nan
nan
nan
1.720000000000000000e+03
nan
nan
nan
nan
nan
nan
nan
4.645000000000000000e+03
1.150400000000000000e+04
nan
nan
nan
nan
nan
nan
nan
6.082000000000000000e+03
4.287000000000000000e+03
nan
nan
1.042440000000000000e+05
6.084000000000000000e+03
6.833000000000000000e+03
nan
3.749000000000000000e+03
nan
3.392000000000000000e+03
nan
nan
2.387000000000000000e+03
nan
nan
nan
3.472000000000000000e+03
nan
nan
2.336000000000000000e+03
nan
nan
nan
8.333000000000000000e+03
nan
nan
4.846000000000000000e+03
1.456000000000000000e+03
8.616000000000000000e+03
6.027400000000000000e+04
1.142800000000000000e+04
4.144000000000000000e+03
4.308000000000000000e+03
nan
nan
nan
3.004000000000000000e+03
1.070000000000000000e+03
nan
1.503700000000000000e+04
nan
5.783000000000000000e+03
2.067000000000000000e+03
nan
nan
nan
nan
nan
1.869000000000000000e+03
nan
7.608000000000000000e+03
8.767000000000000000e+03
2.708000000000000000e+03
nan
nan
nan
5.232000000000000000e+03
1.064000000000000000e+03
nan
nan
2.005000000000000000e+03
nan
4.400000000000000000e+03
nan
1.581600000000000000e+04
nan
nan
nan
nan
1.361000000000000000e+03
nan
nan
nan
nan
nan
nan
nan
nan
nan
nan
nan
6.992000000000000000e+03
nan
nan
1.144000000000000000e+03
nan
nan
8.442000000000000000e+03
nan
nan
nan
1.303500000000000000e+04
nan
3.356000000000000000e+04
5.136000000000000000e+03
nan
nan
nan
nan
nan
nan
3.731000000000000000e+03
nan
6.109000000000000000e+03
nan
nan
nan
1.992000000000000000e+04
2.448000000000000000e+03
nan
nan
nan
nan
4.295000000000000000e+03
nan
nan
3.199700000000000000e+04
1.643000000000000000e+03
nan
nan
nan
nan
1.480500000000000000e+04
2.027000000000000000e+03
nan
nan
6.960000000000000000e+02
1.857000000000000000e+03
nan
nan
nan
nan
nan
nan
2.887100000000000000e+04
nan
nan
2.159500000000000000e+04
nan
nan
nan
nan
nan
nan
nan
nan
5.671000000000000000e+03
nan
nan
nan
nan
nan
1.204000000000000000e+04
nan
4.932000000000000000e+03
nan
nan
nan
2.529000000000000000e+03
nan
nan
5.706000000000000000e+03
nan
nan
1.415200000000000000e+04
nan
nan
nan
nan
nan
nan
nan
nan
nan
nan
2.135500000000000000e+04
nan
nan
1.716000000000000000e+03
4.565000000000000000e+03
nan
1.672000000000000000e+03
7.818000000000000000e+03
nan
nan
1.940000000000000000e+03
nan
nan
nan
1.188000000000000000e+03
nan
8.217000000000000000e+03
1.097900000000000000e+04
3.218000000000000000e+03
4.586000000000000000e+03
nan
nan
nan
nan
1.515200000000000000e+04
nan
nan
1.704000000000000000e+03
nan
nan
nan
5.975000000000000000e+03
8.130000000000000000e+02
nan
nan
nan
nan
nan
nan
nan
1.840000000000000000e+02
6.375500000000000000e+04
nan
nan
nan
nan
nan
5.016000000000000000e+03
1.062800000000000000e+04
nan
nan
nan
nan
nan
nan
2.729000000000000000e+03
nan
9.280000000000000000e+02
nan
nan
nan
nan
nan
nan
nan
nan
nan
nan
nan
1.321300000000000000e+04
1.437000000000000000e+03
nan
9.840000000000000000e+02
nan
nan
2.776000000000000000e+03
nan
4.278800000000000000e+04
nan
nan
5.248000000000000000e+03
1.768000000000000000e+03
1.454000000000000000e+03
nan
1.520000000000000000e+03
nan
3.860000000000000000e+03
nan
nan
nan
nan
nan
6.396000000000000000e+03
nan
nan
nan
nan
nan
nan
1.681000000000000000e+03
1.066000000000000000e+03
nan
nan
nan
1.573000000000000000e+04
nan
2.955400000000000000e+04
nan
nan
nan
5.143000000000000000e+03
8.440000000000000000e+03
nan
1.107600000000000000e+04
3.232000000000000000e+03
3.911000000000000000e+03
1.400000000000000000e+01
nan
2.510000000000000000e+03
nan
nan
nan
nan
4.160000000000000000e+02
nan
5.340000000000000000e+03
nan
nan
nan
nan
nan
nan
nan
9.291000000000000000e+03
nan
nan
1.255800000000000000e+04
nan
3.736000000000000000e+03
nan
nan
8.810000000000000000e+02
nan
5.776100000000000000e+04
nan
nan
nan
nan
nan
nan
nan
1.279700000000000000e+04
nan
nan
nan
1.800000000000000000e+03
5.748500000000000000e+04
nan
6.930000000000000000e+03
5.367000000000000000e+03
1.641000000000000000e+03
6.280000000000000000e+03
1.079000000000000000e+03
nan
1.750000000000000000e+03
1.081600000000000000e+04
nan
nan
1.536000000000000000e+03
nan
nan
3.576600000000000000e+04
nan
nan
9.043000000000000000e+03
nan
4.345800000000000000e+04
2.455000000000000000e+03
nan
nan
1.276000000000000000e+03
nan
nan
9.365000000000000000e+03
8.800000000000000000e+01
nan
2.500000000000000000e+03
nan
nan
nan
2.310300000000000000e+04
1.840000000000000000e+03
nan
nan
5.698000000000000000e+03
nan
nan
nan
nan
1.456000000000000000e+03
1.664800000000000000e+04
nan
nan
3.424000000000000000e+03
1.012600000000000000e+04
2.297000000000000000e+03
6.995000000000000000e+03
nan
1.164300000000000000e+04
nan
nan
nan
nan
nan
nan
nan
6.234000000000000000e+03
3.448000000000000000e+03
2.664000000000000000e+03
4.937000000000000000e+03
nan
nan
1.460000000000000000e+02
7.531000000000000000e+03
8.820000000000000000e+02
4.334400000000000000e+04
nan
nan
nan
nan
nan
3.194000000000000000e+03
nan
nan
1.296000000000000000e+03
nan
4.032000000000000000e+03
9.800000000000000000e+02
nan
nan
8.982000000000000000e+03
nan
nan
3.911000000000000000e+03
nan
5.744000000000000000e+03
nan
nan
1.602400000000000000e+04
8.326000000000000000e+03
2.184000000000000000e+03
9.096000000000000000e+03
nan
1.686400000000000000e+04
nan
1.683200000000000000e+04
4.540000000000000000e+03
nan
nan
4.490000000000000000e+03
nan
nan
nan
4.330000000000000000e+03
nan
nan
1.139000000000000000e+04
nan
2.343000000000000000e+03
nan
nan
nan
5.559000000000000000e+03
5.179000000000000000e+03
nan
5.094000000000000000e+03
nan
nan
nan
nan
nan
nan
9.627000000000000000e+03
nan
4.374000000000000000e+03
1.690700000000000000e+04
nan
nan
nan
3.368000000000000000e+03
nan
nan
nan
1.898000000000000000e+03
nan
nan
nan
nan
nan
2.609000000000000000e+03
7.236000000000000000e+03
nan
3.411000000000000000e+03
nan
1.756000000000000000e+03
nan
1.748000000000000000e+03
nan
nan
nan
nan
1.728000000000000000e+03
1.160000000000000000e+02
nan
1.766200000000000000e+04
1.144800000000000000e+04
4.606000000000000000e+03
1.330000000000000000e+02
nan
2.531100000000000000e+04
nan
nan
3.587000000000000000e+03
nan
6.130000000000000000e+03
2.601600000000000000e+04
nan
nan
nan
nan
nan
nan
nan
1.804000000000000000e+03
nan
nan
nan
nan
nan
nan
nan
nan
4.584000000000000000e+03
1.573900000000000000e+04
3.577700000000000000e+04
nan
1.874000000000000000e+03
nan
nan
nan
nan
5.728000000000000000e+03
nan
nan
nan
nan
nan
1.870000000000000000e+03
3.609900000000000000e+04
nan
9.483000000000000000e+03
nan
4.810000000000000000e+03
nan
nan
1.888000000000000000e+03
nan
nan
1.148400000000000000e+04
nan
nan
nan
nan
nan
nan
nan
3.078000000000000000e+03
nan
nan
nan
nan
nan
1.193700000000000000e+04
nan
nan
nan
1.202000000000000000e+03
nan
nan
nan
nan
nan
4.708000000000000000e+03
6.180000000000000000e+02
6.630000000000000000e+02
9.002000000000000000e+03
8.192100000000000000e+04
nan
nan
1.716000000000000000e+03
nan
nan
3.585000000000000000e+03
nan
1.270000000000000000e+03
nan
nan
nan
nan
2.600000000000000000e+02
nan
nan
1.350300000000000000e+04
nan
3.181000000000000000e+03
nan
nan
nan
6.983000000000000000e+03
nan
3.342000000000000000e+03
3.200000000000000000e+02
5.560100000000000000e+04
nan
nan
4.855900000000000000e+04
nan
nan
nan
nan
5.526000000000000000e+03
4.872300000000000000e+04
nan
nan
nan
nan
2.269600000000000000e+04
4.911000000000000000e+03
1.259600000000000000e+04
nan
nan
nan
nan
1.060600000000000000e+04
6.242000000000000000e+03
nan
1.004000000000000000e+03
nan
nan
2.955000000000000000e+03
nan
nan
nan
nan
nan
5.186000000000000000e+03
nan
nan
7.472000000000000000e+03
9.800000000000000000e+01
nan
nan
nan
3.521500000000000000e+04
nan
1.880000000000000000e+03
nan
nan
nan
nan
nan
7.083000000000000000e+03
nan
nan
4.936000000000000000e+03
4.170000000000000000e+03
nan
1.820200000000000000e+04
9.360000000000000000e+02
5.580000000000000000e+03
nan
nan
6.190800000000000000e+04
1.188000000000000000e+03
nan
6.676000000000000000e+03
nan
1.788300000000000000e+04
2.526000000000000000e+03
nan
nan
nan
nan
nan
nan
nan
nan
nan
nan
nan
nan
8.250000000000000000e+02
nan
1.085000000000000000e+03
nan
1.111000000000000000e+03
nan
1.916000000000000000e+03
nan
nan
nan
nan
7.201100000000000000e+04
nan
nan
nan
nan
nan
nan
nan
nan
nan
nan
5.504000000000000000e+03
nan
nan
nan
nan
nan
1.354300000000000000e+04
nan
1.249200000000000000e+04
1.076200000000000000e+04
nan
1.304000000000000000e+04
nan
3.761000000000000000e+03
3.057000000000000000e+03
nan
nan
nan
nan
5.350000000000000000e+02
nan
2.876700000000000000e+04
1.750000000000000000e+03
nan
4.186000000000000000e+03
6.921000000000000000e+03
6.832000000000000000e+03
nan
9.160000000000000000e+02
1.644000000000000000e+03
1.746000000000000000e+03
nan
1.316000000000000000e+03
2.501000000000000000e+03
nan
nan
9.946000000000000000e+03
1.411400000000000000e+04
nan
nan
4.097000000000000000e+03
nan
nan
7.013300000000000000e+04
nan
nan
nan
nan
nan
1.755000000000000000e+03
nan
nan
nan
nan
nan
1.729000000000000000e+03
nan
nan
7.426000000000000000e+03
nan
nan
6.589000000000000000e+03
1.725000000000000000e+03
1.397900000000000000e+04
3.516000000000000000e+03
3.226000000000000000e+03
nan
nan
8.156000000000000000e+03
nan
nan
nan
7.370000000000000000e+02
1.431900000000000000e+04
nan
nan
4.340000000000000000e+02
2.428200000000000000e+04
5.269000000000000000e+03
nan
nan
6.072000000000000000e+03
nan
2.708000000000000000e+03
3.569000000000000000e+03
nan
5.810000000000000000e+02
nan
nan
3.418000000000000000e+03
nan
9.530000000000000000e+02
nan
nan
2.211900000000000000e+04
7.384400000000000000e+04
4.187000000000000000e+03
1.763000000000000000e+03
nan
1.214000000000000000e+03
8.958000000000000000e+03
1.794000000000000000e+03
nan
nan
nan
1.624000000000000000e+03
nan
nan
nan
4.215000000000000000e+03
nan
nan
nan
nan
nan
nan
nan
3.135500000000000000e+04
nan
3.255000000000000000e+03
nan
nan
nan
2.601000000000000000e+03
nan
1.600000000000000000e+01
nan
nan
nan
1.147400000000000000e+04
1.778000000000000000e+03
nan
1.310000000000000000e+04
nan
nan
nan
nan
nan
nan
1.090000000000000000e+02
nan
5.600000000000000000e+02
nan
nan
nan
nan
6.532000000000000000e+03
nan
4.560000000000000000e+02
nan
nan
nan
nan
3.508000000000000000e+03
2.410800000000000000e+04
nan
nan
nan
nan
1.421000000000000000e+03
nan
nan
3.680000000000000000e+02
nan
6.165400000000000000e+04
nan
nan
nan
nan
4.456000000000000000e+03
nan
nan
5.272000000000000000e+03
nan
9.786000000000000000e+03
nan
nan
nan
nan
nan
nan
3.241400000000000000e+04
nan
8.196000000000000000e+03
4.854000000000000000e+03
nan
1.800400000000000000e+04
nan
nan
nan
nan
7.227000000000000000e+03
1.227000000000000000e+03
5.674000000000000000e+03
nan
1.583400000000000000e+04
nan
2.048000000000000000e+03
1.180600000000000000e+04
5.980000000000000000e+02
nan
nan
nan
nan
nan
nan
nan
2.906100000000000000e+04
nan
nan
nan
2.620000000000000000e+03
nan
5.101000000000000000e+03
4.672000000000000000e+03
nan
5.893200000000000000e+04
3.930000000000000000e+02
1.686700000000000000e+04
nan
7.520900000000000000e+04
nan
nan
nan
nan
nan
3.420000000000000000e+03
5.192000000000000000e+03
1.454000000000000000e+03
2.201000000000000000e+03
3.395800000000000000e+04
nan
nan
3.004000000000000000e+03
1.613000000000000000e+03
1.232000000000000000e+03
nan
nan
2.347800000000000000e+04
nan
4.664000000000000000e+03
5.160000000000000000e+03
5.576000000000000000e+03
nan
1.380200000000000000e+04
1.633900000000000000e+04
nan
nan
nan
1.763000000000000000e+03
nan
6.833000000000000000e+03
nan
5.020000000000000000e+02
nan
nan
nan
nan
nan
nan
2.446700000000000000e+04
nan
nan
1.690900000000000000e+04
1.138000000000000000e+03
1.148700000000000000e+04
nan
nan
nan
2.840700000000000000e+04
nan
nan
nan
3.356000000000000000e+03
nan
3.561000000000000000e+03
nan
1.217000000000000000e+03
1.490400000000000000e+04
nan
4.938000000000000000e+03
nan
nan
nan
5.741400000000000000e+04
nan
nan
nan
nan
nan
nan
nan
nan
6.424000000000000000e+03
1.747000000000000000e+03
3.197000000000000000e+04
nan
9.610000000000000000e+02
1.672000000000000000e+03
1.807000000000000000e+03
nan
nan
nan
nan
2.378000000000000000e+03
nan
nan
3.328000000000000000e+03
nan
nan
nan
1.919700000000000000e+04
5.017000000000000000e+04
9.306000000000000000e+03
nan
6.861000000000000000e+03
nan
nan
1.744000000000000000e+03
nan
nan
nan
nan
nan
nan
nan
nan
9.247000000000000000e+03
1.141000000000000000e+03
nan
8.021000000000000000e+03
nan
1.014700000000000000e+04
4.516400000000000000e+04
7.011000000000000000e+03
nan
nan
nan
nan
nan
nan
nan
nan
nan
nan
1.626100000000000000e+04
nan
nan
nan
nan
nan
nan
nan
nan
nan
1.855000000000000000e+03
7.604000000000000000e+03
nan
nan
1.535000000000000000e+03
nan
nan
nan
nan
3.600000000000000000e+02
4.019000000000000000e+03
3.094000000000000000e+03
1.899100000000000000e+04
nan
nan
nan
nan
5.189000000000000000e+03
nan
1.747000000000000000e+03
2.712000000000000000e+03
1.374000000000000000e+04
nan
nan
3.746000000000000000e+03
nan
nan
nan
nan
nan
nan
nan
nan
1.531000000000000000e+03
nan
9.828000000000000000e+03
7.109000000000000000e+03
2.708000000000000000e+03
nan
8.960000000000000000e+02
nan
nan
nan
1.452000000000000000e+04
nan
nan
nan
1.439000000000000000e+03
6.332000000000000000e+03
nan
nan
1.097800000000000000e+04
nan
nan
nan
1.317000000000000000e+03
nan
9.812000000000000000e+03
3.116300000000000000e+04
nan
nan
nan
4.127100000000000000e+04
nan
nan
nan
1.400800000000000000e+04
1.453000000000000000e+03
nan
nan
nan
nan
nan
nan
nan
4.689000000000000000e+03
nan
nan
6.800000000000000000e+01
nan
nan
nan
nan
nan
nan
nan
nan
nan
nan
2.512000000000000000e+03
nan
nan
nan
nan
nan
1.607500000000000000e+04
nan
nan
nan
4.076000000000000000e+03
nan
nan
nan
1.768000000000000000e+03
nan
nan
9.984000000000000000e+03
nan
nan
nan
nan
3.637000000000000000e+03
7.134000000000000000e+03
nan
3.923000000000000000e+03
nan
4.756000000000000000e+03
3.980000000000000000e+03
nan
nan
nan
nan
nan
2.922100000000000000e+04
nan
5.297000000000000000e+03
nan
nan
nan
nan
9.020000000000000000e+02
nan
nan
nan
nan
nan
nan
nan
nan
nan
5.447000000000000000e+03
nan
nan
nan
3.457000000000000000e+03
nan
nan
nan
2.830400000000000000e+04
nan
nan
nan
nan
nan
2.888000000000000000e+03
nan
nan
nan
5.336000000000000000e+03
nan
nan
nan
nan
3.325000000000000000e+03
nan
nan
nan
5.001000000000000000e+03
3.677000000000000000e+03
nan
3.074000000000000000e+03
nan
nan
nan
9.094000000000000000e+03
1.026600000000000000e+04
1.070000000000000000e+03
2.569000000000000000e+03
5.289000000000000000e+03
2.427000000000000000e+03
nan
nan
nan
2.730000000000000000e+03
nan
nan
nan
1.490000000000000000e+03
nan
nan
nan
nan
5.800000000000000000e+02
nan
nan
nan
2.053300000000000000e+04
nan
1.262000000000000000e+03
nan
1.210000000000000000e+03
nan
nan
nan
nan
5.532000000000000000e+03
1.546100000000000000e+04
nan
nan
nan
nan
4.317000000000000000e+03
5.128300000000000000e+04
1.787000000000000000e+03
2.528000000000000000e+03
nan
nan
nan
2.225500000000000000e+04
5.797700000000000000e+04
nan
nan
5.602000000000000000e+03
1.237800000000000000e+04
nan
nan
6.610000000000000000e+02
nan
1.369100000000000000e+04
1.020000000000000000e+02
1.165000000000000000e+05
nan
1.765200000000000000e+04
7.520000000000000000e+02
nan
nan
nan
nan
nan
nan
2.265000000000000000e+03
nan
nan
nan
nan
nan
nan
nan
nan
1.949000000000000000e+04
nan
nan
nan
nan
nan
1.150100000000000000e+04
nan
nan
nan
nan
nan
2.270000000000000000e+02
nan
nan
nan
1.664000000000000000e+03
nan
4.378000000000000000e+03
6.860000000000000000e+03
1.827300000000000000e+04
nan
1.226600000000000000e+04
nan
7.120000000000000000e+02
1.215100000000000000e+04
nan
nan
nan
nan
4.980000000000000000e+02
nan
nan
2.408000000000000000e+03
nan
nan
1.540000000000000000e+02
nan
nan
nan
nan
nan
nan
nan
2.682500000000000000e+04
nan
1.453000000000000000e+03
nan
nan
nan
nan
nan
nan
3.163700000000000000e+04
1.423400000000000000e+04
nan
nan
nan
nan
2.116000000000000000e+03
nan
nan
2.106000000000000000e+03
2.130800000000000000e+04
8.949000000000000000e+03
2.000000000000000000e+02
nan
nan
1.969000000000000000e+03
nan
1.527100000000000000e+04
5.648500000000000000e+04
2.560000000000000000e+02
1.702000000000000000e+03
3.321000000000000000e+03
nan
6.673000000000000000e+03
6.450000000000000000e+02
nan
1.288000000000000000e+03
2.240000000000000000e+02
1.363000000000000000e+03
3.389400000000000000e+04
nan
nan
nan
2.740000000000000000e+02
nan
nan
2.587000000000000000e+03
6.128000000000000000e+03
nan
4.289000000000000000e+03
nan
nan
nan
nan
2.000000000000000000e+01
nan
nan
nan
nan
nan
nan
nan
nan
nan
nan
2.700000000000000000e+03
nan
nan
6.012000000000000000e+03
nan
nan
nan
nan
nan
1.747000000000000000e+03
nan
nan
1.136000000000000000e+03
9.567000000000000000e+03
nan
nan
nan
nan
nan
nan
2.740000000000000000e+03
1.000000000000000000e+02
nan
4.877000000000000000e+03
nan
nan
nan
4.862000000000000000e+03
nan
nan
1.308600000000000000e+04
nan
nan
nan
nan
8.293000000000000000e+03
nan
nan
nan
nan
nan
nan
4.142000000000000000e+03
nan
nan
2.360000000000000000e+03
1.665000000000000000e+03
nan
nan
1.179400000000000000e+04
9.500000000000000000e+02
nan
nan
nan
nan
nan
nan
nan
nan
nan
4.800000000000000000e+03
nan
6.929000000000000000e+03
nan
nan
nan
nan
1.165000000000000000e+05
nan
nan
nan
nan
nan
nan
nan
nan
nan
1.369000000000000000e+03
1.165500000000000000e+04
nan
6.832000000000000000e+03
nan
nan
5.210000000000000000e+02
nan
nan
2.960000000000000000e+02
nan
nan
nan
6.977000000000000000e+03
nan
nan
3.800000000000000000e+03
nan
nan
1.222100000000000000e+04
8.580000000000000000e+02
nan
nan
nan
nan
2.571000000000000000e+03
nan
nan
5.172000000000000000e+03
nan
nan
9.118000000000000000e+03
nan
1.772000000000000000e+03
nan
nan
nan
2.033900000000000000e+04
3.355200000000000000e+04
1.309100000000000000e+04
1.528000000000000000e+03
nan
nan
nan
nan
nan
3.890000000000000000e+02
nan
nan
nan
nan
5.726000000000000000e+03
nan
2.658000000000000000e+03
nan
nan
1.732000000000000000e+03
1.812000000000000000e+03
4.311000000000000000e+03
nan
nan
1.355000000000000000e+04
6.810000000000000000e+03
7.589000000000000000e+03
nan
2.361000000000000000e+03
nan
nan
nan
3.587000000000000000e+03
nan
nan
5.555000000000000000e+03
5.821000000000000000e+03
nan
nan
6.760000000000000000e+02
nan
nan
nan
2.855800000000000000e+04
nan
nan
8.560000000000000000e+02
nan
nan
nan
nan
nan
nan
nan
8.000000000000000000e+00
nan
nan
1.755400000000000000e+04
nan
nan
nan
1.448000000000000000e+03
nan
5.166000000000000000e+03
nan
nan
nan
2.023000000000000000e+03
nan
1.024000000000000000e+03
7.151000000000000000e+03
5.256000000000000000e+03
1.468400000000000000e+04
2.613000000000000000e+03
nan
nan
nan
nan
nan
2.000000000000000000e+00
nan
2.835000000000000000e+03
nan
nan
nan
4.664000000000000000e+03
nan
nan
nan
5.039000000000000000e+03
2.529400000000000000e+04
nan
nan
nan
2.108000000000000000e+03
nan
nan
nan
nan
1.395000000000000000e+03
nan
nan
nan
2.778000000000000000e+03
nan
nan
nan
nan
8.930000000000000000e+02
nan
nan
nan
nan
1.140000000000000000e+03
nan
7.296000000000000000e+03
nan
6.529000000000000000e+03
8.028000000000000000e+03
nan
1.704000000000000000e+03
nan
nan
nan
5.141000000000000000e+03
2.833500000000000000e+04
1.398700000000000000e+04
nan
nan
nan
nan
nan
2.115000000000000000e+04
nan
1.176600000000000000e+04
nan
nan
nan
nan
3.058000000000000000e+03
nan
nan
2.050000000000000000e+03
5.784000000000000000e+03
2.000000000000000000e+00
nan
nan
nan
6.347000000000000000e+03
nan
nan
9.480000000000000000e+02
nan
2.513000000000000000e+03
nan
nan
1.353500000000000000e+04
nan
nan
nan
nan
1.085600000000000000e+04
3.039000000000000000e+03
nan
2.813000000000000000e+03
nan
nan
1.427000000000000000e+03
nan
2.094900000000000000e+04
nan
nan
nan
3.076800000000000000e+04
nan
nan
nan
nan
nan
nan
2.500000000000000000e+01
9.280000000000000000e+02
nan
1.540000000000000000e+02
nan
nan
7.883000000000000000e+03
nan
2.432000000000000000e+03
nan
nan
1.200000000000000000e+02
nan
2.325000000000000000e+04
8.006000000000000000e+03
nan
nan
nan
nan
nan
2.923000000000000000e+03
nan
nan
1.358600000000000000e+04
nan
nan
nan
nan
nan
nan
nan
6.441000000000000000e+03
nan
4.000000000000000000e+01
3.397000000000000000e+03
nan
4.058000000000000000e+03
nan
1.641800000000000000e+04
nan
nan
nan
3.718000000000000000e+03
nan
5.367000000000000000e+03
nan
nan
1.588800000000000000e+04
1.192000000000000000e+03
3.866000000000000000e+03
nan
2.880000000000000000e+03
nan
nan
8.223000000000000000e+03
1.004000000000000000e+03
nan
nan
nan
nan
nan
nan
4.304000000000000000e+03
nan
nan
3.275000000000000000e+03
nan
1.374000000000000000e+03
nan
nan
5.509000000000000000e+03
nan
7.044400000000000000e+04
4.550000000000000000e+02
1.001700000000000000e+04
1.334500000000000000e+04
nan
1.760000000000000000e+03
nan
nan
nan
nan
2.746000000000000000e+03
1.888000000000000000e+03
1.742000000000000000e+03
nan
nan
nan
1.342000000000000000e+03
nan
nan
nan
nan
nan
9.943000000000000000e+03
nan
nan
5.737000000000000000e+03
nan
6.305000000000000000e+03
nan
nan
nan
4.643900000000000000e+04
1.578000000000000000e+03
1.062000000000000000e+03
nan
nan
nan
nan
1.793000000000000000e+03
nan
nan
nan
nan
2.753200000000000000e+04
3.638000000000000000e+03
nan
1.736000000000000000e+03
7.167700000000000000e+04
6.480000000000000000e+03
nan
2.766000000000000000e+03
nan
3.146000000000000000e+03
nan
nan
nan
nan
1.920700000000000000e+04
nan
nan
3.551000000000000000e+03
nan
2.004200000000000000e+04
1.678000000000000000e+03
4.606000000000000000e+03
nan
nan
2.198200000000000000e+04
nan
3.190000000000000000e+02
nan
nan
4.604000000000000000e+03
nan
nan
nan
2.090000000000000000e+04
4.712700000000000000e+04
nan
1.788700000000000000e+04
2.164620000000000000e+05
2.314000000000000000e+04
nan
nan
nan
5.901000000000000000e+03
nan
nan
nan
nan
nan
2.787000000000000000e+03
nan
nan
nan
8.600000000000000000e+02
nan
nan
nan
nan
nan
nan
nan
nan
nan
1.754000000000000000e+03
1.302400000000000000e+04
5.720000000000000000e+02
nan
4.738000000000000000e+03
nan
nan
nan
nan
1.001600000000000000e+04
nan
nan
nan
nan
nan
nan
nan
nan
nan
1.383800000000000000e+04
nan
9.600000000000000000e+02
2.920900000000000000e+04
nan
8.550000000000000000e+02
nan
nan
7.965000000000000000e+03
nan
nan
nan
nan
3.520000000000000000e+02
nan
7.748000000000000000e+03
nan
nan
nan
nan
nan
1.304000000000000000e+03
nan
nan
nan
nan
nan
5.826400000000000000e+04
1.075000000000000000e+03
nan
1.774000000000000000e+03
6.149000000000000000e+03
nan
nan
nan
nan
nan
4.710000000000000000e+02
nan
1.200000000000000000e+04
1.976000000000000000e+03
nan
nan
nan
nan
nan
nan
nan
nan
nan
3.630000000000000000e+02
nan
nan
nan
nan
nan
5.056000000000000000e+03
nan
1.950000000000000000e+03
nan
nan
nan
nan
nan
nan
4.634000000000000000e+03
nan
1.939200000000000000e+04
nan
nan
2.501700000000000000e+04
nan
1.099900000000000000e+04
nan
nan
nan
nan
nan
1.688100000000000000e+04
1.489500000000000000e+04
nan
nan
1.762000000000000000e+03
nan
1.173000000000000000e+03
nan
nan
7.356000000000000000e+03
6.022000000000000000e+03
nan
1.486000000000000000e+03
nan
1.558500000000000000e+04
nan
nan
nan
nan
nan
nan
nan
2.190000000000000000e+03
1.167000000000000000e+04
nan
3.289000000000000000e+03
nan
nan
1.683600000000000000e+04
nan
nan
nan
5.827000000000000000e+03
4.820100000000000000e+04
nan
nan
5.202000000000000000e+03
nan
nan
nan
nan
nan
1.201000000000000000e+03
nan
nan
nan
2.581000000000000000e+03
nan
nan
nan
nan
nan
nan
nan
nan
nan
5.204000000000000000e+03
3.239000000000000000e+03
nan
3.800000000000000000e+01
nan
nan
nan
nan
nan
nan
1.657500000000000000e+04
nan
nan
3.946000000000000000e+03
nan
nan
nan
4.224000000000000000e+03
nan
1.170100000000000000e+04
nan
1.309400000000000000e+04
8.000000000000000000e+00
3.384000000000000000e+03
3.584000000000000000e+03
nan
6.254000000000000000e+03
nan
nan
nan
nan
3.341000000000000000e+03
1.848000000000000000e+03
1.645800000000000000e+04
nan
1.886000000000000000e+03
1.712000000000000000e+03
nan
nan
nan
nan
nan
5.282000000000000000e+03
nan
nan
nan
nan
2.058200000000000000e+04
nan
nan
1.186000000000000000e+03
nan
nan
nan
5.039000000000000000e+03
nan
nan
5.468000000000000000e+03
9.200000000000000000e+02
nan
nan
2.172000000000000000e+03
1.784000000000000000e+03
nan
nan
nan
nan
1.914000000000000000e+03
nan
nan
nan
nan
nan
1.208000000000000000e+03
8.790000000000000000e+02
nan
1.854000000000000000e+03
nan
3.744000000000000000e+03
nan
nan
nan
nan
nan
nan
nan
nan
3.782000000000000000e+03
nan
nan
nan
nan
nan
nan
nan
nan
1.770000000000000000e+03
nan
nan
nan
nan
6.328000000000000000e+03
nan
nan
nan
nan
6.003000000000000000e+03
nan
nan
9.000000000000000000e+02
nan
2.952000000000000000e+03
nan
1.083200000000000000e+04
nan
9.917000000000000000e+03
nan
nan
nan
nan
nan
6.000000000000000000e+02
2.556000000000000000e+03
nan
nan
nan
nan
1.104000000000000000e+03
nan
nan
nan
nan
nan
nan
nan
nan
nan
1.216400000000000000e+04
1.600000000000000000e+02
nan
nan
nan
nan
3.504000000000000000e+03
7.383000000000000000e+03
nan
nan
1.063000000000000000e+03
nan
nan
nan
1.755000000000000000e+03
nan
nan
9.434000000000000000e+03
nan
nan
nan
3.350000000000000000e+02
nan
6.209000000000000000e+03
nan
8.664000000000000000e+03
1.269000000000000000e+03
nan
1.685000000000000000e+03
nan
nan
nan
nan
nan
8.280000000000000000e+02
nan
3.243100000000000000e+04
nan
nan
nan
5.326300000000000000e+04
3.860000000000000000e+02
5.504000000000000000e+03
nan
nan
nan
4.734000000000000000e+03
nan
nan
nan
nan
nan
3.189000000000000000e+03
5.030000000000000000e+03
nan
nan
1.212000000000000000e+03
3.153000000000000000e+03
nan
1.096100000000000000e+04
3.798000000000000000e+03
nan
nan
nan
nan
nan
nan
4.288000000000000000e+03
1.718000000000000000e+03
3.680000000000000000e+02
9.590000000000000000e+02
4.810000000000000000e+03
nan
1.565000000000000000e+03
nan
3.800000000000000000e+03
3.217000000000000000e+03
nan
nan
nan
1.891900000000000000e+04
1.010800000000000000e+04
1.024000000000000000e+03
6.728000000000000000e+03
2.758000000000000000e+03
nan
nan
nan
1.108000000000000000e+03
1.100000000000000000e+03
nan
nan
nan
nan
5.230000000000000000e+03
nan
8.360000000000000000e+02
4.504000000000000000e+04
nan
nan
1.130000000000000000e+03
nan
4.398000000000000000e+03
nan
nan
nan
2.660000000000000000e+02
9.430000000000000000e+02
4.647900000000000000e+04
nan
7.305000000000000000e+03
nan
nan
nan
nan
nan
nan
nan
nan
nan
2.030700000000000000e+04
nan
3.098000000000000000e+03
nan
nan
nan
nan
3.284700000000000000e+04
3.984000000000000000e+04
nan
nan
nan
4.061000000000000000e+03
9.183000000000000000e+03
nan
1.395900000000000000e+04
nan
nan
nan
nan
nan
1.760000000000000000e+03
nan
1.736000000000000000e+03
nan
2.396000000000000000e+03
nan
6.139000000000000000e+03
nan
6.080000000000000000e+03
nan
9.200000000000000000e+02
nan
nan
nan
nan
1.982000000000000000e+03
3.084000000000000000e+03
nan
1.268000000000000000e+03
1.412000000000000000e+03
nan
nan
4.446000000000000000e+03
2.776000000000000000e+03
nan
nan
nan
1.275100000000000000e+04
nan
nan
2.439800000000000000e+04
nan
nan
nan
nan
1.251200000000000000e+04
nan
8.622000000000000000e+03
1.780300000000000000e+04
8.770000000000000000e+02
nan
nan
nan
1.014000000000000000e+03
nan
9.240000000000000000e+02
1.826000000000000000e+03
nan
nan
nan
2.504000000000000000e+03
8.730000000000000000e+02
nan
nan
3.189000000000000000e+03
nan
nan
7.400000000000000000e+02
nan
1.700000000000000000e+03
6.626000000000000000e+04
3.816500000000000000e+04
nan
nan
6.559000000000000000e+03
nan
7.300000000000000000e+02
nan
nan
nan
nan
3.407900000000000000e+04
nan
nan
nan
nan
nan
nan
nan
nan
nan
nan
4.272000000000000000e+03
nan
1.952900000000000000e+04
nan
nan
nan
nan
8.990000000000000000e+03
nan
nan
1.615000000000000000e+03
2.518000000000000000e+03
7.565000000000000000e+03
nan
nan
5.967000000000000000e+03
7.613000000000000000e+03
3.840000000000000000e+02
5.800000000000000000e+02
nan
1.690000000000000000e+03
1.191000000000000000e+03
nan
2.120000000000000000e+03
nan
nan
nan
nan
9.360000000000000000e+03
1.281000000000000000e+03
2.856000000000000000e+03
nan
nan
nan
nan
nan
nan
nan
3.616000000000000000e+03
nan
nan
6.846000000000000000e+03
nan
nan
nan
nan
2.315000000000000000e+03
1.296000000000000000e+03
2.722200000000000000e+04
nan
2.842000000000000000e+03
2.345000000000000000e+03
nan
nan
1.270000000000000000e+02
2.054700000000000000e+04
nan
nan
3.710000000000000000e+03
1.315000000000000000e+03
nan
nan
nan
nan
nan
nan
nan
nan
7.750000000000000000e+02
nan
nan
7.304800000000000000e+04
nan
2.297000000000000000e+03
nan
6.291700000000000000e+04
nan
nan
nan
nan
3.296000000000000000e+03
1.805000000000000000e+03
nan
nan
nan
nan
nan
nan
nan
2.856000000000000000e+03
nan
nan
nan
nan
nan
nan
3.691000000000000000e+03
nan
1.204600000000000000e+04
nan
nan
6.400000000000000000e+02
nan
nan
nan
nan
nan
nan
nan
nan
nan
1.814000000000000000e+03
nan
nan
nan
3.461100000000000000e+04
nan
nan
nan
nan
nan
nan
5.430000000000000000e+02
6.760000000000000000e+02
5.019000000000000000e+03
nan
nan
6.691000000000000000e+03
2.799000000000000000e+03
1.607000000000000000e+03
nan
nan
nan
nan
nan
nan
1.128000000000000000e+03
9.869000000000000000e+03
3.609200000000000000e+04
nan
nan
nan
nan
2.310000000000000000e+03
nan
nan
nan
nan
nan
5.710000000000000000e+03
nan
nan
3.362600000000000000e+04
nan
nan
nan
nan
nan
nan
1.856800000000000000e+04
nan
nan
2.230000000000000000e+03
nan
9.580000000000000000e+02
nan
nan
nan
nan
nan
nan
1.123700000000000000e+04
nan
3.446600000000000000e+04
nan
5.600000000000000000e+01
nan
7.791000000000000000e+03
nan
7.334000000000000000e+03
2.044000000000000000e+03
nan
nan
1.020000000000000000e+02
nan
5.961000000000000000e+03
nan
nan
nan
nan
nan
nan
nan
nan
nan
nan
nan
nan
2.030000000000000000e+02
1.339000000000000000e+04
nan
nan
nan
nan
nan
1.685500000000000000e+04
nan
1.044100000000000000e+04
nan
1.016000000000000000e+04
nan
1.704000000000000000e+03
1.757000000000000000e+03
nan
nan
nan
3.595000000000000000e+03
nan
nan
nan
nan
nan
6.940000000000000000e+03
1.406300000000000000e+04
2.350000000000000000e+02
8.730000000000000000e+02
nan
nan
nan
nan
2.391000000000000000e+03
1.255000000000000000e+03
nan
4.916000000000000000e+03
nan
nan
nan
nan
nan
1.931700000000000000e+04
nan
1.536000000000000000e+03
nan
nan
7.977000000000000000e+03
1.763000000000000000e+03
1.736000000000000000e+03
nan
nan
4.779000000000000000e+03
1.769000000000000000e+03
nan
2.119000000000000000e+03
3.334000000000000000e+03
5.008000000000000000e+03
nan
1.086000000000000000e+03
nan
4.571000000000000000e+03
nan
2.144500000000000000e+04
nan
nan
1.134000000000000000e+03
4.480000000000000000e+02
nan
nan
nan
1.048000000000000000e+03
3.405000000000000000e+03
1.780000000000000000e+02
nan
1.364000000000000000e+03
nan
nan
nan
nan
nan
4.943000000000000000e+03
nan
nan
3.061400000000000000e+04
nan
nan
nan
nan
nan
nan
nan
nan
nan
nan
nan
9.440000000000000000e+02
nan
5.025100000000000000e+04
nan
nan
nan
nan
nan
4.417000000000000000e+03
nan
7.919000000000000000e+03
5.548000000000000000e+03
nan
nan
2.144700000000000000e+04
nan
nan
nan
nan
nan
3.132000000000000000e+03
nan
3.359200000000000000e+04
1.670000000000000000e+02
nan
nan
nan
nan
7.280000000000000000e+02
1.038100000000000000e+04
1.040700000000000000e+04
6.177000000000000000e+03
2.795000000000000000e+03
nan
nan
nan
1.728000000000000000e+03
nan
nan
nan
2.041000000000000000e+03
1.392000000000000000e+04
nan
nan
nan
1.892000000000000000e+03
nan
nan
1.497500000000000000e+04
nan
nan
nan
nan
5.970000000000000000e+03
nan
nan
1.919500000000000000e+04
nan
2.564000000000000000e+03
1.386000000000000000e+03
4.102000000000000000e+03
nan
nan
nan
5.702000000000000000e+03
nan
nan
nan
1.954000000000000000e+03
nan
nan
nan
4.480000000000000000e+02
4.088000000000000000e+03
3.177000000000000000e+03
nan
1.686400000000000000e+04
nan
nan
nan
nan
nan
nan
1.578300000000000000e+04
nan
nan
1.275000000000000000e+03
nan
1.851000000000000000e+03
nan
nan
nan
nan
nan
nan
nan
7.480000000000000000e+02
2.925000000000000000e+03
nan
nan
4.003000000000000000e+03
nan
nan
nan
nan
2.568000000000000000e+03
nan
nan
nan
nan
2.219000000000000000e+03
3.345700000000000000e+04
nan
nan
nan
nan
2.200000000000000000e+01
4.126000000000000000e+03
1.912000000000000000e+04
nan
nan
3.710000000000000000e+02
nan
nan
nan
nan
nan
nan
nan
nan
nan
nan
nan
nan
nan
nan
nan
nan
nan
nan
nan
nan
nan
nan
nan
nan
nan
1.772700000000000000e+04
5.782300000000000000e+04
nan
nan
nan
nan
1.756000000000000000e+03
nan
nan
nan
9.440000000000000000e+03
2.347800000000000000e+04
4.336000000000000000e+03
nan
2.654000000000000000e+03
3.584400000000000000e+04
nan
nan
nan
8.862000000000000000e+03
5.249000000000000000e+03
4.620000000000000000e+02
nan
nan
2.496000000000000000e+03
nan
nan
nan
8.069000000000000000e+03
nan
3.278000000000000000e+03
nan
9.700000000000000000e+02
6.270000000000000000e+03
nan
nan
nan
4.356000000000000000e+03
nan
2.234000000000000000e+03
8.084000000000000000e+03
2.497000000000000000e+03
nan
nan
1.809000000000000000e+03
1.830500000000000000e+04
4.166600000000000000e+04
nan
6.714000000000000000e+03
nan
nan
1.391000000000000000e+03
1.008000000000000000e+03
nan
nan
nan
nan
1.100000000000000000e+03
2.380000000000000000e+03
nan
5.371900000000000000e+04
nan
9.390000000000000000e+02
1.908000000000000000e+03
nan
5.683000000000000000e+03
2.388000000000000000e+03
1.960000000000000000e+02
nan
nan
nan
6.292000000000000000e+03
2.011400000000000000e+04
1.754000000000000000e+03
nan
nan
nan
nan
5.336000000000000000e+03
3.453000000000000000e+03
nan
nan
nan
1.573300000000000000e+04
1.103000000000000000e+04
nan
nan
nan
nan
3.106000000000000000e+03
nan
3.255000000000000000e+03
nan
4.710000000000000000e+02
nan
nan
5.254000000000000000e+03
nan
nan
nan
9.934000000000000000e+03
nan
5.521000000000000000e+03
nan
3.044000000000000000e+03
nan
nan
nan
nan
2.296000000000000000e+03
nan
nan
nan
1.260540000000000000e+05
nan
nan
nan
1.102000000000000000e+03
nan
1.922000000000000000e+03
8.008000000000000000e+03
1.520000000000000000e+02
9.360000000000000000e+02
1.740000000000000000e+03
nan
nan
nan
1.955000000000000000e+03
nan
nan
nan
1.601100000000000000e+04
1.055400000000000000e+04
nan
2.222000000000000000e+03
nan
nan
nan
nan
3.060000000000000000e+02
nan
5.760000000000000000e+02
8.659500000000000000e+04
nan
5.600000000000000000e+02
nan
1.444000000000000000e+03
3.746000000000000000e+03
nan
1.443600000000000000e+04
nan
nan
nan
1.328000000000000000e+03
1.153460000000000000e+05
nan
nan
nan
nan
nan
nan
2.754000000000000000e+03
9.803000000000000000e+03
nan
5.758000000000000000e+03
nan
nan
nan
nan
nan
1.103000000000000000e+03
nan
nan
nan
nan
nan
nan
nan
2.000000000000000000e+01
1.628900000000000000e+04
nan
3.434000000000000000e+03
nan
nan
6.572000000000000000e+03
2.265000000000000000e+03
nan
nan
2.924700000000000000e+04
1.199800000000000000e+04
3.680000000000000000e+02
nan
nan
3.418800000000000000e+04
nan
nan
1.728000000000000000e+03
nan
2.187000000000000000e+03
nan
nan
nan
nan
3.040000000000000000e+02
1.839200000000000000e+04
9.650000000000000000e+02
nan
nan
nan
nan
nan
nan
nan
nan
nan
nan
nan
1.724000000000000000e+03
1.579200000000000000e+04
nan
2.740000000000000000e+03
8.297000000000000000e+03
nan
nan
3.304000000000000000e+03
2.282000000000000000e+04
nan
nan
nan
5.044000000000000000e+03
nan
1.580000000000000000e+02
4.400000000000000000e+01
nan
nan
1.582000000000000000e+03
7.360000000000000000e+02
nan
2.184100000000000000e+04
nan
1.058000000000000000e+03
6.811000000000000000e+03
8.620000000000000000e+02
nan
7.386000000000000000e+03
7.206000000000000000e+03
nan
nan
nan
nan
nan
nan
nan
2.949100000000000000e+04
nan
nan
1.201400000000000000e+04
1.120000000000000000e+03
nan
nan
5.964000000000000000e+03
4.733000000000000000e+03
nan
nan
nan
nan
nan
1.217500000000000000e+04
nan
nan
6.488000000000000000e+03
2.260000000000000000e+04
nan
1.600000000000000000e+02
nan
nan
nan
nan
nan
9.336000000000000000e+03
6.836400000000000000e+04
nan
nan
nan
nan
nan
nan
nan
7.456000000000000000e+03
8.970000000000000000e+02
2.455000000000000000e+03
nan
nan
nan
3.244000000000000000e+03
nan
4.896000000000000000e+03
nan
nan
nan
nan
nan
nan
nan
nan
nan
3.400000000000000000e+02
1.070300000000000000e+04
1.355000000000000000e+03
nan
nan
nan
2.280000000000000000e+03
6.645000000000000000e+03
nan
2.237000000000000000e+03
nan
nan
nan
nan
2.258000000000000000e+03
nan
nan
6.163000000000000000e+03
nan
nan
1.245000000000000000e+04
nan
nan
nan
nan
1.342600000000000000e+04
1.602500000000000000e+04
9.222000000000000000e+03
nan
3.445000000000000000e+03
1.647000000000000000e+03
nan
nan
7.629300000000000000e+04
nan
nan
nan
4.250000000000000000e+03
nan
nan
nan
nan
nan
5.070000000000000000e+02
nan
nan
nan
nan
1.814000000000000000e+03
nan
nan
nan
1.290000000000000000e+02
3.609000000000000000e+03
nan
1.354000000000000000e+03
nan
nan
nan
nan
nan
6.409000000000000000e+03
nan
nan
1.720000000000000000e+03
3.815000000000000000e+03
8.322000000000000000e+03
nan
nan
nan
nan
nan
nan
1.853400000000000000e+04
nan
nan
4.249000000000000000e+03
6.921000000000000000e+03
nan
nan
nan
8.006000000000000000e+03
nan
nan
nan
nan
nan
nan
3.560000000000000000e+02
1.749500000000000000e+04
8.170000000000000000e+02
nan
5.232000000000000000e+03
nan
nan
nan
nan
nan
nan
nan
nan
2.883300000000000000e+04
2.346000000000000000e+03
nan
7.510600000000000000e+04
nan
nan
nan
7.585000000000000000e+03
nan
1.485000000000000000e+03
nan
nan
nan
nan
6.177000000000000000e+03
nan
nan
nan
nan
4.162500000000000000e+04
nan
nan
nan
1.416000000000000000e+03
nan
1.061100000000000000e+04
nan
nan
3.464000000000000000e+03
nan
nan
nan
3.424000000000000000e+03
1.512300000000000000e+04
nan
nan
9.024000000000000000e+03
nan
nan
nan
nan
nan
nan
8.589000000000000000e+03
nan
nan
nan
nan
nan
nan
nan
nan
nan
nan
nan
nan
2.099800000000000000e+04
1.475000000000000000e+03
2.733800000000000000e+04
nan
nan
nan
nan
nan
1.157000000000000000e+03
nan
1.252000000000000000e+03
nan
nan
nan
nan
nan
1.720000000000000000e+03
nan
1.880000000000000000e+03
nan
nan
nan
nan
nan
nan
nan
4.054000000000000000e+03
nan
nan
nan
nan
nan
nan
nan
nan
nan
nan
nan
nan
nan
6.824000000000000000e+03
8.860000000000000000e+02
nan
9.107000000000000000e+03
nan
nan
nan
nan
nan
nan
1.718000000000000000e+03
nan
nan
nan
6.028200000000000000e+04
3.740000000000000000e+02
nan
nan
nan
nan
8.664000000000000000e+03
nan
2.633200000000000000e+04
nan
nan
3.193000000000000000e+03
nan
8.350000000000000000e+03
nan
nan
4.640000000000000000e+02
nan
nan
nan
nan
1.404000000000000000e+03
8.877100000000000000e+04
1.194000000000000000e+03
3.524000000000000000e+03
nan
2.712000000000000000e+03
nan
2.378000000000000000e+03
nan
nan
2.424000000000000000e+03
5.240000000000000000e+02
nan
nan
1.205700000000000000e+04
nan
1.005500000000000000e+04
nan
nan
nan
nan
nan
3.848000000000000000e+03
nan
1.744000000000000000e+03
nan
nan
nan
1.083100000000000000e+04
9.613000000000000000e+03
nan
nan
nan
nan
nan
nan
nan
nan
nan
nan
1.771000000000000000e+03
1.284000000000000000e+03
8.800000000000000000e+02
nan
nan
nan
2.650000000000000000e+03
2.178000000000000000e+03
nan
nan
nan
nan
nan
nan
nan
nan
4.785000000000000000e+03
nan
9.130000000000000000e+02
nan
nan
nan
nan
nan
1.368000000000000000e+03
nan
2.006000000000000000e+04
nan
nan
nan
2.389500000000000000e+04
nan
nan
nan
nan
nan
2.307000000000000000e+03
nan
nan
nan
1.426000000000000000e+03
5.112000000000000000e+03
nan
1.148800000000000000e+04
nan
nan
nan
5.130000000000000000e+03
nan
nan
nan
nan
nan
nan
nan
nan
nan
nan
nan
nan
nan
1.763000000000000000e+03
3.001000000000000000e+03
nan
3.945000000000000000e+03
nan
nan
nan
nan
nan
nan
5.032000000000000000e+03
1.402000000000000000e+03
nan
nan
2.776000000000000000e+03
nan
nan
nan
nan
1.581000000000000000e+03
1.755000000000000000e+03
nan
nan
6.312000000000000000e+03
nan
nan
nan
2.447000000000000000e+04
nan
nan
nan
2.920000000000000000e+02
nan
nan
nan
nan
6.176000000000000000e+03
nan
1.712000000000000000e+03
nan
nan
3.408000000000000000e+03
6.177000000000000000e+03
nan
nan
2.024000000000000000e+03
1.510400000000000000e+04
8.707000000000000000e+03
nan
3.544000000000000000e+03
nan
6.800000000000000000e+01
nan
nan
nan
nan
1.409000000000000000e+03
nan
1.670000000000000000e+02
5.342100000000000000e+04
9.681500000000000000e+04
nan
nan
nan
1.672000000000000000e+03
nan
3.356000000000000000e+03
1.500000000000000000e+02
1.118000000000000000e+03
nan
nan
nan
nan
nan
3.631000000000000000e+03
nan
nan
nan
nan
5.104000000000000000e+03
6.131000000000000000e+03
nan
nan
nan
nan
nan
nan
nan
nan
3.059000000000000000e+03
nan
nan
nan
nan
nan
5.120000000000000000e+03
nan
nan
4.120400000000000000e+04
4.790000000000000000e+02
nan
nan
3.508000000000000000e+03
2.183900000000000000e+04
nan
nan
nan
nan
1.748000000000000000e+03
2.768000000000000000e+03
3.000600000000000000e+04
1.374000000000000000e+03
nan
nan
1.895000000000000000e+04
6.149000000000000000e+03
nan
1.657000000000000000e+03
nan
nan
nan
nan
1.809700000000000000e+04
nan
nan
nan
6.507000000000000000e+03
nan
nan
nan
nan
7.994000000000000000e+03
1.365000000000000000e+03
nan
nan
nan
4.852000000000000000e+03
nan
nan
2.148000000000000000e+03
nan
1.177300000000000000e+04
nan
nan
nan
5.195000000000000000e+03
1.161900000000000000e+05
nan
2.116000000000000000e+03
nan
2.340500000000000000e+04
nan
nan
nan
nan
1.282000000000000000e+03
nan
4.702000000000000000e+03
nan
nan
nan
7.160000000000000000e+03
2.927000000000000000e+03
1.036400000000000000e+04
6.007000000000000000e+03
nan
nan
nan
nan
nan
9.535000000000000000e+03
nan
nan
1.678000000000000000e+03
3.881100000000000000e+04
nan
nan
nan
3.909000000000000000e+03
nan
nan
1.010000000000000000e+03
nan
nan
nan
nan
3.072100000000000000e+04
nan
nan
nan
nan
1.937300000000000000e+04
nan
nan
2.926000000000000000e+03
nan
nan
nan
nan
nan
nan
nan
9.000000000000000000e+00
nan
nan
nan
5.152000000000000000e+03
1.258500000000000000e+04
1.271000000000000000e+03
1.132700000000000000e+04
nan
nan
nan
5.808000000000000000e+03
nan
nan
1.040400000000000000e+04
nan
nan
2.980000000000000000e+03
nan
1.083200000000000000e+04
6.138700000000000000e+04
4.375000000000000000e+03
8.980000000000000000e+02
1.280000000000000000e+02
nan
6.186800000000000000e+04
nan
nan
nan
nan
5.446000000000000000e+03
1.391000000000000000e+03
nan
nan
nan
nan
5.702000000000000000e+03
nan
nan
nan
4.412000000000000000e+03
1.084000000000000000e+03
2.806300000000000000e+04
nan
1.026800000000000000e+04
1.229000000000000000e+03
2.152000000000000000e+03
1.844000000000000000e+03
nan
nan
nan
nan
nan
nan
1.752000000000000000e+03
nan
nan
3.760000000000000000e+03
nan
5.538000000000000000e+03
8.187000000000000000e+03
8.085000000000000000e+03
nan
nan
nan
1.563800000000000000e+04
1.201000000000000000e+03
nan
nan
nan
nan
nan
nan
nan
nan
nan
nan
8.550000000000000000e+03
7.545000000000000000e+03
nan
nan
nan
1.971400000000000000e+04
1.449500000000000000e+04
nan
6.840000000000000000e+02
nan
4.808000000000000000e+03
nan
nan
nan
nan
5.789300000000000000e+04
3.177000000000000000e+03
nan
1.374000000000000000e+03
nan
nan
nan
4.546000000000000000e+03
nan
nan
nan
nan
nan
1.328000000000000000e+03
nan
9.970000000000000000e+03
nan
nan
nan
nan
nan
nan
nan
4.760000000000000000e+02
nan
2.992000000000000000e+03
nan
nan
7.397000000000000000e+03
nan
nan
nan
4.276000000000000000e+03
nan
nan
nan
nan
5.812800000000000000e+04
nan
8.300000000000000000e+02
nan
nan
nan
nan
1.216000000000000000e+03
nan
4.529000000000000000e+03
nan
1.324300000000000000e+04
1.322000000000000000e+03
nan
nan
3.360000000000000000e+02
nan
nan
3.024000000000000000e+03
nan
nan
nan
3.000000000000000000e+03
1.438000000000000000e+03
nan
nan
nan
1.280300000000000000e+04
1.682000000000000000e+03
nan
nan
1.812000000000000000e+03
3.422000000000000000e+03
nan
5.669300000000000000e+04
nan
nan
nan
nan
2.337000000000000000e+03
7.653000000000000000e+03
2.377000000000000000e+03
nan
nan
2.174000000000000000e+03
nan
nan
1.110000000000000000e+03
nan
nan
4.187500000000000000e+04
nan
nan
nan
nan
nan
nan
1.624000000000000000e+03
nan
nan
nan
nan
nan
nan
nan
nan
nan
9.810000000000000000e+02
nan
3.884000000000000000e+03
nan
nan
nan
6.880000000000000000e+03
nan
nan
nan
4.480000000000000000e+03
1.375300000000000000e+04
nan
nan
nan
7.158000000000000000e+03
3.044000000000000000e+03
nan
nan
5.584000000000000000e+03
nan
nan
nan
nan
nan
8.115000000000000000e+03
nan
nan
nan
1.507100000000000000e+04
6.506000000000000000e+03
5.168000000000000000e+03
nan
nan
nan
1.581800000000000000e+04
nan
nan
nan
nan
1.739000000000000000e+03
1.437000000000000000e+03
nan
nan
nan
nan
nan
nan
nan
nan
nan
nan
nan
nan
5.089000000000000000e+03
2.480000000000000000e+02
1.032000000000000000e+03
2.576000000000000000e+03
nan
1.221000000000000000e+03
5.572200000000000000e+04
nan
nan
9.694000000000000000e+03
nan
3.856000000000000000e+03
nan
1.486000000000000000e+03
nan
nan
nan
nan
1.748000000000000000e+03
1.624000000000000000e+03
2.404300000000000000e+04
nan
nan
nan
nan
nan
9.560000000000000000e+02
1.562600000000000000e+04
nan
nan
nan
nan
nan
2.400000000000000000e+03
nan
1.415000000000000000e+03
nan
8.222000000000000000e+03
2.670000000000000000e+03
5.126000000000000000e+03
nan
nan
2.229100000000000000e+04
nan
nan
1.972000000000000000e+03
nan
nan
nan
7.885000000000000000e+03
nan
1.132000000000000000e+04
nan
2.023000000000000000e+03
nan
nan
nan
nan
nan
2.029800000000000000e+04
nan
nan
2.093000000000000000e+03
3.139000000000000000e+03
nan
nan
nan
nan
nan
nan
3.851000000000000000e+03
nan
nan
2.508000000000000000e+03
nan
nan
nan
nan
1.350000000000000000e+02
nan
3.888000000000000000e+03
nan
2.712000000000000000e+03
nan
1.754000000000000000e+03
nan
nan
nan
nan
6.156000000000000000e+03
nan
nan
nan
nan
nan
nan
1.785000000000000000e+04
nan
nan
nan
3.182000000000000000e+03
nan
nan
nan
nan
nan
nan
nan
nan
nan
6.485000000000000000e+03
nan
nan
1.688600000000000000e+04
nan
nan
nan
1.464000000000000000e+03
nan
nan
nan
1.656000000000000000e+03
nan
nan
nan
5.374000000000000000e+03
nan
nan
nan
nan
nan
nan
nan
1.391000000000000000e+04
1.440000000000000000e+03
1.815700000000000000e+04
nan
nan
1.714000000000000000e+03
1.885000000000000000e+03
nan
nan
1.188000000000000000e+03
nan
nan
nan
nan
nan
nan
nan
6.885000000000000000e+03
nan
3.237000000000000000e+03
nan
nan
nan
3.152000000000000000e+03
3.456000000000000000e+03
nan
3.184000000000000000e+03
nan
nan
1.143700000000000000e+04
4.979100000000000000e+04
1.666000000000000000e+03
2.000000000000000000e+00
nan
nan
3.280000000000000000e+02
nan
nan
nan
nan
nan
3.428000000000000000e+03
nan
1.199400000000000000e+04
nan
nan
9.660000000000000000e+02
7.070000000000000000e+03
nan
1.419800000000000000e+04
nan
nan
nan
nan
1.886500000000000000e+04
nan
4.273000000000000000e+03
nan
1.415300000000000000e+04
2.345600000000000000e+04
4.462000000000000000e+03
7.030000000000000000e+02
2.484300000000000000e+04
nan
1.105000000000000000e+04
nan
2.860200000000000000e+04
nan
nan
nan
nan
nan
nan
nan
nan
6.311000000000000000e+03
1.010000000000000000e+03
5.260000000000000000e+02
nan
nan
2.026600000000000000e+04
4.074000000000000000e+03
nan
nan
3.192000000000000000e+03
nan
2.444000000000000000e+03
nan
1.595500000000000000e+04
nan
nan
3.469000000000000000e+03
nan
nan
5.070000000000000000e+02
2.446000000000000000e+03
nan
7.419000000000000000e+03
nan
nan
nan
nan
nan
nan
nan
1.754000000000000000e+03
4.053000000000000000e+03
nan
6.096000000000000000e+04
nan
nan
nan
1.027220000000000000e+05
nan
nan
6.244000000000000000e+04
nan
nan
nan
nan
nan
nan
nan
nan
5.125000000000000000e+03
nan
nan
nan
9.970000000000000000e+03
nan
1.075600000000000000e+04
nan
2.005500000000000000e+04
4.445000000000000000e+03
nan
nan
nan
nan
nan
nan
nan
nan
nan
1.433000000000000000e+03
1.825000000000000000e+03
nan
nan
1.830500000000000000e+04
nan
1.621900000000000000e+04
nan
nan
2.189300000000000000e+04
nan
nan
nan
nan
nan
nan
9.560000000000000000e+03
nan
1.944000000000000000e+03
6.936000000000000000e+03
nan
3.950000000000000000e+02
3.380000000000000000e+03
nan
nan
nan
nan
nan
4.697000000000000000e+03
nan
7.237000000000000000e+03
nan
nan
nan
nan
nan
1.278000000000000000e+03
nan
2.459700000000000000e+04
nan
nan
nan
1.661000000000000000e+03
2.382000000000000000e+03
nan
8.740000000000000000e+02
nan
nan
4.784000000000000000e+03
1.776600000000000000e+04
9.890000000000000000e+02
nan
nan
5.814000000000000000e+03
4.520000000000000000e+03
1.188000000000000000e+03
nan
nan
nan
nan
nan
nan
1.116800000000000000e+04
1.230600000000000000e+04
1.267000000000000000e+03
1.748000000000000000e+03
nan
nan
nan
3.620000000000000000e+03
nan
nan
7.004000000000000000e+03
3.665000000000000000e+03
6.869000000000000000e+03
3.736000000000000000e+03
4.100000000000000000e+03
nan
3.084000000000000000e+03
7.709000000000000000e+03
2.876100000000000000e+04
nan
1.960000000000000000e+02
nan
nan
nan
2.680000000000000000e+02
nan
1.770000000000000000e+03
8.034000000000000000e+03
nan
nan
nan
6.042000000000000000e+03
3.920000000000000000e+03
nan
nan
1.563900000000000000e+04
8.940000000000000000e+02
nan
5.630000000000000000e+03
nan
nan
9.954000000000000000e+03
nan
nan
2.032000000000000000e+03
nan
nan
nan
3.448000000000000000e+03
1.908000000000000000e+03
2.397200000000000000e+04
6.847000000000000000e+03
nan
nan
nan
7.345000000000000000e+03
nan
3.954200000000000000e+04
nan
nan
2.104000000000000000e+03
nan
nan
nan
nan
nan
8.080000000000000000e+02
nan
3.296000000000000000e+03
4.900000000000000000e+02
nan
5.121300000000000000e+04
1.720000000000000000e+02
nan
nan
3.683000000000000000e+03
nan
nan
1.359000000000000000e+03
nan
1.830500000000000000e+04
8.527000000000000000e+03
nan
nan
1.632000000000000000e+03
2.797000000000000000e+04
nan
nan
4.500000000000000000e+02
nan
nan
nan
nan
nan
nan
3.474000000000000000e+03
nan
1.107200000000000000e+04
nan
nan
1.503000000000000000e+03
nan
nan
nan
4.648000000000000000e+03
nan
2.902000000000000000e+03
nan
nan
nan
nan
3.461100000000000000e+04
nan
nan
nan
nan
nan
nan
nan
8.050000000000000000e+03
nan
nan
nan
1.380000000000000000e+03
nan
nan
1.948000000000000000e+03
1.510400000000000000e+04
2.970000000000000000e+03
nan
nan
5.345000000000000000e+03
nan
nan
1.559600000000000000e+04
nan
1.720000000000000000e+03
7.400900000000000000e+04
4.770000000000000000e+02
nan
9.900000000000000000e+02
nan
2.042000000000000000e+03
nan
nan
6.151000000000000000e+03
nan
nan
nan
3.456000000000000000e+03
7.050000000000000000e+02
nan
nan
nan
4.895000000000000000e+03
9.960000000000000000e+03
nan
nan
9.360000000000000000e+02
nan
nan
nan
3.240000000000000000e+03
nan
2.740300000000000000e+04
nan
nan
2.321600000000000000e+04
1.411000000000000000e+04
nan
3.310000000000000000e+02
nan
8.348000000000000000e+03
3.644200000000000000e+04
nan
nan
nan
nan
7.078000000000000000e+03
nan
2.400000000000000000e+02
8.333000000000000000e+03
1.796000000000000000e+03
2.485000000000000000e+03
nan
nan
nan
nan
nan
nan
1.078500000000000000e+04
3.416000000000000000e+03
nan
nan
nan
4.336000000000000000e+03
1.099440000000000000e+05
nan
nan
nan
4.084000000000000000e+03
nan
nan
nan
nan
9.239000000000000000e+03
nan
nan
5.481000000000000000e+03
2.920000000000000000e+02
nan
nan
nan
3.300000000000000000e+04
nan
1.517000000000000000e+04
9.320000000000000000e+03
nan
nan
nan
9.200000000000000000e+02
nan
nan
6.560000000000000000e+02
1.217000000000000000e+03
nan
2.666000000000000000e+03
2.400000000000000000e+02
nan
nan
nan
nan
nan
nan
nan
1.792000000000000000e+03
nan
1.739800000000000000e+04
6.134000000000000000e+03
nan
nan
nan
nan
5.341900000000000000e+04
nan
nan
1.156000000000000000e+03
1.135000000000000000e+03
nan
nan
5.776000000000000000e+03
nan
nan
nan
9.100000000000000000e+02
nan
2.139000000000000000e+03
6.960000000000000000e+03
nan
1.174900000000000000e+04
2.588000000000000000e+03
nan
nan
nan
6.821000000000000000e+03
nan
nan
nan
1.680000000000000000e+02
nan
nan
nan
1.261000000000000000e+04
5.150000000000000000e+02
1.179000000000000000e+03
nan
1.494000000000000000e+03
nan
6.440000000000000000e+02
nan
nan
nan
8.448000000000000000e+03
1.296000000000000000e+03
3.576000000000000000e+03
2.344200000000000000e+04
nan
nan
nan
2.677400000000000000e+04
1.771000000000000000e+03
nan
4.888000000000000000e+03
nan
nan
2.754000000000000000e+03
nan
nan
nan
nan
nan
3.648000000000000000e+03
nan
nan
nan
nan
nan
nan
1.976000000000000000e+03
1.147600000000000000e+04
nan
5.811000000000000000e+03
1.855900000000000000e+04
nan
1.424000000000000000e+03
nan
nan
nan
nan
nan
4.984000000000000000e+03
nan
nan
6.620000000000000000e+02
nan
nan
nan
1.898000000000000000e+03
1.566000000000000000e+03
2.580000000000000000e+03
9.591000000000000000e+03
nan
nan
nan
nan
nan
nan
1.756000000000000000e+03
1.888000000000000000e+03
nan
nan
nan
nan
nan
nan
nan
nan
nan
nan
nan
nan
9.215000000000000000e+03
nan
2.258300000000000000e+04
nan
nan
nan
nan
nan
2.809000000000000000e+04
2.232070000000000000e+05
6.408000000000000000e+03
5.036000000000000000e+03
nan
4.429200000000000000e+04
1.423300000000000000e+04
3.828000000000000000e+03
1.757000000000000000e+03
4.136000000000000000e+03
1.118000000000000000e+03
nan
2.707100000000000000e+04
nan
nan
7.520000000000000000e+02
nan
nan
nan
3.031000000000000000e+04
nan
nan
1.410600000000000000e+04
1.373500000000000000e+04
1.000000000000000000e+00
5.070200000000000000e+04
nan
nan
nan
nan
nan
nan
nan
nan
nan
2.493100000000000000e+04
nan
1.772000000000000000e+03
4.010000000000000000e+02
nan
1.328000000000000000e+03
nan
nan
2.564000000000000000e+03
nan
3.448000000000000000e+03
nan
5.085000000000000000e+03
9.675000000000000000e+03
nan
nan
1.243200000000000000e+04
nan
nan
nan
nan
nan
nan
nan
2.848800000000000000e+04
1.174000000000000000e+04
6.400000000000000000e+02
2.342000000000000000e+03
nan
nan
6.682000000000000000e+03
nan
nan
nan
nan
nan
1.275300000000000000e+04
nan
nan
nan
8.670000000000000000e+03
nan
nan
nan
nan
nan
nan
nan
nan
7.880000000000000000e+02
nan
7.639000000000000000e+03
nan
1.660000000000000000e+03
5.986000000000000000e+03
nan
nan
1.740000000000000000e+03
nan
nan
nan
nan
1.390700000000000000e+04
nan
nan
1.078100000000000000e+04
nan
4.736000000000000000e+03
nan
2.725000000000000000e+03
nan
nan
nan
nan
nan
nan
nan
nan
nan
6.460000000000000000e+02
nan
2.920000000000000000e+03
3.890000000000000000e+02
nan
nan
3.847000000000000000e+03
nan
nan
nan
6.100000000000000000e+01
1.313000000000000000e+03
nan
nan
nan
nan
nan
nan
nan
nan
nan
nan
3.088000000000000000e+03
7.617000000000000000e+03
1.141000000000000000e+03
nan
3.495000000000000000e+03
nan
2.574000000000000000e+03
2.720000000000000000e+02
nan
nan
nan
9.375000000000000000e+03
nan
nan
nan
2.882000000000000000e+03
1.075000000000000000e+03
5.760000000000000000e+03
1.064000000000000000e+03
1.270000000000000000e+02
1.391000000000000000e+03
5.716000000000000000e+03
nan
nan
nan
nan
nan
nan
nan
nan
nan
nan
1.230200000000000000e+04
7.039000000000000000e+03
nan
3.184000000000000000e+03
1.036100000000000000e+04
5.450000000000000000e+02
4.552000000000000000e+03
nan
nan
nan
nan
nan
nan
nan
3.913000000000000000e+04
nan
2.191300000000000000e+04
nan
nan
nan
nan
nan
nan
nan
nan
nan
nan
2.661000000000000000e+04
nan
nan
nan
8.093000000000000000e+03
nan
1.431000000000000000e+03
8.190000000000000000e+02
nan
9.320000000000000000e+02
2.378000000000000000e+03
nan
nan
4.280000000000000000e+03
nan
nan
nan
nan
nan
nan
nan
nan
8.820000000000000000e+02
nan
1.100600000000000000e+04
nan
nan
4.790000000000000000e+02
6.032000000000000000e+03
2.989000000000000000e+03
nan
2.000000000000000000e+02
1.132000000000000000e+03
1.692000000000000000e+03
nan
9.225000000000000000e+03
nan
nan
nan
nan
nan
nan
nan
nan
nan
nan
3.544000000000000000e+03
2.197000000000000000e+03
6.470000000000000000e+02
nan
nan
nan
nan
nan
8.651000000000000000e+03
nan
3.964000000000000000e+03
2.884000000000000000e+03
6.640000000000000000e+02
nan
2.371000000000000000e+03
nan
nan
nan
1.285000000000000000e+03
nan
nan
nan
nan
nan
nan
nan
nan
nan
nan
nan
nan
3.792000000000000000e+03
nan
nan
nan
1.278000000000000000e+03
nan
nan
nan
nan
9.971000000000000000e+03
nan
nan
8.164000000000000000e+03
nan
nan
1.360700000000000000e+04
nan
7.120000000000000000e+03
2.120000000000000000e+03
nan
nan
nan
nan
7.522000000000000000e+03
9.974000000000000000e+03
nan
5.832000000000000000e+03
nan
2.246000000000000000e+03
nan
5.099000000000000000e+03
nan
nan
nan
nan
nan
nan
nan
1.842200000000000000e+04
nan
nan
1.031800000000000000e+04
9.440000000000000000e+02
1.523000000000000000e+03
nan
nan
nan
1.264000000000000000e+03
nan
nan
6.592000000000000000e+03
nan
nan
4.030000000000000000e+02
nan
6.259000000000000000e+03
3.461000000000000000e+03
8.940000000000000000e+02
nan
8.002000000000000000e+03
nan
2.320000000000000000e+02
nan
2.230200000000000000e+04
nan
nan
nan
nan
4.362000000000000000e+03
nan
2.928700000000000000e+04
7.000000000000000000e+01
nan
1.621000000000000000e+03
nan
nan
nan
nan
nan
nan
nan
nan
nan
nan
nan
2.501000000000000000e+03
nan
nan
nan
nan
nan
9.697900000000000000e+04
nan
nan
nan
nan
nan
nan
nan
nan
nan
nan
nan
nan
nan
nan
nan
nan
1.697200000000000000e+04
4.500000000000000000e+02
nan
nan
nan
1.091300000000000000e+04
nan
1.149700000000000000e+04
nan
nan
2.136700000000000000e+04
nan
1.232300000000000000e+04
nan
nan
nan
3.206000000000000000e+03
nan
9.440000000000000000e+02
nan
nan
nan
9.147000000000000000e+03
nan
5.214000000000000000e+03
nan
nan
nan
4.950000000000000000e+02
nan
nan
2.792500000000000000e+04
nan
nan
nan
nan
nan
nan
nan
nan
nan
nan
nan
nan
nan
1.560000000000000000e+02
nan
3.309000000000000000e+03
nan
nan
nan
nan
2.660000000000000000e+02
nan
nan
nan
nan
nan
1.940000000000000000e+04
nan
nan
nan
nan
2.820000000000000000e+02
4.786000000000000000e+03
nan
1.876370000000000000e+05
1.055200000000000000e+04
nan
3.945000000000000000e+03
nan
nan
nan
nan
6.620000000000000000e+02
nan
nan
nan
1.952000000000000000e+03
nan
nan
3.292000000000000000e+03
nan
nan
nan
nan
1.965000000000000000e+03
nan
nan
3.751000000000000000e+03
7.044000000000000000e+03
nan
6.938000000000000000e+03
2.767000000000000000e+03
nan
nan
nan
nan
nan
nan
nan
nan
1.568000000000000000e+03
1.801000000000000000e+03
nan
6.726000000000000000e+03
6.330000000000000000e+03
nan
nan
2.926000000000000000e+03
nan
nan
1.744000000000000000e+03
4.876000000000000000e+03
nan
nan
nan
nan
nan
nan
nan
nan
nan
nan
1.655000000000000000e+03
nan
nan
nan
nan
5.000000000000000000e+02
nan
nan
nan
nan
nan
8.680000000000000000e+02
nan
nan
nan
nan
nan
nan
nan
1.840900000000000000e+04
6.783000000000000000e+03
7.327000000000000000e+03
2.289500000000000000e+04
1.456000000000000000e+03
nan
1.057100000000000000e+04
2.910000000000000000e+03
nan
1.150000000000000000e+03
nan
8.915000000000000000e+03
nan
nan
9.029000000000000000e+03
nan
nan
6.780000000000000000e+03
nan
nan
1.702000000000000000e+03
nan
nan
nan
6.131000000000000000e+03
nan
nan
nan
nan
nan
nan
nan
nan
nan
nan
nan
2.268400000000000000e+04
6.490000000000000000e+02
nan
nan
nan
nan
2.342000000000000000e+03
nan
nan
2.631600000000000000e+04
1.892000000000000000e+03
nan
nan
7.680000000000000000e+02
nan
nan
nan
nan
nan
2.051700000000000000e+04
3.018000000000000000e+03
5.444000000000000000e+04
nan
2.952900000000000000e+04
nan
nan
nan
nan
nan
nan
nan
nan
5.113000000000000000e+03
1.560000000000000000e+03
nan
nan
nan
3.749000000000000000e+03
7.745000000000000000e+03
5.050000000000000000e+02
1.416000000000000000e+03
nan
nan
9.596000000000000000e+03
nan
nan
7.109800000000000000e+04
nan
nan
7.920000000000000000e+02
2.760000000000000000e+03
nan
nan
6.684000000000000000e+03
nan
nan
2.360000000000000000e+03
nan
3.012000000000000000e+03
nan
nan
nan
nan
nan
nan
1.470200000000000000e+04
nan
nan
nan
5.253300000000000000e+04
1.851000000000000000e+03
3.042000000000000000e+03
1.321700000000000000e+04
nan
2.853000000000000000e+03
nan
nan
nan
nan
nan
nan
nan
nan
nan
3.185600000000000000e+04
nan
2.399600000000000000e+04
nan
2.524900000000000000e+04
5.318000000000000000e+03
2.038300000000000000e+04
1.944000000000000000e+03
1.497700000000000000e+04
1.022200000000000000e+04
nan
2.751900000000000000e+04
nan
nan
nan
nan
nan
1.296000000000000000e+03
nan
nan
nan
nan
nan
1.771000000000000000e+03
nan
3.740000000000000000e+02
nan
nan
nan
nan
nan
nan
nan
nan
nan
nan
3.505000000000000000e+03
nan
nan
2.498300000000000000e+04
nan
nan
4.641000000000000000e+03
nan
nan
nan
nan
nan
1.927800000000000000e+04
nan
6.200000000000000000e+03
nan
nan
nan
nan
1.744000000000000000e+03
6.068000000000000000e+03
4.518000000000000000e+03
nan
nan
nan
nan
2.764000000000000000e+03
nan
7.900000000000000000e+02
nan
nan
1.844000000000000000e+03
5.102000000000000000e+04
3.170000000000000000e+03
nan
1.740000000000000000e+03
nan
nan
nan
nan
nan
nan
7.195000000000000000e+03
nan
nan
nan
1.117100000000000000e+04
nan
nan
5.643000000000000000e+03
nan
nan
1.882000000000000000e+03
1.080000000000000000e+02
2.108500000000000000e+04
3.120000000000000000e+03
3.450000000000000000e+03
nan
7.896900000000000000e+04
nan
nan
6.964000000000000000e+03
nan
2.190000000000000000e+03
nan
1.622000000000000000e+03
nan
nan
nan
3.528000000000000000e+03
nan
nan
4.541000000000000000e+03
nan
nan
nan
nan
nan
nan
nan
nan
nan
nan
9.335000000000000000e+03
2.822000000000000000e+03
8.230000000000000000e+02
2.408000000000000000e+03
nan
1.622000000000000000e+03
nan
nan
nan
3.046000000000000000e+04
nan
3.888000000000000000e+03
nan
4.720000000000000000e+02
4.371000000000000000e+03
2.860000000000000000e+03
nan
2.985000000000000000e+03
7.591000000000000000e+03
2.608300000000000000e+04
nan
nan
1.142000000000000000e+03
nan
9.194300000000000000e+04
nan
nan
7.884000000000000000e+03
nan
nan
nan
nan
2.944000000000000000e+03
nan
1.420400000000000000e+04
1.579000000000000000e+03
7.600000000000000000e+01
nan
nan
nan
nan
7.800000000000000000e+01
nan
nan
nan
nan
4.000000000000000000e+03
2.128800000000000000e+04
7.200000000000000000e+01
nan
5.003000000000000000e+03
nan
nan
nan
nan
4.909000000000000000e+03
3.016000000000000000e+03
1.976000000000000000e+03
nan
nan
nan
1.300000000000000000e+01
3.551900000000000000e+04
nan
nan
7.310000000000000000e+02
5.570000000000000000e+03
1.650000000000000000e+03
nan
nan
nan
9.585000000000000000e+03
1.929000000000000000e+03
1.151000000000000000e+03
5.336000000000000000e+03
nan
nan
nan
4.388000000000000000e+03
5.758000000000000000e+03
nan
nan
5.260000000000000000e+03
nan
8.800000000000000000e+01
nan
1.860000000000000000e+02
nan
7.121000000000000000e+03
nan
2.032000000000000000e+03
nan
nan
nan
8.042000000000000000e+03
nan
nan
nan
1.776800000000000000e+04
4.837000000000000000e+03
1.004000000000000000e+03
nan
nan
nan
nan
nan
8.990000000000000000e+02
nan
nan
1.587400000000000000e+04
nan
nan
nan
nan
nan
9.945000000000000000e+03
nan
5.787000000000000000e+03
nan
nan
nan
nan
nan
3.862000000000000000e+03
nan
nan
nan
1.357000000000000000e+03
nan
2.548000000000000000e+03
1.868700000000000000e+04
nan
2.348000000000000000e+03
nan
2.263000000000000000e+03
4.180000000000000000e+02
nan
nan
nan
nan
nan
nan
2.021000000000000000e+03
7.600000000000000000e+01
nan
1.690000000000000000e+02
nan
8.161000000000000000e+03
nan
6.311000000000000000e+03
3.030000000000000000e+03
nan
nan
nan
nan
nan
nan
nan
nan
nan
nan
nan
nan
nan
9.023000000000000000e+03
nan
2.930000000000000000e+03
1.792000000000000000e+03
nan
nan
nan
nan
nan
1.281400000000000000e+04
8.316000000000000000e+03
nan
nan
nan
nan
8.903900000000000000e+04
7.606000000000000000e+03
nan
nan
nan
1.435200000000000000e+04
4.340000000000000000e+03
nan
nan
nan
nan
8.120000000000000000e+02
nan
nan
nan
nan
1.589000000000000000e+03
nan
nan
nan
nan
nan
nan
nan
nan
1.380200000000000000e+04
nan
nan
nan
nan
8.719000000000000000e+03
nan
9.550000000000000000e+02
4.060000000000000000e+03
nan
nan
nan
nan
nan
nan
nan
9.000000000000000000e+03
nan
nan
nan
nan
nan
nan
1.230600000000000000e+04
nan
nan
nan
nan
6.248000000000000000e+03
nan
nan
8.027000000000000000e+03
8.126000000000000000e+03
nan
nan
nan
nan
3.902000000000000000e+03
1.838400000000000000e+04
nan
nan
nan
nan
nan
1.658500000000000000e+04
nan
2.080000000000000000e+02
nan
1.635000000000000000e+03
nan
nan
5.230000000000000000e+03
nan
nan
9.438000000000000000e+03
nan
nan
nan
nan
5.041200000000000000e+04
nan
9.180000000000000000e+02
3.299000000000000000e+03
1.466000000000000000e+03
1.733000000000000000e+03
nan
nan
nan
1.337000000000000000e+03
9.274000000000000000e+03
4.080000000000000000e+02
nan
2.368000000000000000e+03
nan
1.550800000000000000e+04
nan
nan
1.622800000000000000e+04
nan
nan
8.488800000000000000e+04
nan
1.174400000000000000e+04
2.118000000000000000e+03
nan
nan
1.416000000000000000e+03
nan
nan
nan
nan
5.291000000000000000e+03
nan
nan
1.968000000000000000e+03
2.895000000000000000e+03
nan
nan
nan
nan
nan
nan
nan
nan
5.160800000000000000e+04
nan
6.000000000000000000e+00
nan
2.071000000000000000e+03
2.000000000000000000e+00
nan
nan
nan
nan
nan
nan
nan
nan
7.969700000000000000e+04
nan
nan
5.718000000000000000e+03
4.103000000000000000e+03
5.291000000000000000e+03
2.635100000000000000e+04
2.504000000000000000e+03
nan
nan
nan
nan
5.959000000000000000e+03
nan
nan
1.997100000000000000e+04
nan
1.460000000000000000e+02
nan
2.600000000000000000e+02
2.164100000000000000e+04
nan
nan
1.126600000000000000e+04
nan
nan
nan
nan
nan
nan
1.928300000000000000e+04
2.020000000000000000e+03
nan
nan
nan
nan
nan
nan
nan
1.004000000000000000e+03
nan
nan
nan
6.150200000000000000e+04
nan
8.400000000000000000e+01
nan
nan
nan
7.906000000000000000e+03
1.062500000000000000e+04
1.720000000000000000e+03
nan
5.237000000000000000e+03
nan
6.230000000000000000e+02
nan
nan
9.173000000000000000e+03
nan
nan
nan
4.441000000000000000e+03
nan
6.362000000000000000e+03
nan
7.021000000000000000e+03
nan
nan
nan
3.322100000000000000e+04
nan
4.734000000000000000e+03
nan
nan
4.928000000000000000e+03
9.969800000000000000e+04
3.224000000000000000e+03
nan
nan
4.250000000000000000e+02
1.688000000000000000e+03
1.662000000000000000e+03
nan
nan
nan
nan
nan
nan
3.323000000000000000e+03
nan
1.411800000000000000e+04
nan
nan
nan
nan
nan
nan
nan
nan
nan
1.402000000000000000e+03
nan
nan
nan
nan
7.569000000000000000e+03
6.440000000000000000e+02
nan
nan
nan
nan
nan
nan
nan
nan
nan
nan
nan
nan
8.890000000000000000e+02
nan
nan
7.295000000000000000e+03
nan
1.239000000000000000e+03
3.859000000000000000e+03
nan
nan
nan
nan
nan
1.720600000000000000e+04
nan
nan
nan
nan
2.320900000000000000e+04
nan
nan
nan
nan
6.560000000000000000e+02
nan
3.677000000000000000e+03
nan
nan
1.104000000000000000e+03
3.456000000000000000e+03
9.000000000000000000e+01
6.928000000000000000e+04
nan
nan
1.806000000000000000e+03
nan
nan
nan
nan
4.109400000000000000e+04
nan
1.946000000000000000e+03
nan
1.426700000000000000e+04
nan
nan
4.572500000000000000e+04
nan
nan
nan
nan
nan
1.660000000000000000e+03
nan
nan
nan
1.085000000000000000e+03
nan
nan
nan
nan
3.660900000000000000e+04
nan
2.760000000000000000e+02
nan
nan
nan
nan
8.420000000000000000e+02
nan
nan
nan
nan
1.295100000000000000e+04
1.681000000000000000e+04
nan
3.970000000000000000e+04
nan
nan
nan
nan
nan
7.242000000000000000e+03
7.300000000000000000e+01
1.801000000000000000e+03
nan
nan
nan
nan
nan
nan
nan
nan
nan
nan
nan
nan
nan
nan
nan
nan
nan
nan
3.760000000000000000e+02
4.503100000000000000e+04
nan
nan
nan
nan
2.368000000000000000e+03
1.878000000000000000e+03
nan
1.742000000000000000e+03
nan
nan
nan
5.024000000000000000e+03
6.580000000000000000e+02
nan
nan
nan
9.708000000000000000e+03
7.360000000000000000e+02
nan
nan
nan
nan
nan
1.742000000000000000e+03
nan
2.158600000000000000e+04
9.729000000000000000e+03
9.520000000000000000e+02
2.144000000000000000e+03
nan
1.653000000000000000e+03
1.837400000000000000e+04
nan
3.320000000000000000e+03
nan
nan
nan
1.394000000000000000e+03
nan
4.278000000000000000e+03
nan
3.775000000000000000e+03
nan
1.062000000000000000e+03
nan
3.504000000000000000e+03
nan
5.996000000000000000e+03
nan
2.024000000000000000e+03
1.521000000000000000e+03
nan
nan
nan
nan
7.225000000000000000e+03
nan
nan
nan
3.945000000000000000e+03
1.800000000000000000e+03
nan
nan
nan
1.116000000000000000e+03
nan
1.398800000000000000e+04
nan
4.779000000000000000e+03
nan
nan
nan
nan
nan
nan
nan
nan
1.962000000000000000e+04
nan
nan
6.184000000000000000e+03
nan
1.678100000000000000e+04
nan
2.994000000000000000e+03
nan
nan
8.026000000000000000e+03
9.510000000000000000e+02
1.920000000000000000e+02
1.220000000000000000e+03
nan
7.200000000000000000e+01
2.428000000000000000e+03
nan
nan
nan
1.748000000000000000e+03
1.671000000000000000e+03
2.203900000000000000e+04
nan
nan
nan
nan
1.248000000000000000e+03
2.608200000000000000e+04
nan
2.651700000000000000e+04
nan
2.262000000000000000e+03
nan
nan
nan
3.353000000000000000e+03
nan
3.570000000000000000e+03
nan
1.261000000000000000e+03
nan
7.580000000000000000e+03
nan
2.271700000000000000e+04
nan
nan
7.161000000000000000e+03
nan
nan
1.748000000000000000e+03
nan
1.398000000000000000e+03
nan
nan
6.041000000000000000e+03
nan
1.534000000000000000e+03
2.384200000000000000e+04
nan
3.359000000000000000e+03
nan
nan
nan
nan
nan
2.140000000000000000e+02
3.440000000000000000e+03
3.826000000000000000e+03
nan
9.580000000000000000e+02
nan
1.568800000000000000e+04
nan
5.160000000000000000e+03
nan
7.993000000000000000e+03
nan
nan
nan
nan
nan
2.860000000000000000e+03
2.098000000000000000e+03
nan
4.260000000000000000e+02
nan
nan
nan
nan
nan
nan
1.682000000000000000e+03
nan
nan
nan
nan
nan
1.947900000000000000e+04
nan
5.420000000000000000e+02
nan
nan
nan
2.382000000000000000e+03
nan
nan
1.997600000000000000e+04
nan
nan
1.703000000000000000e+03
1.576000000000000000e+03
nan
nan
nan
3.472000000000000000e+03
nan
nan
nan
2.310000000000000000e+03
4.800000000000000000e+01
nan
nan
1.257000000000000000e+03
nan
nan
nan
1.841600000000000000e+04
nan
nan
nan
nan
3.222000000000000000e+03
nan
nan
nan
6.328000000000000000e+03
nan
nan
1.700000000000000000e+02
nan
nan
nan
1.762000000000000000e+03
nan
nan
nan
nan
nan
1.243400000000000000e+04
nan
4.152000000000000000e+03
nan
nan
nan
nan
1.165200000000000000e+04
nan
nan
5.582000000000000000e+03
8.750000000000000000e+02
1.773700000000000000e+04
1.696000000000000000e+03
nan
nan
7.327000000000000000e+03
8.052000000000000000e+03
1.547000000000000000e+03
nan
nan
nan
nan
nan
2.329000000000000000e+03
9.438000000000000000e+03
nan
nan
nan
nan
nan
nan
nan
nan
nan
8.940000000000000000e+02
nan
nan
nan
nan
nan
nan
nan
3.598000000000000000e+03
nan
4.050100000000000000e+04
nan
nan
nan
nan
nan
nan
nan
1.224000000000000000e+03
nan
nan
2.438000000000000000e+03
nan
nan
9.500000000000000000e+02
2.049200000000000000e+04
1.765000000000000000e+03
9.280000000000000000e+02
nan
nan
nan
1.765000000000000000e+03
nan
5.752000000000000000e+03
2.425500000000000000e+04
6.510000000000000000e+02
nan
nan
nan
nan
1.238000000000000000e+03
1.180000000000000000e+02
1.008700000000000000e+04
nan
nan
nan
nan
2.591000000000000000e+03
nan
2.820000000000000000e+02
2.082000000000000000e+03
1.019800000000000000e+04
nan
nan
nan
nan
6.352000000000000000e+03
5.666900000000000000e+04
1.720000000000000000e+04
5.470000000000000000e+02
1.516500000000000000e+04
nan
nan
nan
nan
1.356000000000000000e+04
9.375900000000000000e+04
nan
nan
3.240000000000000000e+02
nan
nan
nan
nan
3.082000000000000000e+03
7.819000000000000000e+03
2.392200000000000000e+04
nan
1.808000000000000000e+03
nan
1.792000000000000000e+03
3.404000000000000000e+03
nan
5.021000000000000000e+03
nan
nan
nan
nan
nan
1.273000000000000000e+04
1.725000000000000000e+03
1.068500000000000000e+04
nan
nan
nan
nan
nan
1.384400000000000000e+04
4.000000000000000000e+03
nan
nan
nan
1.500000000000000000e+03
nan
1.000000000000000000e+03
8.000000000000000000e+00
1.748000000000000000e+03
2.745000000000000000e+03
nan
nan
nan
2.790000000000000000e+03
nan
nan
nan
nan
nan
nan
6.691000000000000000e+03
nan
nan
1.714000000000000000e+03
nan
nan
nan
nan
nan
nan
nan
nan
nan
nan
nan
1.100000000000000000e+01
8.895000000000000000e+03
nan
nan
nan
nan
nan
nan
1.419000000000000000e+03
6.611000000000000000e+03
nan
nan
nan
1.230700000000000000e+04
nan
nan
nan
nan
1.357200000000000000e+04
3.429000000000000000e+03
nan
nan
2.160000000000000000e+04
5.160000000000000000e+03
nan
1.069900000000000000e+04
nan
nan
nan
1.434000000000000000e+03
9.083000000000000000e+03
nan
nan
nan
5.804000000000000000e+03
nan
2.272900000000000000e+04
nan
2.697000000000000000e+03
6.823000000000000000e+03
nan
3.595900000000000000e+04
nan
1.159000000000000000e+03
1.754000000000000000e+03
3.323000000000000000e+03
nan
nan
7.654000000000000000e+03
nan
nan
nan
7.492000000000000000e+03
nan
nan
nan
nan
9.094000000000000000e+03
nan
1.784000000000000000e+03
nan
nan
nan
nan
3.404700000000000000e+04
1.633500000000000000e+04
nan
nan
nan
2.148000000000000000e+03
nan
9.600000000000000000e+02
1.656000000000000000e+03
nan
2.592000000000000000e+03
nan
nan
nan
nan
nan
nan
1.800000000000000000e+02
nan
nan
nan
nan
nan
nan
nan
nan
nan
nan
6.968000000000000000e+03
6.184000000000000000e+03
8.210000000000000000e+02
nan
9.440000000000000000e+02
nan
nan
9.072000000000000000e+03
nan
3.680000000000000000e+02
nan
nan
nan
1.514300000000000000e+04
nan
nan
nan
nan
nan
nan
nan
nan
nan
8.020000000000000000e+03
nan
2.636400000000000000e+04
nan
nan
nan
nan
2.441000000000000000e+03
nan
nan
nan
nan
7.549000000000000000e+03
3.870000000000000000e+02
4.374000000000000000e+03
3.421900000000000000e+04
nan
nan
nan
4.160000000000000000e+03
2.168000000000000000e+03
3.192800000000000000e+04
2.494300000000000000e+04
nan
nan
nan
1.002600000000000000e+04
nan
nan
nan
nan
nan
nan
nan
nan
1.725500000000000000e+04
2.145000000000000000e+04
nan
8.360000000000000000e+02
nan
nan
nan
nan
3.848000000000000000e+03
9.480000000000000000e+02
9.520000000000000000e+02
nan
nan
nan
nan
nan
nan
2.001000000000000000e+03
nan
1.423000000000000000e+03
nan
nan
nan
3.920000000000000000e+02
nan
6.842000000000000000e+03
1.944000000000000000e+03
nan
2.320700000000000000e+04
1.722000000000000000e+03
nan
1.788000000000000000e+03
nan
nan
nan
nan
nan
5.724000000000000000e+03
nan
nan
nan
3.906000000000000000e+03
1.591000000000000000e+03
nan
1.908000000000000000e+03
nan
8.954000000000000000e+03
nan
nan
3.980000000000000000e+02
nan
nan
nan
nan
nan
nan
5.076500000000000000e+04
7.220000000000000000e+03
1.144000000000000000e+03
nan
nan
nan
4.640000000000000000e+03
nan
nan
nan
nan
nan
nan
3.828000000000000000e+03
nan
2.839000000000000000e+03
8.990000000000000000e+02
1.707700000000000000e+04
nan
nan
nan
8.310000000000000000e+03
nan
1.475000000000000000e+03
nan
nan
nan
9.181000000000000000e+03
nan
nan
nan
nan
nan
1.370000000000000000e+02
7.883300000000000000e+04
nan
5.891000000000000000e+03
nan
5.095000000000000000e+03
1.208470000000000000e+05
3.256000000000000000e+03
nan
2.320000000000000000e+03
nan
1.755000000000000000e+03
6.740000000000000000e+02
2.903000000000000000e+03
3.582200000000000000e+04
3.190000000000000000e+02
6.612000000000000000e+03
nan
nan
nan
nan
nan
1.149700000000000000e+04
1.696000000000000000e+03
3.006400000000000000e+04
nan
7.369000000000000000e+03
nan
2.816000000000000000e+03
1.829000000000000000e+03
nan
nan
1.711000000000000000e+03
nan
3.328000000000000000e+03
3.500000000000000000e+02
1.489000000000000000e+03
7.463000000000000000e+03
nan
2.216000000000000000e+03
1.431400000000000000e+04
nan
nan
nan
4.384000000000000000e+03
3.150000000000000000e+03
nan
2.227400000000000000e+04
5.600000000000000000e+01
9.907000000000000000e+03
nan
nan
nan
nan
5.736800000000000000e+04
nan
nan
nan
7.930000000000000000e+03
nan
nan
nan
5.207000000000000000e+03
9.638000000000000000e+03
nan
2.345000000000000000e+03
nan
nan
nan
nan
nan
3.320000000000000000e+02
nan
nan
nan
1.416000000000000000e+03
nan
nan
nan
nan
nan
nan
5.311000000000000000e+03
1.761000000000000000e+03
1.549000000000000000e+03
1.748000000000000000e+03
nan
nan
nan
2.327000000000000000e+03
nan
6.080000000000000000e+02
nan
4.361800000000000000e+04
nan
nan
nan
3.660000000000000000e+02
nan
nan
nan
4.704000000000000000e+03
2.560000000000000000e+02
nan
nan
3.536600000000000000e+04
3.263200000000000000e+04
nan
3.604000000000000000e+03
3.208000000000000000e+03
nan
nan
8.960000000000000000e+02
4.702600000000000000e+04
2.333000000000000000e+04
nan
nan
4.657000000000000000e+03
nan
nan
2.976000000000000000e+03
nan
3.775000000000000000e+03
7.542000000000000000e+03
nan
nan
4.134000000000000000e+03
nan
nan
nan
2.952000000000000000e+03
nan
nan
nan
nan
1.432000000000000000e+03
5.894000000000000000e+03
nan
nan
nan
3.101000000000000000e+03
7.600000000000000000e+02
nan
4.984000000000000000e+03
nan
6.832000000000000000e+03
nan
8.361000000000000000e+03
4.381000000000000000e+03
5.192000000000000000e+03
nan
3.026500000000000000e+04
nan
nan
1.096000000000000000e+03
nan
nan
2.495800000000000000e+04
6.171000000000000000e+03
nan
nan
9.080000000000000000e+02
nan
nan
nan
nan
3.416000000000000000e+03
nan
1.103800000000000000e+04
nan
nan
nan
nan
6.720000000000000000e+02
nan
2.865600000000000000e+04
1.833400000000000000e+04
nan
nan
1.329000000000000000e+04
9.240000000000000000e+02
nan
nan
3.657800000000000000e+04
nan
7.950000000000000000e+02
nan
nan
nan
nan
nan
nan
nan
4.186000000000000000e+03
nan
3.499000000000000000e+03
nan
nan
2.682000000000000000e+03
nan
nan
nan
nan
1.607500000000000000e+04
2.685000000000000000e+04
nan
nan
2.758000000000000000e+03
nan
nan
nan
3.575000000000000000e+03
nan
nan
nan
2.940000000000000000e+02
nan
6.860000000000000000e+02
nan
1.901000000000000000e+03
nan
nan
nan
nan
nan
nan
nan
5.905000000000000000e+03
nan
nan
nan
nan
nan
nan
nan
nan
nan
1.389100000000000000e+04
nan
nan
nan
1.090000000000000000e+03
nan
nan
5.379000000000000000e+03
nan
nan
2.400000000000000000e+02
3.496000000000000000e+03
3.200000000000000000e+01
4.209000000000000000e+03
nan
1.595500000000000000e+04
nan
2.085000000000000000e+03
1.706000000000000000e+03
3.637000000000000000e+03
nan
1.690000000000000000e+02
4.966000000000000000e+03
3.896000000000000000e+03
nan
nan
nan
nan
3.091000000000000000e+03
nan
nan
nan
nan
8.860000000000000000e+02
nan
9.500000000000000000e+02
nan
8.394000000000000000e+03
2.004000000000000000e+03
4.923000000000000000e+03
nan
8.400000000000000000e+01
1.787000000000000000e+03
nan
4.730000000000000000e+03
9.146000000000000000e+03
nan
nan
3.255000000000000000e+03
5.647000000000000000e+03
nan
nan
nan
nan
5.164000000000000000e+04
nan
nan
nan
nan
1.734000000000000000e+03
nan
7.187000000000000000e+03
nan
2.992000000000000000e+03
nan
1.472000000000000000e+03
nan
nan
nan
nan
2.502900000000000000e+04
nan
nan
nan
4.200000000000000000e+01
nan
nan
2.804000000000000000e+04
nan
nan
nan
nan
nan
4.528000000000000000e+03
3.874600000000000000e+04
2.827000000000000000e+03
nan
nan
2.770000000000000000e+03
nan
nan
nan
nan
5.350000000000000000e+02
nan
9.070000000000000000e+02
3.969600000000000000e+04
nan
1.502000000000000000e+03
3.505000000000000000e+03
nan
3.607000000000000000e+03
nan
5.000000000000000000e+00
3.363000000000000000e+03
7.190000000000000000e+02
2.212000000000000000e+03
nan
5.215000000000000000e+03
1.025000000000000000e+03
nan
1.452000000000000000e+04
nan
nan
nan
nan
1.064000000000000000e+04
3.348000000000000000e+03
7.573100000000000000e+04
2.111200000000000000e+04
7.840000000000000000e+02
2.512000000000000000e+03
nan
1.381200000000000000e+04
nan
nan
nan
2.764000000000000000e+03
1.280000000000000000e+02
nan
nan
nan
nan
nan
nan
nan
4.046000000000000000e+03
nan
2.636400000000000000e+04
3.458000000000000000e+03
nan
1.414300000000000000e+04
nan
nan
2.240600000000000000e+04
1.560600000000000000e+04
2.762100000000000000e+04
nan
1.846600000000000000e+04
nan
nan
3.244000000000000000e+03
8.154000000000000000e+03
nan
3.836000000000000000e+03
nan
1.165200000000000000e+04
nan
nan
nan
3.170900000000000000e+04
6.800000000000000000e+01
nan
nan
nan
nan
nan
nan
nan
8.900000000000000000e+03
8.010000000000000000e+03
nan
2.595000000000000000e+03
2.920000000000000000e+02
5.790000000000000000e+02
8.913000000000000000e+03
nan
1.513400000000000000e+04
5.192000000000000000e+03
nan
3.644000000000000000e+03
nan
1.670000000000000000e+02
1.229700000000000000e+04
nan
nan
nan
nan
nan
2.837000000000000000e+03
nan
nan
nan
nan
nan
nan
nan
nan
3.750000000000000000e+02
nan
1.912000000000000000e+03
3.848000000000000000e+03
8.094000000000000000e+03
nan
nan
nan
4.840000000000000000e+03
9.601000000000000000e+03
nan
nan
nan
1.158200000000000000e+04
1.661500000000000000e+04
nan
nan
nan
nan
nan
nan
nan
1.696000000000000000e+03
nan
nan
1.765600000000000000e+04
3.025000000000000000e+04
1.088300000000000000e+04
nan
6.564000000000000000e+03
nan
1.764700000000000000e+04
3.039300000000000000e+04
nan
nan
1.988800000000000000e+04
nan
nan
nan
9.150000000000000000e+02
4.535000000000000000e+03
3.300000000000000000e+01
9.230000000000000000e+02
nan
4.368000000000000000e+03
nan
nan
1.728000000000000000e+03
nan
nan
nan
4.798000000000000000e+03
3.032000000000000000e+03
5.100000000000000000e+02
5.170000000000000000e+02
nan
5.190000000000000000e+02
1.752000000000000000e+03
nan
nan
nan
nan
nan
8.112000000000000000e+03
nan
nan
9.040000000000000000e+02
nan
1.301000000000000000e+04
4.347000000000000000e+03
nan
2.006900000000000000e+04
nan
nan
1.727000000000000000e+03
5.676000000000000000e+03
nan
nan
nan
nan
nan
nan
nan
nan
nan
6.263000000000000000e+03
nan
1.774000000000000000e+03
2.244200000000000000e+04
nan
nan
1.421000000000000000e+03
9.536500000000000000e+04
1.328800000000000000e+04
nan
nan
4.882000000000000000e+03
nan
nan
nan
9.308000000000000000e+03
9.743000000000000000e+03
nan
nan
nan
4.984000000000000000e+03
1.042800000000000000e+04
nan
1.479400000000000000e+04
nan
nan
nan
3.879400000000000000e+04
nan
8.240000000000000000e+03
nan
5.478000000000000000e+04
nan
nan
nan
nan
nan
nan
nan
nan
4.950000000000000000e+02
nan
7.029000000000000000e+03
6.933000000000000000e+03
nan
nan
nan
nan
nan
nan
7.127000000000000000e+03
nan
nan
nan
3.282000000000000000e+03
4.886000000000000000e+03
nan
nan
nan
nan
1.119000000000000000e+03
nan
nan
1.030200000000000000e+04
3.724000000000000000e+03
nan
nan
2.798100000000000000e+04
7.540000000000000000e+03
3.620000000000000000e+03
9.040000000000000000e+02
4.702000000000000000e+03
nan
nan
6.500000000000000000e+02
1.394000000000000000e+03
nan
3.960000000000000000e+03
nan
nan
nan
2.740000000000000000e+02
nan
1.744000000000000000e+03
nan
nan
3.238100000000000000e+04
nan
nan
9.958000000000000000e+03
nan
2.877000000000000000e+04
nan
nan
nan
nan
nan
nan
nan
2.722600000000000000e+04
nan
1.055000000000000000e+03
1.193600000000000000e+04
2.241000000000000000e+03
nan
nan
nan
nan
9.372000000000000000e+03
nan
3.472000000000000000e+03
4.693000000000000000e+03
nan
nan
nan
nan
nan
nan
6.024000000000000000e+03
2.450000000000000000e+03
nan
2.197000000000000000e+03
nan
5.200000000000000000e+02
7.343000000000000000e+03
nan
nan
nan
nan
1.274400000000000000e+04
nan
4.958000000000000000e+03
3.567000000000000000e+03
nan
nan
8.280000000000000000e+02
nan
nan
1.603300000000000000e+04
nan
7.890000000000000000e+02
1.197000000000000000e+03
2.942500000000000000e+04
nan
nan
nan
nan
nan
nan
1.484000000000000000e+04
nan
1.581000000000000000e+03
nan
nan
nan
5.374000000000000000e+03
7.874000000000000000e+03
nan
nan
nan
nan
nan
nan
8.080000000000000000e+02
nan
1.277700000000000000e+04
2.287000000000000000e+03
nan
nan
nan
nan
nan
3.973000000000000000e+03
nan
2.773000000000000000e+03
nan
nan
5.843300000000000000e+04
1.608000000000000000e+03
3.800000000000000000e+02
nan
nan
1.916500000000000000e+04
5.636000000000000000e+03
nan
nan
nan
nan
nan
nan
3.370000000000000000e+03
nan
nan
nan
nan
nan
nan
1.415000000000000000e+03
nan
nan
5.588000000000000000e+03
nan
nan
2.320000000000000000e+03
nan
nan
nan
nan
nan
nan
nan
1.733000000000000000e+03
nan
nan
nan
nan
1.815000000000000000e+03
nan
7.552000000000000000e+03
3.450000000000000000e+03
nan
nan
nan
nan
3.545000000000000000e+03
1.632000000000000000e+03
nan
nan
1.150000000000000000e+03
1.300000000000000000e+02
1.293000000000000000e+03
1.416000000000000000e+03
3.987000000000000000e+03
nan
nan
1.240000000000000000e+03
nan
nan
nan
nan
nan
nan
nan
nan
1.596000000000000000e+03
4.479600000000000000e+04
1.018000000000000000e+03
nan
nan
nan
nan
nan
nan
nan
1.049500000000000000e+04
4.664000000000000000e+03
nan
nan
nan
nan
6.444000000000000000e+04
nan
nan
nan
nan
nan
nan
5.038700000000000000e+04
8.034000000000000000e+03
nan
nan
nan
nan
nan
nan
1.870000000000000000e+03
2.356000000000000000e+03
nan
nan
5.122000000000000000e+03
nan
4.140600000000000000e+04
6.600000000000000000e+01
1.176000000000000000e+03
nan
2.876500000000000000e+04
nan
2.298200000000000000e+04
2.882000000000000000e+03
nan
nan
nan
nan
nan
nan
1.593000000000000000e+04
nan
nan
nan
1.906000000000000000e+03
nan
nan
nan
nan
nan
nan
2.109000000000000000e+04
2.903000000000000000e+03
5.830000000000000000e+02
6.806000000000000000e+03
nan
nan
nan
1.533200000000000000e+04
nan
nan
nan
nan
1.720000000000000000e+03
nan
nan
6.490000000000000000e+02
nan
nan
nan
nan
nan
nan
nan
nan
nan
nan
nan
4.342000000000000000e+03
2.334500000000000000e+04
nan
nan
1.413000000000000000e+03
nan
6.185000000000000000e+03
nan
4.299000000000000000e+03
nan
nan
nan
nan
nan
nan
nan
nan
nan
1.512000000000000000e+03
2.350000000000000000e+02
nan
1.767400000000000000e+04
nan
nan
nan
2.179000000000000000e+03
3.731000000000000000e+03
nan
1.730000000000000000e+03
1.895000000000000000e+03
7.889000000000000000e+03
3.614000000000000000e+03
nan
nan
1.872000000000000000e+03
9.617000000000000000e+03
3.496000000000000000e+03
nan
nan
nan
5.181600000000000000e+04
nan
1.039200000000000000e+04
nan
4.410300000000000000e+04
nan
nan
nan
nan
nan
nan
1.942500000000000000e+04
nan
2.400000000000000000e+02
nan
nan
nan
nan
8.050000000000000000e+02
nan
nan
2.078600000000000000e+04
3.552000000000000000e+03
nan
nan
nan
nan
nan
nan
1.465000000000000000e+03
nan
nan
1.359800000000000000e+04
nan
nan
nan
nan
nan
8.217000000000000000e+03
4.992000000000000000e+03
nan
5.680000000000000000e+02
2.450000000000000000e+03
nan
1.520000000000000000e+04
nan
nan
nan
nan
nan
nan
1.515000000000000000e+03
nan
2.569000000000000000e+03
4.391000000000000000e+03
4.949000000000000000e+03
nan
nan
nan
nan
nan
nan
nan
1.080400000000000000e+04
2.400000000000000000e+03
nan
nan
nan
4.377500000000000000e+04
1.722000000000000000e+03
nan
nan
nan
nan
9.933000000000000000e+03
1.635400000000000000e+04
nan
nan
nan
nan
2.673000000000000000e+03
6.975000000000000000e+03
2.121000000000000000e+03
1.480900000000000000e+04
nan
8.820000000000000000e+02
nan
3.463000000000000000e+03
7.092000000000000000e+03
nan
nan
nan
8.250000000000000000e+02
8.355000000000000000e+03
nan
nan
7.655000000000000000e+03
1.199000000000000000e+03
8.175000000000000000e+03
nan
nan
4.984000000000000000e+03
7.690000000000000000e+02
2.136000000000000000e+03
nan
nan
nan
nan
1.077200000000000000e+04
nan
4.962000000000000000e+03
nan
3.001300000000000000e+04
nan
nan
nan
2.259000000000000000e+03
nan
nan
nan
nan
nan
5.032000000000000000e+03
nan
4.194000000000000000e+03
nan
1.155000000000000000e+03
nan
nan
1.424000000000000000e+03
nan
nan
1.512900000000000000e+04
2.150000000000000000e+03
2.230000000000000000e+04
nan
1.058700000000000000e+04
3.600000000000000000e+02
nan
nan
nan
nan
1.122100000000000000e+04
1.850000000000000000e+03
4.460400000000000000e+04
1.499200000000000000e+04
nan
nan
1.912000000000000000e+03
1.914000000000000000e+03
nan
nan
nan
nan
nan
nan
3.800000000000000000e+02
3.400000000000000000e+02
nan
3.648000000000000000e+03
8.554000000000000000e+03
nan
nan
2.728100000000000000e+04
nan
nan
nan
nan
2.940000000000000000e+02
nan
6.450000000000000000e+02
nan
nan
nan
1.866500000000000000e+04
3.802000000000000000e+03
nan
1.603600000000000000e+04
nan
8.156000000000000000e+03
nan
nan
nan
nan
nan
1.113000000000000000e+03
nan
1.416100000000000000e+04
nan
nan
nan
2.154000000000000000e+03
nan
nan
4.006700000000000000e+04
nan
nan
nan
4.755000000000000000e+03
1.450500000000000000e+04
nan
nan
nan
1.547300000000000000e+04
nan
nan
nan
1.800000000000000000e+03
nan
8.520000000000000000e+03
nan
nan
nan
nan
5.987000000000000000e+03
nan
2.404000000000000000e+03
nan
2.727000000000000000e+03
1.184000000000000000e+03
nan
7.456000000000000000e+03
nan
6.310000000000000000e+02
1.632000000000000000e+03
nan
nan
8.400000000000000000e+01
nan
2.363000000000000000e+03
6.720000000000000000e+02
8.501000000000000000e+03
nan
nan
nan
nan
nan
nan
nan
7.455200000000000000e+04
nan
nan
nan
nan
nan
nan
1.045300000000000000e+04
nan
1.741600000000000000e+04
nan
1.806000000000000000e+03
4.180000000000000000e+02
nan
nan
1.374000000000000000e+03
1.763000000000000000e+03
nan
nan
7.558000000000000000e+03
nan
1.975100000000000000e+04
7.979600000000000000e+04
nan
nan
9.228000000000000000e+03
nan
nan
nan
1.736000000000000000e+03
nan
nan
1.256400000000000000e+04
6.769000000000000000e+03
nan
nan
nan
nan
1.024000000000000000e+03
1.410600000000000000e+04
nan
nan
nan
nan
2.960000000000000000e+02
nan
nan
nan
8.860000000000000000e+02
3.115000000000000000e+03
nan
nan
nan
nan
1.701000000000000000e+04
nan
7.216000000000000000e+03
nan
nan
nan
nan
nan
nan
nan
nan
nan
3.704000000000000000e+03
nan
nan
nan
nan
nan
nan
1.672000000000000000e+03
nan
nan
nan
nan
nan
nan
nan
3.112000000000000000e+04
nan
nan
nan
nan
nan
nan
6.171200000000000000e+04
nan
nan
8.180000000000000000e+02
3.574000000000000000e+03
2.347000000000000000e+04
nan
nan
nan
2.658000000000000000e+03
3.102000000000000000e+03
nan
nan
nan
nan
nan
nan
6.122000000000000000e+04
nan
nan
nan
nan
nan
6.548000000000000000e+03
nan
nan
nan
nan
3.339300000000000000e+04
nan
nan
4.902000000000000000e+03
nan
nan
nan
nan
nan
nan
nan
nan
1.241200000000000000e+04
nan
2.673000000000000000e+03
1.133900000000000000e+04
nan
1.088700000000000000e+04
nan
nan
8.420000000000000000e+02
nan
6.064000000000000000e+03
2.791000000000000000e+03
nan
nan
nan
nan
nan
nan
nan
nan
nan
nan
nan
nan
2.116000000000000000e+03
3.400000000000000000e+03
nan
nan
nan
1.193000000000000000e+03
nan
nan
nan
nan
nan
2.737100000000000000e+04
nan
nan
2.665000000000000000e+03
nan
1.764000000000000000e+03
3.011300000000000000e+04
9.141000000000000000e+03
nan
nan
2.334500000000000000e+04
nan
3.492000000000000000e+03
nan
4.718000000000000000e+03
nan
1.596000000000000000e+03
5.015600000000000000e+04
nan
nan
nan
3.617400000000000000e+04
3.469000000000000000e+03
nan
nan
nan
nan
4.900000000000000000e+02
nan
5.392000000000000000e+03
7.459000000000000000e+03
1.873400000000000000e+04
nan
nan
nan
nan
2.327000000000000000e+03
nan
nan
9.644000000000000000e+03
1.240000000000000000e+02
nan
nan
1.268000000000000000e+03
2.295000000000000000e+03
1.106000000000000000e+04
nan
nan
4.262600000000000000e+04
nan
2.298600000000000000e+04
nan
1.556000000000000000e+03
nan
nan
nan
1.160000000000000000e+02
nan
1.240000000000000000e+03
nan
nan
nan
5.969000000000000000e+03
2.773100000000000000e+04
nan
1.056500000000000000e+04
nan
3.268000000000000000e+03
9.730000000000000000e+02
nan
nan
4.469900000000000000e+04
nan
nan
nan
nan
9.510000000000000000e+02
1.134000000000000000e+03
nan
nan
3.065000000000000000e+03
nan
nan
nan
nan
nan
nan
nan
1.240000000000000000e+03
nan
nan
nan
5.878000000000000000e+03
nan
nan
nan
nan
nan
nan
nan
nan
8.300000000000000000e+02
5.165000000000000000e+03
nan
nan
nan
nan
nan
1.503800000000000000e+04
nan
2.763000000000000000e+03
nan
nan
nan
nan
4.076000000000000000e+03
2.423600000000000000e+04
nan
nan
1.480000000000000000e+04
9.880000000000000000e+02
nan
3.124000000000000000e+03
nan
nan
4.740000000000000000e+03
nan
3.261000000000000000e+03
nan
1.186100000000000000e+04
nan
2.741600000000000000e+04
1.502400000000000000e+04
2.169600000000000000e+04
6.020000000000000000e+03
nan
1.776000000000000000e+03
nan
nan
1.142000000000000000e+03
4.014000000000000000e+03
nan
nan
nan
nan
nan
9.540000000000000000e+02
nan
nan
nan
nan
5.150000000000000000e+03
nan
nan
nan
nan
nan
nan
nan
1.313000000000000000e+03
nan
nan
nan
nan
nan
nan
1.167000000000000000e+03
nan
nan
2.512000000000000000e+03
1.553000000000000000e+03
1.084400000000000000e+04
2.915000000000000000e+03
nan
nan
1.057800000000000000e+04
nan
5.468200000000000000e+04
3.382000000000000000e+03
3.297000000000000000e+03
nan
nan
nan
1.216700000000000000e+04
6.940000000000000000e+03
nan
nan
nan
nan
nan
nan
6.800000000000000000e+02
4.439000000000000000e+03
nan
4.875000000000000000e+03
3.629000000000000000e+04
nan
nan
1.180000000000000000e+02
nan
nan
nan
2.304000000000000000e+03
nan
nan
nan
nan
nan
nan
nan
nan
nan
nan
nan
nan
nan
nan
nan
nan
nan
4.361000000000000000e+03
1.868100000000000000e+04
1.752000000000000000e+03
1.427000000000000000e+03
nan
nan
nan
nan
nan
1.608700000000000000e+04
1.760100000000000000e+04
4.960000000000000000e+03
nan
1.612800000000000000e+04
1.888000000000000000e+03
nan
nan
nan
nan
nan
nan
nan
9.530000000000000000e+02
3.168000000000000000e+03
5.676000000000000000e+03
nan
nan
nan
1.187100000000000000e+04
nan
2.812000000000000000e+03
nan
nan
nan
7.788000000000000000e+03
nan
nan
nan
5.930000000000000000e+02
nan
2.568000000000000000e+03
nan
4.216000000000000000e+03
nan
nan
nan
2.598300000000000000e+04
nan
nan
nan
nan
nan
8.912000000000000000e+03
nan
nan
nan
6.463000000000000000e+03
7.063000000000000000e+03
nan
nan
nan
nan
nan
nan
2.760000000000000000e+02
nan
nan
nan
nan
nan
8.800000000000000000e+02
nan
3.704000000000000000e+03
nan
nan
nan
nan
nan
3.794000000000000000e+04
nan
7.262000000000000000e+03
3.238600000000000000e+04
1.061000000000000000e+03
1.205900000000000000e+04
6.870000000000000000e+02
nan
nan
nan
nan
nan
3.509000000000000000e+03
nan
nan
nan
1.856000000000000000e+04
5.487000000000000000e+03
5.937000000000000000e+03
nan
1.733600000000000000e+04
nan
nan
nan
1.408000000000000000e+03
2.641000000000000000e+03
nan
nan
2.800000000000000000e+03
nan
9.483000000000000000e+03
nan
nan
nan
nan
7.780000000000000000e+02
nan
nan
nan
6.904000000000000000e+03
3.283000000000000000e+03
nan
nan
nan
nan
3.505000000000000000e+03
3.080000000000000000e+02
3.640000000000000000e+02
nan
nan
nan
4.724000000000000000e+03
nan
4.487000000000000000e+03
nan
nan
nan
7.997000000000000000e+03
nan
nan
nan
nan
nan
nan
6.800000000000000000e+02
1.356000000000000000e+03
nan
2.788000000000000000e+03
nan
nan
nan
2.000000000000000000e+02
nan
nan
1.427700000000000000e+04
nan
5.435000000000000000e+03
3.920000000000000000e+02
nan
nan
2.098300000000000000e+04
nan
nan
nan
1.312700000000000000e+04
4.400000000000000000e+01
1.077000000000000000e+04
6.615000000000000000e+03
nan
nan
nan
nan
nan
nan
2.553000000000000000e+03
nan
1.029200000000000000e+04
nan
nan
nan
7.278000000000000000e+03
nan
nan
nan
nan
2.161800000000000000e+04
1.594000000000000000e+04
nan
1.581000000000000000e+03
2.194000000000000000e+03
nan
1.794000000000000000e+03
1.756000000000000000e+03
5.284000000000000000e+03
3.479000000000000000e+03
3.520800000000000000e+04
nan
1.467600000000000000e+04
nan
1.914500000000000000e+05
nan
nan
nan
8.080000000000000000e+02
nan
nan
1.728000000000000000e+03
1.128800000000000000e+04
nan
nan
2.026000000000000000e+03
6.620000000000000000e+03
nan
nan
nan
nan
nan
nan
nan
nan
nan
nan
2.728100000000000000e+04
6.331000000000000000e+03
nan
nan
nan
1.664000000000000000e+03
nan
nan
7.864000000000000000e+03
nan
nan
nan
2.026800000000000000e+04
8.600000000000000000e+02
1.849000000000000000e+03
4.380000000000000000e+02
3.088000000000000000e+03
6.900000000000000000e+02
8.780000000000000000e+02
4.880000000000000000e+02
nan
nan
nan
nan
nan
nan
nan
nan
nan
nan
nan
3.644000000000000000e+03
nan
nan
nan
nan
nan
8.890000000000000000e+03
4.536000000000000000e+03
nan
nan
nan
nan
nan
nan
3.868000000000000000e+03
nan
nan
nan
7.366000000000000000e+03
nan
5.602000000000000000e+03
nan
2.050000000000000000e+03
nan
3.218000000000000000e+03
nan
nan
nan
nan
nan
nan
nan
nan
2.619000000000000000e+03
5.218000000000000000e+03
nan
3.709300000000000000e+04
nan
5.800000000000000000e+03
1.073230000000000000e+05
nan
nan
4.376000000000000000e+03
nan
6.256000000000000000e+03
nan
nan
3.078000000000000000e+03
nan
nan
6.075000000000000000e+03
5.112000000000000000e+03
nan
7.370000000000000000e+02
nan
nan
nan
nan
nan
3.920000000000000000e+02
1.068200000000000000e+04
nan
nan
nan
6.691400000000000000e+04
3.760000000000000000e+02
nan
nan
nan
nan
2.251000000000000000e+03
nan
nan
8.000000000000000000e+02
nan
nan
7.760000000000000000e+02
5.700000000000000000e+03
5.532000000000000000e+03
4.971000000000000000e+03
nan
7.142000000000000000e+03
nan
nan
1.790000000000000000e+03
nan
1.788000000000000000e+03
nan
4.920000000000000000e+03
1.338600000000000000e+04
1.741000000000000000e+03
nan
nan
1.153000000000000000e+03
nan
nan
4.800000000000000000e+03
nan
nan
9.170000000000000000e+02
nan
1.756000000000000000e+03
2.390000000000000000e+03
nan
nan
6.790000000000000000e+02
nan
nan
nan
nan
nan
nan
1.676000000000000000e+03
6.049000000000000000e+03
nan
nan
2.116000000000000000e+03
9.440000000000000000e+03
nan
nan
nan
nan
6.488000000000000000e+03
1.432000000000000000e+03
4.461000000000000000e+03
nan
1.441450000000000000e+05
5.965000000000000000e+03
nan
nan
nan
nan
1.758000000000000000e+03
nan
3.570000000000000000e+02
nan
4.217100000000000000e+04
nan
6.140000000000000000e+02
nan
9.023000000000000000e+03
9.996000000000000000e+03
nan
nan
nan
6.740000000000000000e+02
nan
nan
nan
2.586800000000000000e+04
nan
2.652000000000000000e+03
nan
nan
nan
nan
nan
nan
nan
nan
nan
3.873000000000000000e+03
nan
nan
nan
6.040000000000000000e+02
3.999000000000000000e+03
1.479800000000000000e+04
nan
2.733000000000000000e+03
nan
7.171000000000000000e+03
nan
nan
nan
2.827000000000000000e+03
3.400000000000000000e+03
nan
nan
nan
nan
1.520000000000000000e+02
nan
1.004000000000000000e+03
nan
2.494800000000000000e+04
5.210000000000000000e+03
nan
nan
nan
nan
3.552000000000000000e+03
nan
nan
4.026000000000000000e+04
1.328000000000000000e+03
nan
nan
9.327000000000000000e+03
nan
5.870000000000000000e+03
nan
1.852400000000000000e+04
9.720000000000000000e+02
nan
nan
nan
nan
1.349300000000000000e+04
nan
nan
nan
nan
3.194000000000000000e+03
1.902400000000000000e+04
nan
nan
nan
nan
nan
nan
1.552000000000000000e+03
5.745000000000000000e+03
4.382100000000000000e+04
nan
2.265000000000000000e+03
nan
9.088000000000000000e+03
nan
nan
1.338000000000000000e+04
nan
nan
nan
3.101000000000000000e+03
1.230800000000000000e+04
2.337000000000000000e+03
nan
nan
nan
nan
nan
nan
nan
nan
nan
1.092800000000000000e+04
nan
3.130000000000000000e+02
2.602000000000000000e+03
nan
nan
nan
nan
nan
nan
nan
nan
nan
nan
nan
nan
nan
9.842000000000000000e+03
7.160000000000000000e+03
6.778000000000000000e+03
nan
nan
4.540000000000000000e+02
1.911600000000000000e+04
1.136000000000000000e+03
1.964000000000000000e+03
nan
nan
nan
nan
nan
nan
2.637000000000000000e+03
nan
3.603000000000000000e+03
1.792000000000000000e+03
1.756000000000000000e+03
1.240000000000000000e+03
nan
nan
nan
8.950000000000000000e+03
nan
nan
nan
3.217900000000000000e+04
nan
3.345000000000000000e+03
nan
nan
nan
nan
nan
nan
3.325400000000000000e+04
nan
nan
nan
nan
nan
nan
nan
nan
nan
nan
3.237000000000000000e+03
1.225200000000000000e+04
7.058000000000000000e+03
nan
nan
3.946000000000000000e+03
nan
nan
4.463000000000000000e+03
nan
nan
nan
nan
nan
nan
1.308000000000000000e+03
nan
nan
nan
nan
1.022000000000000000e+04
nan
nan
nan
nan
6.886000000000000000e+03
nan
nan
nan
2.820000000000000000e+02
nan
2.563000000000000000e+03
1.314000000000000000e+03
nan
nan
4.983000000000000000e+03
nan
nan
3.775600000000000000e+04
6.427700000000000000e+04
4.074900000000000000e+04
nan
nan
1.412700000000000000e+04
nan
nan
3.202000000000000000e+03
8.057000000000000000e+03
nan
3.600000000000000000e+02
nan
1.361000000000000000e+03
nan
nan
nan
nan
nan
nan
1.760000000000000000e+03
1.280000000000000000e+02
nan
nan
nan
1.352000000000000000e+03
nan
1.152000000000000000e+03
nan
nan
1.062700000000000000e+04
nan
nan
nan
nan
1.748000000000000000e+03
nan
nan
nan
nan
nan
nan
5.570000000000000000e+02
nan
nan
nan
1.403000000000000000e+03
nan
1.557000000000000000e+03
2.636000000000000000e+03
nan
nan
nan
nan
3.199600000000000000e+04
6.932000000000000000e+03
3.464000000000000000e+03
nan
nan
nan
9.121000000000000000e+03
nan
4.669600000000000000e+04
nan
nan
nan
nan
3.214200000000000000e+04
nan
nan
nan
nan
nan
1.041200000000000000e+04
1.264800000000000000e+04
1.033700000000000000e+04
nan
nan
nan
nan
nan
nan
nan
1.106000000000000000e+03
nan
nan
nan
nan
nan
nan
nan
8.800000000000000000e+02
nan
nan
nan
3.524000000000000000e+03
nan
nan
8.679000000000000000e+03
nan
nan
nan
nan
nan
1.068000000000000000e+03
9.883000000000000000e+03
nan
nan
6.661000000000000000e+03
3.647100000000000000e+04
nan
1.918000000000000000e+03
2.114400000000000000e+04
9.191000000000000000e+03
nan
nan
nan
2.744000000000000000e+03
nan
nan
nan
nan
nan
2.520000000000000000e+03
3.256500000000000000e+04
5.784500000000000000e+04
nan
1.873000000000000000e+03
nan
nan
nan
nan
nan
nan
nan
nan
nan
nan
nan
7.984000000000000000e+03
3.596000000000000000e+03
6.230000000000000000e+02
9.085200000000000000e+04
nan
nan
1.378400000000000000e+04
nan
nan
nan
nan
nan
nan
5.627000000000000000e+03
3.497000000000000000e+03
nan
nan
3.856000000000000000e+03
nan
nan
9.532000000000000000e+03
1.756000000000000000e+03
2.978600000000000000e+04
3.837000000000000000e+03
nan
9.346000000000000000e+03
8.807300000000000000e+04
nan
nan
3.017000000000000000e+03
4.750000000000000000e+03
1.576000000000000000e+03
nan
nan
1.580000000000000000e+02
nan
1.225000000000000000e+03
nan
nan
nan
nan
nan
nan
2.694000000000000000e+03
nan
nan
nan
nan
nan
nan
nan
nan
2.438000000000000000e+03
nan
5.570000000000000000e+03
nan
nan
nan
nan
1.544200000000000000e+04
nan
nan
1.401000000000000000e+03
nan
nan
1.302300000000000000e+04
nan
2.929000000000000000e+03
nan
nan
1.744000000000000000e+03
nan
3.888000000000000000e+03
nan
3.057000000000000000e+03
nan
nan
nan
nan
nan
5.639000000000000000e+03
nan
nan
nan
nan
2.080000000000000000e+02
nan
nan
nan
1.709000000000000000e+03
2.400000000000000000e+02
2.601000000000000000e+03
7.300000000000000000e+03
nan
nan
nan
nan
1.792000000000000000e+03
nan
nan
nan
nan
3.312000000000000000e+03
1.682000000000000000e+03
nan
1.564000000000000000e+03
nan
2.508000000000000000e+03
nan
nan
nan
nan
3.602000000000000000e+03
2.568100000000000000e+04
1.198000000000000000e+03
nan
6.200000000000000000e+01
nan
nan
nan
7.987000000000000000e+03
1.888000000000000000e+03
nan
nan
7.474000000000000000e+03
nan
6.800000000000000000e+01
nan
7.658000000000000000e+03
3.265000000000000000e+03
nan
nan
nan
nan
nan
nan
2.990000000000000000e+02
nan
nan
nan
nan
nan
nan
nan
nan
nan
nan
6.710000000000000000e+02
8.454900000000000000e+04
nan
nan
4.127000000000000000e+03
nan
1.271400000000000000e+04
5.984100000000000000e+04
nan
1.722000000000000000e+03
nan
nan
6.371000000000000000e+03
6.712000000000000000e+03
1.078000000000000000e+03
nan
7.848000000000000000e+03
3.385000000000000000e+03
3.816000000000000000e+03
1.856000000000000000e+03
nan
nan
nan
2.151000000000000000e+04
nan
6.428000000000000000e+03
1.247000000000000000e+03
nan
nan
nan
nan
nan
nan
4.880000000000000000e+02
nan
nan
nan
nan
nan
nan
nan
nan
6.721900000000000000e+04
1.332000000000000000e+04
nan
nan
8.510000000000000000e+02
nan
nan
3.296000000000000000e+03
nan
3.505000000000000000e+03
2.273200000000000000e+04
nan
nan
nan
2.295000000000000000e+03
2.828200000000000000e+04
2.252900000000000000e+04
nan
nan
nan
1.762000000000000000e+04
nan
nan
nan
nan
7.140000000000000000e+03
nan
nan
nan
nan
nan
2.542000000000000000e+04
nan
2.454000000000000000e+03
nan
1.396700000000000000e+04
nan
nan
nan
7.534000000000000000e+03
nan
2.530700000000000000e+04
nan
nan
nan
nan
nan
nan
nan
1.833000000000000000e+03
6.400000000000000000e+02
nan
7.920000000000000000e+02
nan
nan
nan
nan
nan
nan
nan
nan
1.599200000000000000e+04
nan
nan
nan
nan
nan
nan
nan
7.444000000000000000e+03
nan
nan
3.261000000000000000e+03
nan
nan
nan
1.749000000000000000e+03
nan
7.200000000000000000e+03
6.400000000000000000e+02
9.989000000000000000e+03
nan
nan
9.120000000000000000e+02
3.614000000000000000e+03
nan
nan
nan
nan
nan
1.278000000000000000e+03
nan
nan
nan
nan
4.304000000000000000e+03
nan
nan
nan
1.769000000000000000e+04
nan
5.000000000000000000e+03
nan
nan
nan
9.073000000000000000e+03
nan
nan
nan
2.326000000000000000e+03
nan
nan
3.071000000000000000e+03
nan
nan
nan
6.368000000000000000e+03
nan
nan
nan
9.177000000000000000e+03
nan
3.211600000000000000e+04
1.182000000000000000e+03
nan
1.730000000000000000e+03
3.604000000000000000e+03
1.247000000000000000e+03
9.410000000000000000e+02
nan
nan
nan
nan
5.081000000000000000e+03
nan
3.472000000000000000e+03
nan
nan
1.116000000000000000e+04
nan
nan
nan
4.067000000000000000e+03
nan
1.614000000000000000e+03
nan
nan
nan
nan
4.394200000000000000e+04
nan
5.995000000000000000e+03
6.897000000000000000e+03
nan
nan
nan
nan
nan
3.253600000000000000e+04
1.461300000000000000e+04
3.612900000000000000e+04
nan
nan
2.446300000000000000e+04
nan
nan
nan
nan
nan
nan
nan
nan
nan
3.184000000000000000e+03
1.947100000000000000e+04
nan
nan
nan
nan
nan
nan
9.750000000000000000e+03
nan
9.600000000000000000e+01
4.900000000000000000e+02
nan
nan
1.748000000000000000e+03
nan
1.796000000000000000e+03
3.692700000000000000e+04
nan
nan
1.763000000000000000e+03
nan
nan
2.402000000000000000e+03
nan
nan
nan
nan
nan
nan
nan
nan
nan
nan
nan
2.121000000000000000e+03
nan
nan
1.302000000000000000e+03
9.159000000000000000e+03
nan
nan
nan
3.766000000000000000e+04
nan
nan
nan
9.280000000000000000e+03
nan
nan
nan
nan
1.104000000000000000e+03
nan
nan
nan
nan
nan
3.380000000000000000e+02
1.077000000000000000e+03
2.324800000000000000e+04
7.600000000000000000e+01
nan
nan
nan
nan
nan
nan
nan
nan
1.671500000000000000e+04
nan
nan
1.917000000000000000e+03
nan
nan
2.954000000000000000e+03
nan
nan
nan
nan
nan
nan
nan
nan
nan
nan
8.350000000000000000e+02
nan
1.242300000000000000e+04
3.920200000000000000e+04
nan
3.031000000000000000e+03
nan
nan
nan
nan
nan
nan
8.000000000000000000e+01
nan
nan
nan
nan
3.880000000000000000e+03
nan
nan
nan
nan
nan
nan
nan
nan
nan
nan
nan
nan
nan
nan
9.051000000000000000e+03
nan
nan
nan
1.243500000000000000e+04
1.977400000000000000e+04
nan
4.140000000000000000e+02
nan
nan
nan
1.500000000000000000e+01
nan
nan
nan
3.304000000000000000e+03
1.786000000000000000e+03
nan
nan
nan
3.730000000000000000e+02
nan
nan
1.766000000000000000e+03
nan
nan
nan
1.118900000000000000e+04
nan
5.600000000000000000e+01
9.600000000000000000e+01
nan
nan
1.286000000000000000e+03
2.627000000000000000e+03
5.621800000000000000e+04
nan
nan
8.020000000000000000e+02
1.204000000000000000e+04
nan
nan
nan
nan
nan
nan
2.328000000000000000e+03
4.365000000000000000e+03
nan
7.120000000000000000e+02
nan
nan
nan
nan
nan
1.282000000000000000e+03
1.941500000000000000e+04
nan
1.125100000000000000e+04
nan
1.075000000000000000e+03
3.211900000000000000e+04
nan
5.780000000000000000e+02
6.084000000000000000e+03
nan
3.509000000000000000e+03
nan
nan
7.580000000000000000e+03
9.096000000000000000e+03
5.982000000000000000e+03
1.498200000000000000e+04
nan
nan
1.746000000000000000e+03
nan
5.440000000000000000e+02
nan
5.470000000000000000e+02
nan
3.690000000000000000e+03
nan
nan
nan
3.791000000000000000e+03
5.976000000000000000e+03
nan
nan
1.113000000000000000e+03
5.293800000000000000e+04
nan
9.416000000000000000e+03
nan
nan
nan
6.521500000000000000e+04
nan
8.530000000000000000e+02
3.458700000000000000e+04
4.831000000000000000e+03
5.032000000000000000e+03
nan
9.180000000000000000e+02
nan
nan
3.550000000000000000e+03
nan
nan
nan
1.166000000000000000e+03
2.787200000000000000e+04
nan
nan
2.715000000000000000e+03
2.078000000000000000e+03
nan
nan
nan
nan
nan
nan
nan
nan
nan
nan
2.000000000000000000e+00
nan
1.454000000000000000e+03
5.064000000000000000e+03
nan
nan
nan
9.492000000000000000e+03
5.674000000000000000e+03
nan
6.423000000000000000e+03
nan
nan
nan
nan
nan
nan
1.336000000000000000e+03
nan
nan
6.340100000000000000e+04
nan
1.086000000000000000e+04
nan
1.800100000000000000e+04
2.827700000000000000e+04
nan
nan
8.325000000000000000e+03
nan
2.257000000000000000e+03
5.038000000000000000e+03
nan
nan
3.499000000000000000e+03
4.051000000000000000e+03
nan
nan
1.980000000000000000e+02
nan
7.400000000000000000e+01
nan
nan
1.920000000000000000e+03
1.038000000000000000e+03
nan
nan
nan
nan
nan
nan
nan
nan
nan
nan
nan
1.566000000000000000e+03
nan
nan
nan
nan
nan
nan
2.991000000000000000e+03
nan
nan
1.772000000000000000e+03
5.819000000000000000e+03
1.300000000000000000e+02
nan
9.980000000000000000e+02
3.293000000000000000e+03
nan
6.080000000000000000e+02
nan
6.497200000000000000e+04
1.222800000000000000e+04
4.551000000000000000e+03
3.860000000000000000e+02
nan
2.541000000000000000e+03
nan
nan
nan
nan
nan
nan
nan
nan
2.553000000000000000e+03
nan
nan
1.747000000000000000e+03
nan
nan
nan
nan
nan
nan
nan
nan
nan
nan
8.950000000000000000e+02
nan
nan
1.356800000000000000e+04
2.544000000000000000e+03
nan
nan
nan
1.970300000000000000e+04
1.694000000000000000e+04
nan
nan
nan
nan
nan
nan
nan
nan
nan
nan
2.402000000000000000e+03
nan
3.397300000000000000e+04
nan
nan
nan
nan
9.180000000000000000e+02
nan
nan
nan
2.213700000000000000e+04
4.104000000000000000e+03
nan
nan
nan
nan
nan
7.660000000000000000e+02
nan
nan
nan
2.218600000000000000e+04
4.446000000000000000e+03
4.442000000000000000e+03
nan
nan
9.520000000000000000e+02
nan
nan
nan
nan
3.704000000000000000e+03
nan
nan
2.872000000000000000e+03
nan
nan
8.229000000000000000e+03
7.363000000000000000e+03
nan
1.728000000000000000e+03
3.822000000000000000e+03
nan
nan
nan
nan
nan
7.146000000000000000e+03
nan
nan
nan
nan
nan
nan
8.076000000000000000e+03
nan
nan
nan
nan
nan
nan
nan
1.715000000000000000e+03
nan
nan
5.440000000000000000e+03
nan
7.107500000000000000e+04
2.116600000000000000e+04
nan
nan
3.407000000000000000e+03
nan
nan
nan
1.663000000000000000e+03
nan
4.872000000000000000e+03
nan
nan
nan
1.311000000000000000e+03
nan
nan
nan
nan
nan
nan
1.800000000000000000e+03
1.931000000000000000e+04
3.741000000000000000e+03
6.488000000000000000e+03
nan
3.479000000000000000e+03
nan
nan
nan
7.890000000000000000e+02
5.194000000000000000e+03
5.097000000000000000e+03
nan
nan
4.664100000000000000e+04
nan
nan
1.289000000000000000e+03
nan
nan
nan
nan
nan
2.482000000000000000e+03
nan
3.632000000000000000e+03
nan
1.912000000000000000e+03
nan
nan
nan
nan
1.874000000000000000e+03
nan
2.327000000000000000e+03
1.315000000000000000e+03
nan
9.291000000000000000e+03
nan
5.168000000000000000e+03
nan
nan
8.970000000000000000e+02
nan
nan
nan
nan
1.079200000000000000e+04
nan
nan
nan
nan
nan
1.733000000000000000e+03
nan
nan
nan
nan
3.440000000000000000e+03
nan
1.776000000000000000e+03
nan
5.190000000000000000e+03
nan
nan
nan
nan
nan
3.420000000000000000e+02
2.630000000000000000e+03
nan
nan
nan
nan
nan
nan
8.410000000000000000e+02
nan
nan
2.450400000000000000e+04
nan
nan
nan
nan
nan
7.585200000000000000e+04
5.304700000000000000e+04
nan
nan
nan
8.360000000000000000e+02
nan
nan
1.236900000000000000e+04
nan
1.388000000000000000e+03
1.520000000000000000e+02
nan
nan
nan
nan
4.023000000000000000e+03
nan
4.298100000000000000e+04
nan
nan
nan
nan
9.834000000000000000e+03
nan
nan
1.550000000000000000e+03
nan
nan
1.330700000000000000e+04
5.030000000000000000e+02
3.485000000000000000e+03
nan
nan
1.360800000000000000e+04
nan
nan
1.500000000000000000e+02
1.055000000000000000e+03
nan
nan
3.450000000000000000e+03
2.578000000000000000e+03
nan
nan
nan
nan
nan
nan
nan
nan
nan
7.494000000000000000e+03
1.134000000000000000e+03
nan
nan
9.337000000000000000e+03
5.261400000000000000e+04
nan
nan
nan
8.960000000000000000e+02
7.828000000000000000e+03
nan
9.880000000000000000e+02
2.252300000000000000e+04
nan
5.319000000000000000e+03
nan
nan
3.040000000000000000e+02
nan
4.689000000000000000e+03
nan
nan
nan
nan
1.383700000000000000e+04
nan
nan
nan
2.962000000000000000e+03
9.890000000000000000e+03
nan
nan
1.078000000000000000e+03
2.041500000000000000e+04
3.511000000000000000e+03
1.752000000000000000e+03
nan
2.209000000000000000e+03
nan
3.019000000000000000e+03
nan
4.912000000000000000e+03
nan
3.504000000000000000e+03
nan
3.074000000000000000e+03
nan
1.243800000000000000e+04
nan
6.380000000000000000e+02
nan
nan
3.200000000000000000e+03
nan
2.757000000000000000e+04
2.536700000000000000e+04
nan
nan
nan
8.602000000000000000e+03
nan
3.977000000000000000e+03
nan
nan
nan
nan
3.246000000000000000e+03
nan
nan
1.950000000000000000e+02
nan
3.724700000000000000e+04
nan
2.909000000000000000e+03
nan
nan
2.533000000000000000e+03
1.006700000000000000e+04
1.000000000000000000e+03
9.340000000000000000e+02
nan
5.336000000000000000e+03
5.308000000000000000e+03
nan
nan
nan
1.410000000000000000e+03
3.339000000000000000e+03
nan
nan
nan
nan
nan
5.262000000000000000e+03
1.813000000000000000e+03
nan
4.160100000000000000e+04
nan
nan
nan
nan
7.916000000000000000e+03
nan
1.431600000000000000e+04
nan
nan
nan
4.128000000000000000e+03
nan
7.062000000000000000e+03
nan
2.280500000000000000e+04
1.620000000000000000e+03
nan
nan
3.355700000000000000e+04
nan
nan
nan
nan
3.315390000000000000e+05
1.530900000000000000e+04
nan
nan
2.270000000000000000e+03
3.272000000000000000e+03
nan
nan
2.346500000000000000e+04
nan
nan
1.810300000000000000e+04
3.842700000000000000e+04
nan
nan
2.004000000000000000e+03
2.802000000000000000e+03
nan
3.567300000000000000e+04
9.014000000000000000e+03
3.450000000000000000e+03
nan
6.510000000000000000e+04
nan
7.120000000000000000e+02
8.284000000000000000e+03
1.140000000000000000e+03
nan
nan
nan
nan
7.500000000000000000e+02
nan
nan
8.000000000000000000e+00
nan
nan
nan
nan
nan
nan
2.482200000000000000e+04
nan
1.606600000000000000e+04
nan
nan
nan
4.320000000000000000e+02
1.365600000000000000e+04
5.430000000000000000e+02
6.906000000000000000e+03
nan
nan
nan
nan
nan
nan
nan
nan
nan
1.377400000000000000e+04
8.501000000000000000e+03
3.528900000000000000e+04
nan
nan
nan
4.622000000000000000e+03
nan
nan
nan
nan
2.400000000000000000e+02
nan
nan
nan
nan
5.700000000000000000e+01
1.420000000000000000e+02
8.740000000000000000e+02
nan
nan
1.200000000000000000e+02
nan
nan
1.650000000000000000e+02
nan
3.640000000000000000e+03
nan
nan
nan
1.920600000000000000e+04
nan
nan
nan
4.699000000000000000e+03
nan
4.680000000000000000e+02
nan
nan
nan
nan
nan
6.240000000000000000e+03
nan
1.553000000000000000e+03
3.090000000000000000e+02
nan
2.050000000000000000e+02
9.840000000000000000e+02
nan
1.640800000000000000e+04
4.835000000000000000e+03
nan
nan
nan
nan
1.586200000000000000e+04
nan
nan
2.415400000000000000e+04
nan
nan
nan
nan
nan
nan
1.230900000000000000e+04
9.573000000000000000e+03
nan
nan
nan
nan
nan
nan
nan
3.502000000000000000e+03
2.431000000000000000e+03
nan
nan
nan
nan
nan
6.616000000000000000e+03
nan
1.858000000000000000e+03
7.320000000000000000e+02
2.419000000000000000e+03
3.046000000000000000e+04
nan
7.188000000000000000e+03
3.284000000000000000e+03
4.930000000000000000e+02
nan
nan
1.640800000000000000e+04
nan
nan
nan
nan
nan
nan
nan
2.760000000000000000e+03
nan
nan
3.458700000000000000e+04
5.620000000000000000e+03
9.907000000000000000e+03
nan
nan
nan
1.957000000000000000e+03
2.160000000000000000e+03
nan
nan
8.060000000000000000e+02
1.421000000000000000e+03
1.227000000000000000e+03
nan
nan
1.123600000000000000e+04
nan
2.971000000000000000e+03
nan
4.405000000000000000e+03
9.652000000000000000e+03
nan
nan
nan
1.920600000000000000e+04
nan
2.122760000000000000e+05
nan
7.816000000000000000e+03
1.663000000000000000e+03
nan
4.560000000000000000e+02
nan
nan
4.410000000000000000e+03
1.267000000000000000e+03
6.995000000000000000e+03
nan
5.859400000000000000e+04
8.000000000000000000e+02
nan
6.843000000000000000e+03
nan
nan
nan
nan
7.408000000000000000e+03
nan
nan
nan
5.170000000000000000e+03
2.607000000000000000e+03
1.811000000000000000e+03
nan
nan
nan
nan
2.590000000000000000e+03
nan
nan
nan
2.557000000000000000e+03
nan
nan
1.594000000000000000e+04
nan
1.086300000000000000e+04
nan
nan
3.836000000000000000e+03
1.619000000000000000e+03
nan
nan
nan
nan
1.436000000000000000e+03
nan
nan
nan
4.000000000000000000e+01
1.544400000000000000e+04
nan
nan
nan
nan
1.782000000000000000e+03
nan
nan
nan
4.679000000000000000e+03
nan
nan
nan
nan
nan
nan
nan
nan
nan
nan
nan
nan
nan
nan
nan
6.930000000000000000e+03
nan
nan
nan
2.255700000000000000e+04
1.552000000000000000e+03
nan
nan
6.896000000000000000e+03
4.033200000000000000e+04
nan
2.532000000000000000e+03
nan
3.551000000000000000e+03
3.901000000000000000e+03
nan
nan
nan
9.180000000000000000e+02
nan
nan
nan
nan
nan
nan
nan
8.536000000000000000e+03
nan
7.479000000000000000e+03
nan
3.104000000000000000e+03
nan
3.965000000000000000e+04
nan
8.360000000000000000e+02
nan
3.626000000000000000e+03
nan
nan
nan
2.598000000000000000e+03
nan
nan
5.120000000000000000e+02
nan
nan
6.262000000000000000e+03
nan
nan
2.060000000000000000e+03
1.362000000000000000e+03
4.028000000000000000e+03
nan
nan
nan
nan
1.797000000000000000e+03
nan
1.090300000000000000e+04
nan
nan
nan
nan
nan
nan
1.222000000000000000e+03
nan
7.614000000000000000e+03
nan
nan
nan
1.866000000000000000e+03
nan
nan
nan
8.280000000000000000e+02
2.970000000000000000e+02
nan
4.648000000000000000e+03
1.494000000000000000e+03
nan
3.980000000000000000e+02
1.160000000000000000e+03
nan
nan
nan
1.666000000000000000e+03
9.590000000000000000e+02
5.812000000000000000e+03
nan
nan
nan
nan
nan
nan
3.416000000000000000e+03
nan
nan
nan
nan
nan
nan
nan
nan
1.637650000000000000e+05
nan
nan
nan
4.685000000000000000e+03
nan
nan
nan
nan
nan
nan
nan
nan
1.429000000000000000e+04
nan
nan
nan
1.992000000000000000e+03
nan
nan
nan
nan
nan
nan
nan
nan
5.029000000000000000e+03
nan
nan
nan
1.744000000000000000e+03
nan
nan
nan
nan
nan
nan
1.216000000000000000e+03
3.600000000000000000e+01
1.481600000000000000e+04
nan
1.633500000000000000e+04
nan
nan
nan
nan
9.934000000000000000e+03
4.404500000000000000e+04
nan
nan
nan
3.074500000000000000e+04
1.414700000000000000e+04
7.948000000000000000e+03
4.840000000000000000e+03
nan
nan
7.606000000000000000e+03
nan
nan
nan
nan
nan
nan
4.740000000000000000e+02
8.260000000000000000e+02
nan
8.690000000000000000e+03
1.734000000000000000e+03
nan
1.056000000000000000e+03
nan
1.016000000000000000e+03
1.397100000000000000e+04
1.158900000000000000e+04
nan
nan
nan
nan
nan
nan
2.472000000000000000e+03
nan
2.384400000000000000e+04
1.486700000000000000e+04
6.600000000000000000e+01
nan
1.464000000000000000e+03
nan
nan
1.021200000000000000e+04
nan
nan
nan
nan
nan
nan
nan
1.105900000000000000e+04
1.979650000000000000e+05
nan
2.572000000000000000e+03
nan
3.056000000000000000e+03
nan
8.945000000000000000e+03
nan
nan
nan
nan
3.809000000000000000e+03
2.143900000000000000e+04
6.643000000000000000e+03
1.568100000000000000e+04
nan
2.355000000000000000e+03
nan
1.324000000000000000e+03
nan
nan
nan
8.651000000000000000e+03
nan
8.180000000000000000e+02
1.740000000000000000e+03
nan
9.200000000000000000e+02
nan
nan
nan
1.345300000000000000e+04
9.832000000000000000e+03
nan
nan
nan
4.721000000000000000e+03
2.062100000000000000e+04
nan
nan
nan
1.355700000000000000e+04
nan
nan
1.987600000000000000e+04
nan
nan
nan
2.960000000000000000e+02
4.204200000000000000e+04
nan
nan
nan
4.705000000000000000e+03
nan
nan
nan
nan
nan
nan
nan
nan
6.822600000000000000e+04
nan
1.076000000000000000e+03
nan
1.904000000000000000e+03
5.608000000000000000e+03
nan
nan
nan
8.161000000000000000e+03
2.080700000000000000e+04
nan
nan
nan
nan
nan
nan
1.920000000000000000e+03
4.820000000000000000e+02
nan
nan
nan
nan
9.040000000000000000e+02
1.720000000000000000e+03
nan
1.257400000000000000e+04
nan
nan
9.202000000000000000e+03
nan
nan
1.005100000000000000e+04
nan
nan
nan
nan
nan
nan
nan
7.033000000000000000e+03
4.060400000000000000e+04
4.383000000000000000e+03
nan
nan
nan
nan
nan
nan
9.228000000000000000e+03
8.273000000000000000e+03
nan
1.688000000000000000e+03
8.390000000000000000e+02
nan
nan
6.228800000000000000e+04
nan
nan
1.629000000000000000e+03
1.691000000000000000e+03
nan
7.983000000000000000e+03
nan
nan
nan
nan
nan
nan
nan
nan
nan
nan
1.950200000000000000e+04
nan
nan
nan
5.920800000000000000e+04
nan
nan
nan
nan
nan
nan
4.458000000000000000e+03
1.923000000000000000e+04
nan
nan
nan
nan
nan
nan
4.731000000000000000e+03
nan
nan
4.522000000000000000e+03
5.256000000000000000e+03
4.479000000000000000e+03
2.161000000000000000e+03
1.890000000000000000e+03
2.872000000000000000e+03
nan
1.505000000000000000e+04
nan
nan
nan
7.980000000000000000e+02
nan
nan
nan
4.560000000000000000e+03
nan
nan
nan
nan
nan
5.850000000000000000e+02
3.764000000000000000e+03
nan
nan
nan
nan
nan
nan
nan
2.400000000000000000e+01
nan
2.451500000000000000e+04
nan
nan
2.807000000000000000e+03
nan
nan
nan
nan
nan
2.016000000000000000e+03
nan
nan
nan
nan
nan
nan
7.280000000000000000e+02
3.907100000000000000e+04
4.080000000000000000e+02
nan
nan
2.795900000000000000e+04
2.793000000000000000e+03
nan
nan
nan
nan
6.200000000000000000e+02
5.252000000000000000e+03
nan
nan
nan
nan
nan
nan
nan
nan
nan
nan
nan
nan
1.001600000000000000e+04
2.210000000000000000e+03
nan
nan
3.423000000000000000e+03
nan
nan
nan
nan
2.472600000000000000e+04
nan
1.884000000000000000e+03
nan
nan
nan
nan
nan
nan
2.696900000000000000e+04
5.264000000000000000e+03
2.690000000000000000e+03
nan
6.108000000000000000e+03
nan
nan
nan
3.121000000000000000e+03
3.354400000000000000e+04
1.829800000000000000e+04
nan
nan
nan
nan
nan
4.704000000000000000e+03
9.068000000000000000e+03
nan
nan
nan
nan
nan
1.064000000000000000e+03
nan
nan
6.883000000000000000e+03
1.931000000000000000e+04
nan
7.543000000000000000e+03
nan
5.802000000000000000e+03
8.370000000000000000e+02
2.885000000000000000e+03
nan
nan
1.530000000000000000e+03
8.948000000000000000e+03
nan
nan
nan
nan
nan
nan
nan
2.182700000000000000e+04
nan
nan
nan
nan
nan
6.118000000000000000e+03
nan
nan
2.291000000000000000e+03
7.693000000000000000e+03
nan
8.062000000000000000e+03
nan
nan
nan
nan
4.706250000000000000e+05
nan
nan
nan
3.427000000000000000e+03
2.465000000000000000e+03
9.394000000000000000e+03
nan
nan
nan
2.142000000000000000e+03
3.032000000000000000e+03
nan
nan
4.257000000000000000e+03
nan
nan
nan
nan
nan
nan
nan
nan
5.932700000000000000e+04
6.836000000000000000e+03
1.543800000000000000e+04
nan
nan
nan
1.951800000000000000e+04
nan
1.570000000000000000e+03
6.674000000000000000e+03
nan
1.049600000000000000e+04
nan
nan
nan
9.200000000000000000e+02
nan
nan
nan
nan
nan
nan
6.264000000000000000e+03
7.375000000000000000e+03
nan
nan
1.567800000000000000e+04
nan
1.992900000000000000e+04
1.236000000000000000e+03
3.564000000000000000e+03
nan
nan
3.420000000000000000e+04
nan
nan
4.545000000000000000e+03
nan
2.745000000000000000e+03
nan
1.114200000000000000e+04
nan
1.500000000000000000e+01
nan
nan
nan
nan
nan
nan
4.307100000000000000e+04
5.760000000000000000e+02
1.554000000000000000e+03
nan
5.732000000000000000e+03
nan
nan
nan
nan
7.150000000000000000e+02
nan
nan
4.590000000000000000e+03
1.272900000000000000e+04
nan
nan
nan
nan
nan
nan
nan
nan
3.498700000000000000e+04
2.560000000000000000e+02
nan
1.538000000000000000e+03
nan
nan
2.744000000000000000e+03
nan
2.357000000000000000e+04
4.400000000000000000e+02
2.503000000000000000e+03
nan
1.138000000000000000e+03
nan
nan
nan
2.508000000000000000e+03
nan
nan
nan
nan
nan
5.950000000000000000e+02
nan
nan
9.342000000000000000e+03
nan
nan
nan
nan
nan
2.083900000000000000e+04
nan
nan
7.709900000000000000e+04
3.091700000000000000e+04
6.902000000000000000e+03
nan
nan
nan
1.160000000000000000e+02
nan
nan
7.782000000000000000e+03
nan
nan
nan
nan
1.597100000000000000e+04
nan
2.080000000000000000e+02
9.280000000000000000e+02
nan
nan
nan
nan
nan
nan
4.136000000000000000e+03
nan
nan
nan
nan
nan
2.026000000000000000e+03
nan
nan
nan
nan
nan
3.776000000000000000e+03
nan
nan
nan
2.502000000000000000e+03
nan
1.979300000000000000e+04
nan
nan
1.213500000000000000e+04
nan
1.537400000000000000e+04
nan
nan
3.321000000000000000e+03
nan
nan
1.830000000000000000e+03
nan
nan
nan
1.960000000000000000e+03
nan
4.489000000000000000e+03
nan
nan
nan
nan
2.312000000000000000e+03
nan
nan
8.300000000000000000e+03
nan
4.193000000000000000e+04
nan
1.594040000000000000e+05
nan
nan
nan
1.327800000000000000e+04
5.051700000000000000e+04
nan
nan
nan
nan
9.410000000000000000e+02
nan
nan
1.636200000000000000e+04
nan
nan
nan
nan
1.684000000000000000e+03
1.273700000000000000e+04
nan
nan
2.137000000000000000e+03
nan
nan
nan
nan
1.757000000000000000e+03
nan
nan
nan
nan
nan
nan
nan
nan
nan
nan
nan
nan
1.720800000000000000e+04
nan
nan
8.060000000000000000e+02
nan
nan
nan
nan
nan
1.582000000000000000e+03
nan
nan
nan
nan
nan
nan
1.903400000000000000e+04
nan
nan
nan
nan
nan
nan
nan
nan
nan
9.059000000000000000e+03
nan
nan
8.910000000000000000e+02
nan
nan
6.442000000000000000e+03
3.880000000000000000e+03
2.247100000000000000e+04
nan
nan
nan
nan
nan
nan
1.122800000000000000e+04
nan
nan
nan
1.700000000000000000e+03
nan
nan
nan
nan
1.670400000000000000e+04
nan
nan
1.164000000000000000e+03
nan
nan
nan
7.019100000000000000e+04
nan
nan
nan
nan
nan
nan
nan
nan
nan
2.704500000000000000e+04
nan
nan
nan
nan
nan
2.390000000000000000e+03
nan
4.154800000000000000e+04
nan
nan
3.867000000000000000e+03
1.561000000000000000e+03
nan
nan
nan
nan
1.569000000000000000e+04
nan
9.660000000000000000e+02
nan
2.000000000000000000e+00
nan
nan
2.150200000000000000e+04
1.742000000000000000e+03
nan
2.732000000000000000e+03
nan
6.784000000000000000e+03
nan
nan
nan
2.912000000000000000e+03
nan
nan
nan
nan
nan
nan
6.664000000000000000e+03
5.382000000000000000e+03
nan
nan
7.087000000000000000e+03
3.672000000000000000e+03
9.850000000000000000e+02
nan
nan
nan
1.080000000000000000e+03
nan
1.339000000000000000e+03
8.036100000000000000e+04
nan
nan
nan
nan
nan
4.657400000000000000e+04
1.220000000000000000e+03
nan
nan
nan
1.176000000000000000e+03
nan
nan
2.000000000000000000e+02
nan
4.968000000000000000e+03
4.690400000000000000e+04
7.795000000000000000e+03
3.842600000000000000e+04
nan
nan
nan
nan
7.120000000000000000e+02
nan
6.707000000000000000e+03
nan
nan
nan
nan
nan
nan
nan
nan
8.623000000000000000e+03
nan
nan
9.690000000000000000e+02
nan
3.122000000000000000e+03
1.676000000000000000e+03
8.121000000000000000e+03
3.422600000000000000e+04
nan
nan
nan
1.792400000000000000e+04
nan
nan
7.067000000000000000e+03
nan
nan
nan
nan
nan
nan
nan
8.640000000000000000e+02
nan
nan
nan
nan
nan
nan
1.615000000000000000e+03
nan
1.520000000000000000e+02
nan
nan
5.843000000000000000e+03
nan
nan
nan
nan
nan
nan
1.754000000000000000e+03
nan
9.120000000000000000e+03
nan
nan
nan
4.004800000000000000e+04
1.416000000000000000e+03
nan
nan
nan
nan
nan
nan
9.560000000000000000e+02
1.680000000000000000e+03
1.645700000000000000e+04
nan
nan
nan
nan
nan
nan
nan
7.910000000000000000e+02
nan
1.201700000000000000e+04
2.692000000000000000e+03
nan
nan
4.617000000000000000e+03
nan
nan
nan
1.386200000000000000e+04
nan
3.905000000000000000e+03
nan
4.800000000000000000e+01
nan
nan
nan
nan
2.200000000000000000e+03
nan
1.960800000000000000e+04
1.638600000000000000e+04
1.656000000000000000e+03
nan
nan
nan
3.898600000000000000e+04
4.933000000000000000e+03
nan
nan
1.125000000000000000e+03
nan
7.978000000000000000e+03
3.229000000000000000e+03
nan
nan
nan
nan
nan
8.470000000000000000e+02
1.650000000000000000e+02
3.877000000000000000e+03
nan
5.680000000000000000e+04
9.630000000000000000e+03
nan
2.095700000000000000e+04
nan
nan
8.074000000000000000e+03
7.660000000000000000e+02
5.121000000000000000e+03
nan
nan
5.225000000000000000e+03
1.638600000000000000e+04
nan
nan
nan
1.670000000000000000e+03
nan
nan
nan
4.014000000000000000e+03
nan
nan
nan
nan
nan
nan
nan
nan
nan
nan
2.441800000000000000e+04
3.120000000000000000e+02
nan
6.798000000000000000e+03
6.296000000000000000e+03
nan
7.568000000000000000e+03
nan
nan
4.340000000000000000e+02
nan
nan
nan
9.684000000000000000e+03
nan
nan
nan
5.876000000000000000e+03
nan
nan
nan
nan
nan
7.120000000000000000e+02
nan
nan
nan
3.006700000000000000e+04
4.940000000000000000e+02
1.196200000000000000e+04
nan
2.829500000000000000e+04
nan
nan
nan
nan
nan
nan
nan
7.120000000000000000e+02
4.464000000000000000e+03
3.481000000000000000e+03
nan
nan
nan
2.125000000000000000e+03
1.752000000000000000e+03
nan
nan
nan
9.200000000000000000e+02
nan
nan
nan
1.154300000000000000e+04
3.592000000000000000e+03
nan
6.664000000000000000e+03
nan
2.478000000000000000e+03
nan
nan
nan
7.850000000000000000e+03
1.292900000000000000e+04
7.420000000000000000e+03
4.847000000000000000e+03
nan
nan
nan
nan
nan
1.210000000000000000e+04
nan
nan
1.411500000000000000e+04
4.671000000000000000e+03
nan
nan
nan
nan
nan
nan
3.580000000000000000e+03
nan
4.511800000000000000e+04
nan
nan
nan
nan
1.239000000000000000e+03
nan
2.682400000000000000e+04
3.369100000000000000e+04
nan
1.603600000000000000e+04
9.130200000000000000e+04
1.006000000000000000e+04
nan
1.624000000000000000e+03
5.821000000000000000e+03
1.626000000000000000e+03
nan
nan
nan
nan
nan
nan
1.367600000000000000e+04
nan
6.087000000000000000e+03
7.328000000000000000e+03
nan
1.752000000000000000e+03
nan
5.400000000000000000e+02
1.130000000000000000e+03
nan
nan
nan
1.760000000000000000e+02
7.425000000000000000e+03
nan
nan
nan
4.109800000000000000e+04
9.438000000000000000e+03
nan
9.524000000000000000e+03
9.440000000000000000e+02
2.875000000000000000e+03
5.450000000000000000e+02
9.720000000000000000e+02
nan
1.252000000000000000e+03
nan
nan
nan
9.950000000000000000e+02
nan
nan
2.800500000000000000e+04
nan
2.941000000000000000e+03
nan
nan
nan
nan
nan
nan
nan
6.008000000000000000e+03
nan
nan
nan
nan
1.354000000000000000e+03
nan
nan
nan
nan
nan
nan
nan
nan
8.100000000000000000e+02
nan
nan
nan
1.606000000000000000e+04
nan
nan
nan
nan
nan
1.362000000000000000e+03
nan
nan
nan
2.096800000000000000e+04
nan
4.590000000000000000e+03
nan
6.914000000000000000e+03
nan
1.545400000000000000e+04
nan
nan
nan
nan
nan
nan
nan
1.060000000000000000e+02
nan
nan
nan
5.291100000000000000e+04
nan
nan
1.200000000000000000e+02
1.827100000000000000e+04
3.321000000000000000e+03
nan
5.805000000000000000e+03
nan
nan
3.215000000000000000e+03
3.022000000000000000e+04
nan
nan
nan
4.137000000000000000e+03
nan
1.595500000000000000e+04
nan
7.244000000000000000e+03
2.744000000000000000e+03
nan
nan
nan
6.704000000000000000e+03
3.436800000000000000e+04
nan
1.490600000000000000e+04
nan
nan
1.795100000000000000e+04
nan
5.270300000000000000e+04
nan
nan
nan
3.602000000000000000e+03
nan
1.427300000000000000e+04
nan
nan
nan
1.026000000000000000e+03
nan
2.211900000000000000e+04
nan
1.624000000000000000e+03
1.608000000000000000e+03
nan
nan
nan
nan
nan
nan
nan
nan
6.482000000000000000e+03
3.636000000000000000e+03
nan
nan
nan
7.412000000000000000e+03
7.891000000000000000e+03
nan
nan
4.921000000000000000e+03
1.746000000000000000e+03
1.458000000000000000e+03
nan
nan
nan
nan
nan
nan
nan
7.250000000000000000e+03
8.350400000000000000e+04
nan
nan
nan
1.368000000000000000e+03
nan
nan
nan
nan
nan
7.785000000000000000e+03
nan
nan
nan
nan
nan
nan
8.300000000000000000e+02
1.486900000000000000e+04
nan
nan
nan
nan
8.826000000000000000e+03
nan
nan
1.024000000000000000e+03
6.195000000000000000e+03
9.340000000000000000e+02
6.430000000000000000e+03
nan
6.400000000000000000e+03
1.805000000000000000e+03
3.649000000000000000e+03
nan
1.811000000000000000e+03
nan
nan
nan
nan
nan
nan
nan
nan
nan
1.398000000000000000e+03
nan
nan
nan
nan
1.555000000000000000e+03
1.500000000000000000e+02
nan
nan
nan
nan
3.163700000000000000e+04
nan
nan
1.138620000000000000e+05
1.880000000000000000e+03
nan
7.980000000000000000e+02
1.395000000000000000e+03
nan
nan
nan
4.096000000000000000e+03
nan
nan
nan
nan
5.260000000000000000e+02
nan
1.836900000000000000e+04
nan
7.740000000000000000e+03
5.093000000000000000e+03
5.933000000000000000e+03
8.280000000000000000e+02
nan
nan
nan
nan
1.725000000000000000e+03
nan
nan
nan
1.079000000000000000e+03
nan
nan
nan
1.748000000000000000e+03
9.552000000000000000e+03
nan
nan
1.085400000000000000e+04
nan
nan
nan
6.984000000000000000e+03
nan
nan
9.220000000000000000e+02
nan
7.300000000000000000e+01
nan
nan
5.480000000000000000e+02
1.364000000000000000e+03
nan
2.400000000000000000e+02
nan
nan
nan
7.140000000000000000e+02
nan
nan
8.718000000000000000e+03
nan
nan
nan
nan
nan
nan
nan
nan
3.288000000000000000e+03
nan
nan
nan
nan
nan
5.217000000000000000e+03
nan
nan
nan
1.230000000000000000e+03
nan
nan
nan
nan
6.225000000000000000e+03
2.080700000000000000e+04
5.411000000000000000e+03
nan
nan
nan
nan
nan
2.399200000000000000e+04
nan
nan
nan
nan
1.397100000000000000e+04
5.134000000000000000e+03
nan
nan
1.624400000000000000e+04
1.792000000000000000e+03
nan
nan
nan
1.536000000000000000e+03
nan
nan
nan
nan
nan
1.600000000000000000e+02
7.807000000000000000e+03
nan
9.430000000000000000e+02
nan
nan
nan
nan
1.134000000000000000e+03
nan
3.345000000000000000e+03
1.511200000000000000e+04
nan
nan
6.823000000000000000e+03
2.746000000000000000e+03
nan
nan
nan
1.150000000000000000e+03
nan
1.482000000000000000e+03
1.096800000000000000e+04
nan
nan
nan
nan
5.324900000000000000e+04
1.096300000000000000e+04
nan
nan
nan
nan
nan
nan
nan
5.334000000000000000e+03
nan
nan
nan
nan
6.500000000000000000e+02
nan
nan
9.485000000000000000e+03
nan
nan
8.128000000000000000e+03
nan
1.896900000000000000e+04
nan
nan
nan
nan
nan
nan
nan
nan
nan
nan
nan
1.445000000000000000e+03
nan
nan
nan
nan
nan
nan
1.386000000000000000e+03
nan
nan
2.872000000000000000e+03
nan
nan
nan
1.055400000000000000e+04
5.285000000000000000e+03
nan
nan
nan
1.854000000000000000e+03
nan
nan
nan
nan
nan
nan
nan
1.467000000000000000e+03
nan
nan
nan
nan
nan
3.608000000000000000e+03
4.990000000000000000e+02
nan
nan
nan
3.448000000000000000e+03
5.733000000000000000e+03
nan
4.484000000000000000e+03
1.744000000000000000e+03
nan
2.476000000000000000e+03
nan
nan
nan
2.205300000000000000e+04
4.560000000000000000e+02
nan
3.882000000000000000e+03
nan
5.295000000000000000e+03
3.981000000000000000e+03
nan
nan
nan
2.996000000000000000e+03
nan
nan
nan
1.680000000000000000e+03
nan
7.750000000000000000e+02
nan
nan
nan
nan
nan
4.094000000000000000e+03
5.190000000000000000e+03
nan
nan
nan
6.648000000000000000e+03
nan
nan
7.709000000000000000e+03
nan
nan
nan
nan
nan
1.298900000000000000e+04
nan
nan
1.857000000000000000e+03
nan
nan
nan
1.590000000000000000e+03
9.280000000000000000e+02
nan
3.328000000000000000e+03
nan
nan
nan
3.151500000000000000e+04
3.038100000000000000e+04
nan
3.437000000000000000e+03
1.498600000000000000e+04
6.549000000000000000e+03
nan
nan
nan
nan
1.028000000000000000e+03
1.310000000000000000e+04
7.680000000000000000e+02
2.852000000000000000e+03
nan
1.440000000000000000e+03
2.291000000000000000e+04
1.800000000000000000e+02
1.267400000000000000e+04
5.280000000000000000e+02
nan
nan
nan
nan
nan
1.013900000000000000e+04
nan
1.488000000000000000e+03
1.690000000000000000e+04
nan
2.806500000000000000e+04
1.229000000000000000e+03
nan
1.017900000000000000e+04
4.983500000000000000e+04
nan
1.411900000000000000e+04
nan
nan
nan
3.115000000000000000e+03
nan
nan
nan
1.348900000000000000e+04
nan
1.180800000000000000e+04
nan
nan
nan
nan
nan
nan
9.500000000000000000e+02
nan
nan
2.400000000000000000e+02
2.360000000000000000e+03
nan
nan
nan
6.960000000000000000e+02
nan
3.073000000000000000e+03
nan
nan
nan
nan
1.577000000000000000e+03
nan
nan
2.911000000000000000e+03
nan
1.356000000000000000e+03
3.940000000000000000e+03
nan
nan
3.100000000000000000e+02
4.058600000000000000e+04
1.027400000000000000e+04
7.696300000000000000e+04
6.520000000000000000e+03
nan
6.880000000000000000e+02
nan
nan
nan
nan
nan
1.113000000000000000e+03
2.969000000000000000e+03
nan
nan
1.054000000000000000e+04
2.179300000000000000e+04
nan
nan
nan
nan
nan
1.427000000000000000e+03
nan
nan
nan
3.480500000000000000e+04
2.335600000000000000e+04
1.192000000000000000e+03
7.579000000000000000e+03
3.236000000000000000e+03
nan
9.040000000000000000e+02
nan
1.642000000000000000e+03
2.306000000000000000e+03
1.059400000000000000e+04
nan
nan
nan
nan
nan
nan
6.309000000000000000e+03
nan
5.665000000000000000e+03
nan
nan
3.837000000000000000e+03
nan
nan
nan
nan
nan
nan
nan
1.421000000000000000e+04
7.509000000000000000e+03
2.864000000000000000e+03
nan
nan
nan
1.138000000000000000e+03
nan
7.643000000000000000e+03
nan
nan
nan
5.808000000000000000e+03
nan
nan
nan
nan
1.260000000000000000e+03
nan
nan
8.013400000000000000e+04
nan
nan
1.955000000000000000e+03
nan
2.918000000000000000e+03
nan
nan
nan
nan
nan
2.623000000000000000e+03
nan
nan
nan
1.356000000000000000e+03
nan
1.236400000000000000e+04
nan
nan
1.580000000000000000e+03
2.868000000000000000e+03
nan
nan
2.728000000000000000e+03
nan
nan
nan
8.980000000000000000e+02
nan
6.184500000000000000e+04
nan
nan
nan
1.520000000000000000e+03
nan
6.311700000000000000e+04
8.757000000000000000e+03
nan
3.945000000000000000e+03
7.570000000000000000e+02
2.128000000000000000e+03
nan
nan
nan
nan
nan
nan
nan
nan
nan
3.915000000000000000e+03
nan
1.572400000000000000e+04
nan
1.863000000000000000e+03
nan
3.804000000000000000e+03
nan
nan
nan
8.888000000000000000e+03
nan
nan
3.639000000000000000e+03
nan
nan
nan
1.705000000000000000e+03
nan
nan
4.023000000000000000e+03
nan
2.400000000000000000e+03
7.270000000000000000e+02
nan
4.268600000000000000e+04
nan
nan
nan
2.194200000000000000e+04
nan
nan
2.662000000000000000e+03
nan
2.455000000000000000e+03
nan
nan
nan
2.001900000000000000e+04
nan
2.793000000000000000e+03
nan
nan
1.131100000000000000e+04
nan
6.156000000000000000e+03
3.787000000000000000e+03
nan
3.547000000000000000e+03
nan
2.572000000000000000e+03
nan
nan
1.776000000000000000e+03
1.980400000000000000e+04
8.020000000000000000e+03
nan
3.225000000000000000e+03
nan
3.860000000000000000e+03
nan
8.420000000000000000e+02
3.416000000000000000e+03
1.090000000000000000e+02
nan
nan
1.606100000000000000e+04
nan
9.815000000000000000e+03
nan
1.142000000000000000e+03
3.416000000000000000e+03
1.020000000000000000e+04
2.307000000000000000e+03
nan
nan
nan
2.721000000000000000e+03
nan
3.184000000000000000e+03
nan
nan
nan
3.133000000000000000e+03
1.794000000000000000e+03
nan
nan
nan
nan
3.564000000000000000e+03
nan
2.565000000000000000e+03
nan
nan
nan
5.275000000000000000e+03
nan
6.094000000000000000e+03
nan
nan
2.000000000000000000e+00
nan
nan
nan
nan
3.520000000000000000e+03
3.079700000000000000e+04
nan
nan
nan
1.718000000000000000e+03
nan
nan
nan
nan
nan
8.570000000000000000e+02
nan
nan
4.333000000000000000e+03
6.332000000000000000e+03
nan
nan
nan
nan
nan
1.756000000000000000e+03
nan
nan
nan
nan
nan
nan
2.192000000000000000e+03
2.560000000000000000e+02
nan
2.097700000000000000e+04
5.250000000000000000e+02
nan
2.768000000000000000e+03
nan
6.400000000000000000e+01
8.188000000000000000e+03
nan
nan
3.030000000000000000e+02
nan
nan
nan
3.000000000000000000e+02
8.306000000000000000e+03
9.480000000000000000e+02
nan
1.714000000000000000e+03
6.100000000000000000e+01
3.691000000000000000e+03
nan
nan
nan
nan
nan
nan
nan
7.230000000000000000e+02
nan
nan
1.131600000000000000e+04
2.826000000000000000e+03
nan
3.120000000000000000e+02
nan
nan
nan
nan
nan
nan
2.839000000000000000e+03
nan
nan
2.631000000000000000e+03
nan
nan
nan
nan
nan
3.322000000000000000e+03
2.384200000000000000e+04
nan
nan
1.696000000000000000e+03
nan
2.564000000000000000e+03
nan
nan
nan
nan
nan
1.724000000000000000e+03
nan
nan
1.700600000000000000e+04
nan
nan
6.955000000000000000e+03
nan
5.440000000000000000e+02
6.920000000000000000e+02
5.042000000000000000e+03
1.259700000000000000e+04
nan
nan
2.850000000000000000e+03
nan
nan
1.332200000000000000e+04
nan
nan
1.522300000000000000e+04
nan
nan
2.150000000000000000e+04
nan
nan
nan
nan
nan
nan
nan
1.036000000000000000e+03
2.871100000000000000e+04
nan
1.280000000000000000e+02
nan
nan
1.000000000000000000e+00
8.690000000000000000e+02
1.397000000000000000e+04
nan
nan
nan
nan
nan
2.900000000000000000e+03
nan
1.656400000000000000e+04
nan
nan
nan
2.996000000000000000e+03
nan
nan
nan
1.456000000000000000e+03
nan
1.663600000000000000e+04
nan
nan
nan
nan
nan
nan
2.544000000000000000e+03
nan
6.338000000000000000e+03
nan
1.544600000000000000e+04
nan
nan
nan
nan
nan
2.117500000000000000e+04
nan
6.844000000000000000e+03
nan
nan
nan
2.811600000000000000e+04
nan
nan
5.598000000000000000e+03
2.506000000000000000e+03
nan
6.181000000000000000e+03
nan
nan
3.783600000000000000e+04
3.756000000000000000e+03
nan
7.310000000000000000e+02
nan
8.652600000000000000e+04
nan
nan
nan
nan
1.847800000000000000e+04
6.223400000000000000e+04
1.712700000000000000e+04
nan
nan
nan
nan
nan
nan
1.413000000000000000e+03
nan
1.991180000000000000e+05
nan
nan
nan
nan
nan
nan
nan
3.242000000000000000e+03
nan
nan
nan
nan
nan
nan
3.967500000000000000e+04
nan
nan
nan
7.290000000000000000e+02
nan
nan
nan
nan
nan
4.800000000000000000e+03
1.114600000000000000e+04
nan
2.630000000000000000e+03
1.851100000000000000e+04
nan
nan
nan
nan
nan
nan
nan
8.440000000000000000e+02
2.369500000000000000e+04
1.862600000000000000e+04
3.536000000000000000e+03
8.930000000000000000e+02
nan
4.430000000000000000e+03
nan
nan
nan
nan
nan
2.284000000000000000e+03
5.370000000000000000e+03
nan
1.402000000000000000e+04
nan
nan
nan
nan
3.560000000000000000e+02
nan
3.065000000000000000e+03
8.616500000000000000e+04
nan
1.150000000000000000e+03
2.424000000000000000e+03
1.220000000000000000e+02
9.680000000000000000e+02
nan
8.680000000000000000e+02
1.332100000000000000e+04
nan
5.249000000000000000e+03
2.892000000000000000e+04
nan
nan
nan
nan
nan
nan
nan
4.800000000000000000e+01
nan
5.781800000000000000e+04
nan
nan
nan
nan
nan
nan
nan
nan
nan
nan
nan
nan
nan
1.847000000000000000e+03
2.716500000000000000e+04
nan
nan
nan
nan
1.452000000000000000e+03
1.257000000000000000e+03
nan
nan
nan
nan
nan
nan
nan
2.126600000000000000e+04
nan
6.223400000000000000e+04
8.366000000000000000e+03
nan
7.644000000000000000e+03
nan
nan
nan
nan
nan
5.943000000000000000e+03
nan
9.588000000000000000e+03
9.820000000000000000e+02
4.560000000000000000e+02
nan
nan
nan
nan
nan
nan
5.744000000000000000e+03
1.705000000000000000e+03
nan
nan
nan
4.808000000000000000e+03
nan
nan
nan
nan
nan
nan
nan
4.891000000000000000e+03
nan
1.546000000000000000e+04
1.740000000000000000e+03
nan
nan
nan
8.870000000000000000e+02
nan
nan
nan
4.689600000000000000e+04
1.968000000000000000e+03
nan
nan
nan
nan
nan
5.860000000000000000e+02
nan
nan
nan
nan
nan
3.944000000000000000e+03
nan
3.663000000000000000e+03
5.151500000000000000e+04
nan
nan
3.713000000000000000e+03
3.600000000000000000e+02
nan
nan
7.470000000000000000e+03
nan
nan
5.540000000000000000e+02
8.652000000000000000e+03
nan
6.940000000000000000e+02
nan
1.248000000000000000e+03
6.998000000000000000e+03
nan
nan
1.647000000000000000e+03
nan
nan
nan
nan
8.447000000000000000e+03
nan
nan
nan
8.560000000000000000e+02
1.559000000000000000e+03
nan
5.170000000000000000e+02
nan
nan
nan
7.907500000000000000e+04
1.784000000000000000e+03
nan
8.750000000000000000e+02
nan
1.460200000000000000e+04
nan
nan
1.688000000000000000e+03
1.644000000000000000e+03
nan
nan
9.660000000000000000e+02
nan
2.168000000000000000e+03
1.323900000000000000e+04
3.040000000000000000e+03
1.114500000000000000e+04
nan
1.373000000000000000e+04
2.608000000000000000e+03
nan
nan
nan
nan
nan
nan
nan
4.620000000000000000e+02
nan
nan
nan
nan
2.868200000000000000e+04
2.488000000000000000e+03
nan
nan
nan
nan
nan
nan
2.140000000000000000e+02
nan
nan
9.240000000000000000e+02
nan
nan
nan
nan
1.302800000000000000e+04
1.820000000000000000e+02
nan
nan
nan
nan
3.458700000000000000e+04
nan
nan
3.258000000000000000e+03
7.261000000000000000e+03
nan
nan
nan
nan
nan
2.353000000000000000e+03
nan
nan
nan
3.510000000000000000e+04
nan
nan
1.272200000000000000e+04
nan
nan
nan
nan
1.906900000000000000e+04
nan
8.340000000000000000e+02
nan
2.885000000000000000e+03
nan
8.157000000000000000e+03
nan
5.584000000000000000e+03
nan
nan
nan
6.090000000000000000e+02
nan
4.042000000000000000e+03
nan
nan
nan
6.115200000000000000e+04
nan
nan
7.220000000000000000e+03
1.828900000000000000e+04
nan
nan
6.641000000000000000e+03
2.328000000000000000e+03
3.660600000000000000e+04
nan
8.484000000000000000e+03
nan
nan
nan
nan
nan
9.010000000000000000e+02
2.950900000000000000e+04
nan
2.221200000000000000e+04
nan
9.624000000000000000e+03
nan
1.044200000000000000e+04
2.261800000000000000e+04
nan
nan
nan
nan
1.520000000000000000e+03
2.012900000000000000e+04
nan
1.334000000000000000e+03
3.461000000000000000e+03
nan
nan
nan
nan
9.360000000000000000e+02
nan
nan
2.569000000000000000e+03
2.820000000000000000e+03
5.008000000000000000e+03
nan
2.680000000000000000e+02
nan
nan
nan
1.596700000000000000e+04
nan
nan
nan
nan
8.740000000000000000e+02
nan
3.520000000000000000e+02
5.863000000000000000e+03
nan
2.030000000000000000e+03
nan
nan
3.294000000000000000e+03
nan
nan
nan
nan
5.291000000000000000e+03
nan
nan
nan
nan
3.777000000000000000e+03
nan
nan
nan
nan
5.391000000000000000e+03
nan
nan
4.222000000000000000e+03
nan
4.477000000000000000e+03
nan
nan
1.500000000000000000e+02
2.360000000000000000e+03
9.428000000000000000e+03
2.159000000000000000e+03
6.127000000000000000e+03
nan
nan
nan
nan
nan
nan
8.890000000000000000e+02
1.227000000000000000e+03
nan
nan
4.408000000000000000e+03
3.200400000000000000e+04
nan
nan
3.377000000000000000e+03
2.395000000000000000e+03
nan
nan
2.232000000000000000e+03
nan
nan
nan
nan
nan
nan
nan
nan
nan
nan
8.865000000000000000e+04
nan
nan
1.025750000000000000e+05
nan
1.241800000000000000e+04
nan
3.156000000000000000e+03
1.560000000000000000e+03
1.674300000000000000e+04
nan
nan
nan
nan
1.241800000000000000e+04
4.787000000000000000e+03
9.520000000000000000e+02
nan
nan
9.600000000000000000e+01
nan
nan
nan
nan
nan
5.920000000000000000e+03
nan
nan
1.711000000000000000e+03
nan
1.732000000000000000e+03
nan
nan
nan
3.101000000000000000e+03
nan
nan
nan
nan
nan
nan
1.147600000000000000e+04
nan
nan
nan
nan
nan
nan
nan
nan
nan
5.903500000000000000e+04
nan
nan
nan
nan
1.452000000000000000e+03
nan
nan
nan
nan
nan
nan
9.850000000000000000e+03
nan
2.582000000000000000e+03
nan
nan
4.573000000000000000e+03
nan
2.903000000000000000e+03
2.896000000000000000e+03
7.158000000000000000e+03
1.681000000000000000e+03
nan
nan
nan
nan
nan
nan
nan
nan
8.450000000000000000e+02
nan
3.423000000000000000e+03
nan
nan
nan
nan
nan
nan
1.010300000000000000e+04
nan
nan
nan
1.261700000000000000e+04
2.542000000000000000e+03
nan
3.805000000000000000e+03
nan
nan
nan
nan
nan
nan
2.184000000000000000e+03
nan
nan
nan
nan
2.969000000000000000e+03
nan
5.797000000000000000e+03
nan
nan
1.820000000000000000e+03
4.740000000000000000e+03
8.503000000000000000e+04
2.190000000000000000e+03
nan
nan
nan
1.003000000000000000e+03
nan
nan
nan
1.548000000000000000e+03
8.928000000000000000e+03
nan
nan
nan
nan
9.863400000000000000e+04
nan
nan
nan
nan
nan
nan
nan
1.628000000000000000e+03
nan
nan
3.348000000000000000e+03
9.200000000000000000e+03
1.488900000000000000e+04
6.551700000000000000e+04
nan
nan
4.443000000000000000e+03
nan
nan
3.011300000000000000e+04
2.002900000000000000e+04
7.556000000000000000e+03
nan
4.544000000000000000e+03
nan
nan
5.960000000000000000e+03
nan
nan
nan
nan
1.763800000000000000e+04
nan
nan
nan
nan
1.746000000000000000e+03
nan
nan
nan
nan
nan
nan
nan
nan
nan
nan
nan
nan
nan
nan
nan
6.541000000000000000e+03
2.570000000000000000e+03
1.765000000000000000e+03
nan
nan
nan
5.776000000000000000e+03
nan
nan
nan
nan
nan
nan
3.176000000000000000e+03
nan
nan
1.757000000000000000e+03
nan
nan
nan
nan
2.021200000000000000e+04
nan
nan
nan
3.190000000000000000e+02
nan
nan
nan
2.538100000000000000e+04
nan
1.776000000000000000e+03
1.668000000000000000e+03
nan
nan
2.456000000000000000e+03
3.474000000000000000e+03
1.750000000000000000e+02
8.612000000000000000e+03
nan
nan
nan
nan
3.000000000000000000e+02
nan
nan
nan
nan
1.653100000000000000e+04
2.444200000000000000e+04
nan
nan
9.617000000000000000e+03
7.258000000000000000e+04
nan
nan
nan
nan
5.200000000000000000e+02
nan
1.686000000000000000e+03
nan
nan
nan
3.560000000000000000e+02
nan
nan
3.589000000000000000e+03
2.248000000000000000e+03
nan
4.454000000000000000e+03
1.808000000000000000e+03
nan
nan
nan
1.748000000000000000e+03
nan
nan
nan
nan
1.144000000000000000e+03
3.568000000000000000e+03
nan
1.660000000000000000e+03
nan
nan
nan
3.723000000000000000e+03
1.760000000000000000e+02
2.030000000000000000e+02
nan
nan
1.177900000000000000e+04
nan
nan
nan
nan
nan
nan
nan
nan
nan
nan
5.020000000000000000e+02
1.309600000000000000e+04
2.649000000000000000e+03
1.597000000000000000e+03
nan
nan
nan
1.463100000000000000e+04
nan
nan
1.534500000000000000e+04
nan
nan
1.255000000000000000e+03
nan
1.839000000000000000e+03
2.705000000000000000e+03
3.104000000000000000e+03
nan
nan
1.670000000000000000e+02
nan
nan
nan
nan
3.496000000000000000e+03
7.062000000000000000e+03
nan
2.350400000000000000e+04
4.960000000000000000e+02
1.107300000000000000e+04
nan
nan
nan
nan
nan
nan
nan
6.731000000000000000e+03
nan
1.231000000000000000e+03
nan
8.043000000000000000e+03
nan
2.900000000000000000e+02
3.822000000000000000e+03
nan
nan
8.680000000000000000e+02
nan
nan
nan
nan
nan
nan
nan
nan
nan
nan
nan
nan
nan
nan
nan
nan
2.302000000000000000e+03
nan
nan
nan
1.637200000000000000e+04
3.428000000000000000e+03
6.686000000000000000e+03
4.114000000000000000e+03
nan
1.672000000000000000e+03
nan
nan
nan
nan
3.269000000000000000e+03
nan
nan
2.656000000000000000e+03
8.786000000000000000e+03
nan
nan
1.157300000000000000e+04
8.030000000000000000e+02
3.640000000000000000e+02
nan
nan
nan
1.720000000000000000e+03
nan
nan
nan
nan
nan
nan
nan
2.187100000000000000e+04
2.351000000000000000e+03
nan
nan
nan
nan
nan
nan
nan
nan
nan
nan
nan
nan
nan
6.845000000000000000e+03
1.069000000000000000e+03
nan
nan
nan
nan
6.794000000000000000e+03
nan
nan
nan
3.563000000000000000e+03
nan
nan
nan
6.668600000000000000e+04
nan
nan
6.017000000000000000e+03
nan
nan
nan
nan
nan
1.481600000000000000e+04
nan
2.432000000000000000e+03
nan
nan
6.709000000000000000e+03
6.321000000000000000e+03
1.767000000000000000e+03
nan
nan
6.073000000000000000e+03
nan
nan
nan
nan
7.296000000000000000e+03
nan
nan
nan
nan
nan
3.258000000000000000e+03
1.342000000000000000e+03
nan
nan
nan
3.512000000000000000e+03
nan
8.223000000000000000e+03
nan
nan
nan
1.830000000000000000e+03
nan
nan
nan
9.483000000000000000e+03
nan
1.878000000000000000e+03
nan
1.348000000000000000e+03
nan
nan
3.007000000000000000e+03
nan
4.060000000000000000e+02
nan
nan
nan
nan
1.772300000000000000e+04
nan
2.032000000000000000e+03
nan
nan
nan
nan
nan
nan
nan
2.631600000000000000e+04
4.001000000000000000e+03
nan
1.428600000000000000e+04
nan
2.113000000000000000e+03
nan
nan
1.718000000000000000e+03
7.172000000000000000e+03
2.566000000000000000e+03
6.142000000000000000e+03
nan
nan
1.672000000000000000e+03
nan
nan
2.126900000000000000e+04
1.056000000000000000e+03
6.719000000000000000e+03
nan
nan
nan
nan
nan
5.224000000000000000e+03
nan
4.400000000000000000e+01
nan
3.279000000000000000e+03
nan
nan
nan
nan
nan
nan
3.230000000000000000e+02
2.035300000000000000e+04
nan
2.928000000000000000e+03
nan
3.665000000000000000e+03
3.680000000000000000e+02
nan
7.553000000000000000e+03
2.033000000000000000e+03
nan
nan
7.605000000000000000e+03
nan
4.960000000000000000e+02
nan
nan
nan
nan
nan
nan
1.413200000000000000e+04
nan
nan
nan
nan
nan
1.800000000000000000e+02
nan
3.010400000000000000e+04
4.280000000000000000e+02
nan
nan
nan
3.648000000000000000e+03
9.729000000000000000e+03
nan
2.028100000000000000e+04
2.946000000000000000e+03
1.784000000000000000e+03
nan
nan
nan
nan
nan
1.038700000000000000e+04
3.775000000000000000e+03
nan
nan
nan
4.496000000000000000e+03
nan
7.979600000000000000e+04
nan
2.280000000000000000e+02
1.815000000000000000e+03
nan
nan
nan
nan
nan
2.644100000000000000e+04
nan
nan
nan
1.776000000000000000e+03
5.724500000000000000e+04
nan
8.360000000000000000e+02
1.756000000000000000e+03
nan
3.257000000000000000e+03
nan
nan
nan
2.450000000000000000e+04
nan
nan
nan
2.586500000000000000e+04
2.770000000000000000e+03
nan
nan
nan
nan
nan
nan
nan
nan
nan
3.885000000000000000e+03
nan
5.415000000000000000e+03
nan
nan
nan
nan
2.641000000000000000e+03
2.976000000000000000e+04
nan
1.552000000000000000e+03
nan
nan
nan
3.944000000000000000e+03
nan
1.109500000000000000e+04
nan
nan
nan
nan
2.716000000000000000e+03
nan
1.560000000000000000e+02
nan
2.042000000000000000e+03
1.166500000000000000e+04
nan
3.550000000000000000e+03
nan
1.730000000000000000e+03
nan
1.319200000000000000e+04
nan
2.349000000000000000e+03
nan
nan
nan
nan
3.526900000000000000e+04
nan
nan
nan
1.315000000000000000e+03
nan
1.074400000000000000e+04
nan
4.308400000000000000e+04
3.792000000000000000e+03
nan
8.074000000000000000e+03
9.540000000000000000e+03
nan
nan
4.122800000000000000e+04
nan
1.649000000000000000e+03
3.174400000000000000e+04
nan
4.834000000000000000e+03
nan
nan
nan
nan
2.222800000000000000e+04
1.366600000000000000e+04
nan
3.108000000000000000e+03
9.165000000000000000e+03
nan
nan
nan
2.309100000000000000e+04
4.020000000000000000e+02
nan
nan
nan
nan
3.860000000000000000e+02
nan
nan
nan
nan
nan
nan
nan
nan
6.913000000000000000e+03
nan
nan
nan
nan
nan
nan
nan
nan
2.000000000000000000e+03
nan
nan
4.374000000000000000e+03
1.688000000000000000e+03
3.474000000000000000e+03
nan
9.570000000000000000e+02
5.595000000000000000e+03
nan
nan
nan
1.509890000000000000e+05
6.250000000000000000e+02
nan
4.480000000000000000e+02
nan
nan
nan
1.768000000000000000e+03
nan
nan
nan
nan
nan
nan
3.183000000000000000e+03
nan
7.200000000000000000e+02
2.288000000000000000e+03
nan
1.680000000000000000e+02
nan
nan
nan
5.252000000000000000e+03
7.203000000000000000e+03
nan
8.944100000000000000e+04
1.768000000000000000e+03
nan
nan
nan
nan
nan
nan
nan
4.722000000000000000e+03
1.754000000000000000e+03
nan
nan
nan
nan
nan
5.027000000000000000e+03
nan
nan
2.986000000000000000e+03
nan
nan
2.425400000000000000e+04
nan
nan
nan
1.896000000000000000e+03
3.001000000000000000e+03
3.492000000000000000e+03
4.960000000000000000e+02
nan
nan
nan
nan
nan
nan
nan
nan
nan
nan
nan
5.544000000000000000e+03
nan
4.301000000000000000e+03
nan
6.840000000000000000e+02
nan
2.616000000000000000e+03
nan
1.260000000000000000e+03
nan
nan
nan
3.298000000000000000e+03
nan
nan
nan
4.500000000000000000e+02
3.484000000000000000e+03
2.104000000000000000e+03
nan
nan
nan
1.411000000000000000e+03
nan
nan
nan
nan
1.005700000000000000e+04
7.423000000000000000e+03
nan
4.560000000000000000e+02
nan
nan
nan
8.124000000000000000e+03
nan
nan
nan
2.296000000000000000e+03
nan
nan
nan
3.280000000000000000e+03
nan
nan
nan
nan
2.280000000000000000e+03
nan
nan
2.070000000000000000e+03
1.132100000000000000e+04
5.879000000000000000e+03
nan
5.138000000000000000e+03
nan
nan
nan
nan
nan
6.144000000000000000e+03
nan
9.580000000000000000e+02
1.682000000000000000e+03
nan
nan
nan
2.302200000000000000e+04
nan
7.949000000000000000e+03
nan
9.758000000000000000e+03
nan
1.748000000000000000e+03
1.750000000000000000e+02
2.081000000000000000e+03
nan
nan
nan
nan
7.949000000000000000e+03
nan
1.657000000000000000e+03
6.967000000000000000e+03
2.779500000000000000e+04
2.837000000000000000e+03
nan
nan
3.521000000000000000e+03
nan
nan
1.536000000000000000e+03
nan
nan
nan
nan
1.804000000000000000e+03
nan
9.515000000000000000e+03
nan
8.400000000000000000e+02
nan
nan
nan
1.927300000000000000e+04
7.782400000000000000e+04
nan
1.579000000000000000e+03
2.588000000000000000e+04
nan
nan
nan
nan
nan
1.148000000000000000e+03
nan
nan
1.000000000000000000e+00
nan
nan
nan
1.434900000000000000e+04
nan
nan
nan
nan
nan
9.400000000000000000e+02
nan
nan
nan
nan
3.680000000000000000e+02
nan
nan
nan
4.620000000000000000e+02
nan
2.402000000000000000e+03
nan
nan
nan
nan
nan
nan
nan
nan
7.702000000000000000e+03
nan
1.400000000000000000e+02
1.918000000000000000e+03
nan
nan
nan
1.179700000000000000e+04
3.204000000000000000e+03
nan
nan
1.179400000000000000e+04
9.680000000000000000e+02
8.306000000000000000e+03
nan
nan
nan
nan
nan
nan
nan
nan
nan
2.463000000000000000e+03
1.628200000000000000e+04
nan
nan
nan
1.684000000000000000e+03
nan
3.707000000000000000e+03
nan
6.488000000000000000e+03
nan
nan
nan
nan
6.116000000000000000e+03
nan
nan
nan
3.970800000000000000e+04
1.756000000000000000e+03
nan
nan
nan
nan
nan
nan
1.938000000000000000e+03
nan
nan
5.290000000000000000e+02
2.000000000000000000e+02
nan
2.681600000000000000e+04
nan
nan
nan
nan
7.020000000000000000e+02
nan
nan
3.876000000000000000e+03
nan
1.016000000000000000e+04
9.200000000000000000e+02
nan
nan
5.088000000000000000e+03
nan
1.520000000000000000e+02
nan
1.011000000000000000e+03
2.375000000000000000e+03
nan
6.906000000000000000e+03
nan
3.420000000000000000e+02
5.600000000000000000e+02
nan
nan
7.943100000000000000e+04
nan
1.610500000000000000e+04
nan
3.381000000000000000e+03
2.312000000000000000e+03
nan
nan
nan
nan
nan
1.981900000000000000e+04
nan
nan
1.864000000000000000e+03
nan
1.447300000000000000e+04
8.634000000000000000e+03
nan
nan
nan
nan
3.032000000000000000e+03
nan
8.480000000000000000e+02
nan
nan
1.362000000000000000e+04
nan
nan
nan
6.927000000000000000e+03
nan
nan
nan
nan
4.000000000000000000e+01
1.104000000000000000e+03
1.873600000000000000e+04
nan
1.040680000000000000e+05
1.564000000000000000e+03
nan
nan
nan
nan
nan
4.735200000000000000e+04
8.294000000000000000e+03
nan
7.408000000000000000e+03
1.164300000000000000e+04
nan
nan
1.284000000000000000e+04
nan
nan
nan
nan
1.783000000000000000e+03
nan
6.629000000000000000e+03
4.019000000000000000e+03
nan
nan
4.217000000000000000e+03
nan
1.908200000000000000e+04
1.217300000000000000e+04
nan
2.592000000000000000e+03
nan
nan
nan
5.830000000000000000e+03
nan
5.217000000000000000e+03
nan
nan
nan
nan
nan
nan
nan
nan
nan
nan
nan
nan
1.239000000000000000e+03
nan
nan
2.378000000000000000e+03
2.184000000000000000e+03
nan
1.408000000000000000e+03
2.956800000000000000e+04
nan
nan
nan
nan
7.224900000000000000e+04
1.166800000000000000e+04
1.520000000000000000e+02
nan
1.710000000000000000e+03
1.779000000000000000e+03
nan
nan
1.053000000000000000e+03
nan
2.640000000000000000e+03
nan
nan
3.306000000000000000e+03
2.346300000000000000e+04
nan
nan
nan
1.360000000000000000e+02
nan
nan
nan
nan
nan
1.937000000000000000e+03
nan
nan
4.351000000000000000e+03
nan
nan
nan
nan
nan
4.015100000000000000e+04
nan
nan
nan
3.088000000000000000e+03
1.915000000000000000e+03
7.400000000000000000e+02
nan
2.288000000000000000e+03
1.851000000000000000e+03
4.456000000000000000e+03
4.852000000000000000e+03
nan
nan
nan
3.488000000000000000e+03
nan
7.323000000000000000e+03
8.697000000000000000e+03
nan
7.037300000000000000e+04
7.389600000000000000e+04
nan
nan
nan
2.703200000000000000e+04
nan
nan
nan
nan
nan
7.808000000000000000e+03
1.011200000000000000e+04
nan
nan
nan
nan
3.303000000000000000e+03
3.168000000000000000e+03
nan
nan
nan
1.330000000000000000e+02
nan
1.676000000000000000e+03
2.655000000000000000e+03
8.820000000000000000e+02
nan
nan
nan
nan
nan
5.867000000000000000e+03
nan
4.200000000000000000e+03
nan
nan
nan
nan
8.759000000000000000e+03
nan
nan
nan
nan
2.688000000000000000e+03
1.028800000000000000e+04
nan
nan
1.987000000000000000e+03
nan
nan
nan
nan
1.927700000000000000e+04
nan
2.750000000000000000e+03
nan
nan
nan
1.154300000000000000e+04
nan
nan
1.418000000000000000e+03
nan
6.000000000000000000e+02
nan
nan
1.079860000000000000e+05
nan
8.417000000000000000e+03
8.471000000000000000e+03
nan
1.689000000000000000e+03
nan
nan
1.592000000000000000e+03
nan
nan
nan
nan
nan
nan
nan
nan
nan
2.510000000000000000e+02
nan
nan
nan
nan
3.192000000000000000e+03
nan
1.901100000000000000e+04
nan
nan
nan
nan
nan
5.172000000000000000e+03
7.142000000000000000e+03
2.206000000000000000e+03
nan
7.300000000000000000e+01
nan
nan
nan
nan
1.633900000000000000e+04
nan
1.084400000000000000e+04
3.518000000000000000e+03
5.792000000000000000e+03
nan
4.304000000000000000e+03
nan
nan
nan
2.990000000000000000e+02
nan
nan
nan
1.685000000000000000e+03
nan
nan
nan
nan
nan
nan
nan
nan
1.938000000000000000e+03
nan
nan
7.263000000000000000e+03
nan
8.500000000000000000e+02
nan
nan
nan
nan
nan
nan
1.395300000000000000e+04
nan
3.330600000000000000e+04
nan
nan
nan
nan
nan
6.700000000000000000e+03
nan
nan
6.796000000000000000e+03
8.750000000000000000e+02
nan
nan
nan
nan
8.010000000000000000e+02
nan
nan
nan
1.398000000000000000e+03
6.405000000000000000e+03
nan
nan
nan
5.867000000000000000e+03
nan
nan
4.962000000000000000e+03
nan
nan
nan
nan
nan
1.226000000000000000e+03
nan
8.555000000000000000e+03
2.480000000000000000e+03
nan
nan
nan
nan
nan
9.552000000000000000e+03
1.949400000000000000e+04
3.660400000000000000e+04
nan
nan
8.225000000000000000e+03
5.676000000000000000e+03
nan
1.359200000000000000e+04
4.637000000000000000e+03
7.008000000000000000e+03
nan
1.816000000000000000e+03
nan
nan
1.053000000000000000e+03
nan
nan
nan
nan
nan
7.408000000000000000e+03
nan
nan
nan
nan
nan
nan
4.231000000000000000e+03
8.068000000000000000e+03
nan
1.691000000000000000e+03
nan
nan
nan
nan
nan
4.912000000000000000e+03
1.770000000000000000e+03
nan
1.241600000000000000e+04
nan
nan
6.380000000000000000e+02
nan
5.840000000000000000e+02
nan
nan
1.746000000000000000e+03
4.328000000000000000e+03
nan
7.335000000000000000e+03
6.442000000000000000e+03
nan
nan
nan
9.583000000000000000e+03
nan
nan
7.188000000000000000e+03
2.790000000000000000e+02
nan
1.168900000000000000e+04
6.160000000000000000e+02
nan
nan
1.008500000000000000e+04
nan
nan
nan
1.820000000000000000e+03
nan
nan
nan
nan
nan
nan
nan
6.211000000000000000e+03
nan
2.000000000000000000e+00
nan
nan
1.537000000000000000e+03
1.234400000000000000e+04
nan
nan
2.459100000000000000e+04
nan
nan
nan
9.038000000000000000e+03
nan
nan
nan
nan
3.338700000000000000e+04
nan
nan
nan
nan
nan
5.995800000000000000e+04
4.347000000000000000e+03
nan
nan
7.808000000000000000e+03
nan
nan
5.496000000000000000e+03
1.084300000000000000e+04
nan
nan
nan
nan
nan
1.778000000000000000e+03
nan
1.932000000000000000e+03
9.215000000000000000e+03
nan
nan
nan
nan
nan
5.114000000000000000e+03
6.701000000000000000e+03
nan
nan
nan
5.152000000000000000e+03
nan
nan
nan
8.000000000000000000e+00
1.579000000000000000e+03
2.000000000000000000e+00
nan
nan
nan
nan
nan
nan
nan
nan
nan
nan
8.622000000000000000e+03
2.342600000000000000e+04
nan
4.502000000000000000e+03
nan
nan
nan
7.441100000000000000e+04
nan
2.250000000000000000e+02
8.350000000000000000e+02
nan
nan
9.980000000000000000e+02
nan
nan
2.164000000000000000e+03
3.200000000000000000e+01
nan
nan
nan
nan
nan
nan
nan
5.310000000000000000e+03
3.367600000000000000e+04
3.512000000000000000e+03
nan
1.626500000000000000e+04
1.591900000000000000e+04
nan
nan
nan
nan
nan
nan
nan
3.934000000000000000e+03
nan
nan
nan
nan
nan
1.441200000000000000e+04
nan
nan
nan
3.457000000000000000e+03
nan
nan
nan
2.576000000000000000e+03
nan
1.232000000000000000e+03
nan
1.527000000000000000e+03
nan
nan
nan
7.140000000000000000e+03
nan
1.107000000000000000e+03
nan
1.544400000000000000e+04
nan
nan
nan
nan
nan
nan
nan
nan
3.511000000000000000e+03
nan
5.520500000000000000e+04
nan
4.040000000000000000e+02
1.307700000000000000e+04
nan
nan
9.040000000000000000e+02
3.138000000000000000e+03
4.576000000000000000e+03
nan
8.320000000000000000e+02
nan
nan
nan
nan
1.349100000000000000e+04
nan
nan
1.357800000000000000e+04
nan
nan
1.989000000000000000e+03
7.343400000000000000e+04
nan
9.887000000000000000e+03
2.184000000000000000e+03
nan
3.981200000000000000e+04
7.060000000000000000e+02
nan
nan
nan
nan
nan
nan
nan
8.476000000000000000e+03
nan
nan
9.980000000000000000e+02
nan
nan
5.905000000000000000e+03
nan
5.175000000000000000e+03
nan
nan
1.355700000000000000e+04
5.702000000000000000e+03
nan
nan
1.596000000000000000e+03
1.582000000000000000e+03
nan
nan
1.380000000000000000e+03
2.241000000000000000e+03
nan
nan
nan
nan
nan
5.833000000000000000e+03
nan
nan
1.530300000000000000e+04
nan
nan
5.718000000000000000e+03
nan
nan
1.535000000000000000e+03
1.298800000000000000e+04
4.584000000000000000e+03
1.904000000000000000e+03
9.736000000000000000e+03
1.964000000000000000e+03
nan
2.035000000000000000e+03
6.500000000000000000e+02
7.000000000000000000e+01
nan
nan
nan
nan
1.091700000000000000e+04
nan
4.663000000000000000e+03
5.004000000000000000e+03
nan
nan
nan
1.818000000000000000e+03
nan
nan
nan
nan
nan
nan
2.504000000000000000e+03
nan
nan
nan
3.218000000000000000e+03
nan
2.350400000000000000e+04
6.049100000000000000e+04
8.920000000000000000e+02
7.246000000000000000e+03
nan
1.877000000000000000e+03
5.700000000000000000e+02
nan
1.412000000000000000e+03
nan
nan
5.012500000000000000e+04
nan
1.760000000000000000e+03
2.332000000000000000e+03
nan
nan
nan
1.077200000000000000e+04
nan
nan
nan
8.246000000000000000e+03
nan
nan
1.591900000000000000e+04
4.681000000000000000e+03
9.024800000000000000e+04
nan
4.947800000000000000e+04
nan
3.360000000000000000e+02
nan
nan
nan
3.068000000000000000e+03
nan
3.631000000000000000e+03
nan
1.331000000000000000e+04
7.177000000000000000e+03
nan
nan
nan
nan
nan
1.748000000000000000e+03
2.370000000000000000e+03
1.510600000000000000e+04
6.500000000000000000e+02
nan
nan
nan
2.264400000000000000e+04
nan
6.920000000000000000e+02
2.240000000000000000e+03
1.027500000000000000e+04
nan
2.315000000000000000e+03
1.652000000000000000e+03
1.523100000000000000e+04
nan
nan
nan
2.314500000000000000e+04
nan
nan
nan
nan
1.137000000000000000e+04
nan
nan
1.062900000000000000e+04
nan
1.552000000000000000e+03
6.140000000000000000e+03
nan
nan
2.796000000000000000e+03
nan
nan
nan
nan
nan
nan
nan
nan
7.640000000000000000e+02
nan
1.459000000000000000e+03
nan
nan
1.701000000000000000e+03
nan
nan
nan
nan
nan
2.172000000000000000e+03
nan
nan
nan
nan
8.800000000000000000e+01
nan
nan
nan
nan
nan
nan
nan
nan
2.646400000000000000e+04
nan
2.042000000000000000e+03
nan
8.340000000000000000e+02
1.362900000000000000e+04
3.120000000000000000e+02
nan
nan
nan
1.772200000000000000e+04
nan
2.233000000000000000e+03
nan
1.186000000000000000e+03
nan
nan
nan
nan
nan
4.983000000000000000e+03
2.414300000000000000e+04
nan
3.851100000000000000e+04
nan
nan
nan
nan
nan
3.924000000000000000e+03
nan
nan
2.569000000000000000e+03
nan
nan
2.038000000000000000e+04
nan
nan
nan
nan
nan
nan
1.088800000000000000e+04
3.730000000000000000e+03
1.339900000000000000e+04
nan
nan
7.660000000000000000e+02
1.457100000000000000e+04
nan
3.120000000000000000e+02
1.776000000000000000e+03
nan
nan
nan
6.096000000000000000e+03
4.131900000000000000e+04
2.142000000000000000e+03
nan
nan
nan
8.124000000000000000e+03
nan
1.308000000000000000e+03
nan
6.710000000000000000e+03
9.490000000000000000e+02
1.878000000000000000e+03
nan
nan
nan
nan
nan
nan
9.440200000000000000e+04
1.253000000000000000e+03
nan
nan
7.850000000000000000e+02
3.118000000000000000e+03
1.718000000000000000e+03
9.920000000000000000e+02
nan
1.765000000000000000e+03
nan
nan
6.966000000000000000e+03
nan
nan
nan
3.687000000000000000e+03
nan
5.103000000000000000e+03
nan
nan
nan
nan
nan
1.224000000000000000e+03
nan
nan
2.280000000000000000e+02
nan
nan
nan
nan
nan
nan
nan
nan
nan
nan
nan
nan
3.300000000000000000e+01
nan
nan
nan
nan
nan
nan
nan
4.566000000000000000e+03
nan
nan
8.800000000000000000e+01
nan
8.756000000000000000e+03
nan
nan
nan
5.157000000000000000e+03
nan
7.958000000000000000e+03
2.670000000000000000e+03
nan
1.828000000000000000e+04
nan
nan
nan
nan
nan
1.153800000000000000e+04
nan
nan
nan
nan
5.699000000000000000e+03
nan
nan
3.667400000000000000e+04
nan
1.148700000000000000e+04
2.736000000000000000e+03
4.499000000000000000e+03
3.600000000000000000e+01
nan
1.098000000000000000e+03
nan
nan
2.248000000000000000e+03
nan
nan
nan
8.590000000000000000e+02
nan
2.114600000000000000e+04
nan
5.935000000000000000e+03
1.680000000000000000e+02
nan
nan
2.017000000000000000e+03
nan
2.732000000000000000e+03
9.438000000000000000e+03
nan
nan
1.789300000000000000e+04
1.867000000000000000e+03
3.446000000000000000e+04
nan
nan
9.161000000000000000e+03
3.781200000000000000e+04
1.575000000000000000e+03
nan
4.188000000000000000e+03
nan
nan
7.486000000000000000e+03
nan
nan
nan
nan
3.800000000000000000e+02
nan
nan
nan
nan
nan
nan
nan
nan
nan
2.487000000000000000e+03
nan
nan
1.150400000000000000e+04
nan
nan
3.386000000000000000e+03
nan
nan
nan
3.644000000000000000e+03
nan
nan
nan
1.654000000000000000e+04
nan
nan
nan
nan
nan
nan
3.635000000000000000e+03
3.760000000000000000e+02
1.832000000000000000e+03
2.185000000000000000e+03
4.234000000000000000e+03
3.290300000000000000e+04
nan
nan
nan
nan
nan
nan
nan
6.720000000000000000e+02
1.462700000000000000e+04
nan
nan
nan
nan
nan
4.688000000000000000e+03
nan
2.000000000000000000e+02
nan
nan
nan
nan
nan
nan
nan
2.661000000000000000e+03
nan
nan
nan
nan
nan
7.981000000000000000e+03
nan
nan
nan
3.779000000000000000e+03
nan
nan
nan
nan
nan
nan
nan
nan
nan
nan
1.808000000000000000e+03
nan
nan
2.600400000000000000e+04
nan
nan
nan
3.208500000000000000e+04
nan
nan
2.798000000000000000e+03
1.098000000000000000e+04
1.169200000000000000e+04
nan
1.600000000000000000e+01
nan
nan
1.070000000000000000e+02
6.588000000000000000e+03
nan
3.211600000000000000e+04
4.852000000000000000e+03
nan
nan
nan
nan
nan
1.157600000000000000e+04
nan
nan
nan
nan
1.294000000000000000e+03
nan
nan
6.380000000000000000e+02
nan
2.234000000000000000e+03
6.848100000000000000e+04
nan
nan
nan
nan
nan
nan
nan
nan
7.312000000000000000e+03
1.252200000000000000e+04
nan
3.473000000000000000e+03
nan
nan
nan
3.796400000000000000e+04
nan
nan
nan
nan
nan
7.404000000000000000e+03
nan
8.910000000000000000e+02
3.932000000000000000e+03
nan
nan
nan
nan
nan
5.875000000000000000e+03
nan
nan
3.221000000000000000e+03
5.104000000000000000e+03
9.973000000000000000e+03
nan
1.276500000000000000e+04
nan
nan
3.730000000000000000e+02
nan
1.365000000000000000e+03
1.883000000000000000e+03
nan
1.767000000000000000e+03
1.266000000000000000e+04
nan
1.096900000000000000e+04
nan
6.100000000000000000e+01
2.050700000000000000e+04
nan
nan
3.328100000000000000e+04
2.120000000000000000e+02
nan
nan
nan
nan
nan
nan
nan
2.033000000000000000e+03
nan
nan
7.700000000000000000e+03
1.012900000000000000e+04
4.940000000000000000e+02
5.900000000000000000e+02
nan
3.304000000000000000e+03
5.048000000000000000e+03
nan
nan
nan
nan
nan
6.279000000000000000e+03
nan
nan
nan
nan
2.850000000000000000e+02
nan
nan
nan
6.214000000000000000e+03
nan
nan
nan
nan
nan
3.433000000000000000e+04
nan
nan
nan
nan
nan
nan
nan
nan
2.996000000000000000e+03
nan
6.240000000000000000e+02
3.717000000000000000e+03
3.484700000000000000e+04
nan
nan
nan
nan
nan
nan
nan
2.976000000000000000e+03
nan
nan
nan
3.200400000000000000e+04
nan
2.152000000000000000e+03
nan
nan
nan
2.928800000000000000e+04
nan
3.629000000000000000e+04
nan
1.160000000000000000e+02
nan
nan
nan
2.473000000000000000e+03
nan
nan
nan
7.551000000000000000e+03
nan
nan
nan
nan
nan
nan
4.764000000000000000e+03
5.068000000000000000e+03
nan
4.016000000000000000e+03
nan
8.174000000000000000e+03
nan
nan
5.083000000000000000e+03
3.093000000000000000e+03
nan
2.840000000000000000e+03
3.448000000000000000e+03
nan
nan
3.640000000000000000e+02
nan
1.420000000000000000e+02
nan
nan
2.610000000000000000e+02
nan
1.532600000000000000e+04
nan
nan
nan
nan
nan
nan
4.190900000000000000e+04
1.520000000000000000e+02
nan
3.356000000000000000e+03
1.896200000000000000e+04
nan
1.111200000000000000e+04
nan
3.560000000000000000e+02
nan
nan
3.967000000000000000e+03
nan
nan
nan
nan
3.364000000000000000e+03
nan
6.208000000000000000e+03
nan
1.975400000000000000e+04
1.784000000000000000e+03
nan
nan
nan
nan
nan
nan
2.488000000000000000e+03
8.473000000000000000e+03
nan
nan
9.069000000000000000e+03
nan
nan
nan
nan
nan
nan
nan
nan
nan
nan
9.337000000000000000e+03
nan
4.000000000000000000e+01
nan
nan
nan
nan
nan
nan
nan
3.390000000000000000e+03
nan
nan
3.532000000000000000e+03
nan
nan
nan
nan
nan
7.623000000000000000e+03
1.664700000000000000e+04
nan
nan
2.476400000000000000e+04
3.698000000000000000e+03
nan
nan
1.574800000000000000e+04
nan
7.692000000000000000e+03
1.033000000000000000e+03
nan
nan
9.118000000000000000e+03
nan
2.615000000000000000e+03
nan
nan
9.652000000000000000e+03
1.784000000000000000e+03
nan
nan
9.298000000000000000e+03
5.678000000000000000e+03
nan
4.750000000000000000e+02
nan
nan
4.365000000000000000e+03
nan
nan
nan
6.569000000000000000e+03
nan
1.385000000000000000e+03
nan
nan
5.470000000000000000e+02
nan
nan
nan
nan
1.748000000000000000e+03
nan
nan
nan
1.608000000000000000e+03
nan
nan
7.600000000000000000e+01
nan
nan
nan
6.857000000000000000e+03
5.790000000000000000e+03
nan
2.400000000000000000e+03
nan
9.398000000000000000e+03
nan
6.980000000000000000e+03
2.883000000000000000e+03
2.184000000000000000e+03
nan
1.844000000000000000e+03
1.252900000000000000e+04
nan
nan
6.655000000000000000e+03
4.296000000000000000e+03
nan
nan
1.364000000000000000e+03
4.811000000000000000e+03
nan
nan
nan
9.510000000000000000e+02
6.957000000000000000e+03
nan
6.070000000000000000e+03
nan
nan
nan
nan
nan
nan
nan
nan
nan
nan
3.673000000000000000e+03
nan
nan
1.822200000000000000e+04
nan
nan
nan
nan
nan
2.808000000000000000e+03
nan
7.870000000000000000e+02
nan
nan
nan
4.478000000000000000e+03
nan
1.800000000000000000e+03
1.664000000000000000e+03
nan
nan
2.552000000000000000e+03
nan
nan
3.421900000000000000e+04
nan
nan
nan
5.640000000000000000e+02
1.786900000000000000e+04
nan
8.550000000000000000e+02
nan
nan
3.288000000000000000e+03
2.347000000000000000e+03
nan
nan
6.820000000000000000e+02
nan
7.528000000000000000e+03
nan
nan
nan
3.116300000000000000e+04
nan
5.640000000000000000e+02
1.783000000000000000e+04
nan
nan
nan
nan
2.223400000000000000e+04
3.572000000000000000e+03
nan
nan
nan
2.986000000000000000e+03
nan
nan
nan
6.661000000000000000e+03
nan
nan
nan
1.935900000000000000e+04
nan
nan
nan
nan
nan
1.399100000000000000e+04
nan
6.840000000000000000e+02
nan
nan
nan
nan
nan
nan
nan
nan
nan
nan
nan
nan
nan
5.976000000000000000e+03
nan
nan
nan
nan
nan
nan
6.910000000000000000e+02
1.089600000000000000e+04
nan
nan
nan
nan
nan
nan
nan
3.260000000000000000e+03
nan
nan
3.016400000000000000e+04
nan
nan
nan
nan
2.412000000000000000e+03
nan
nan
2.954000000000000000e+03
nan
1.288000000000000000e+03
4.244500000000000000e+04
nan
1.135920000000000000e+05
nan
nan
nan
nan
1.796000000000000000e+04
nan
6.272000000000000000e+03
nan
1.530000000000000000e+02
3.444000000000000000e+03
nan
nan
nan
nan
nan
nan
1.361500000000000000e+04
3.360000000000000000e+02
nan
nan
nan
nan
nan
nan
nan
nan
nan
2.840000000000000000e+03
1.389600000000000000e+04
1.344000000000000000e+03
5.600000000000000000e+01
nan
nan
nan
nan
1.704000000000000000e+03
nan
3.430000000000000000e+03
8.160000000000000000e+02
nan
3.703000000000000000e+03
nan
nan
nan
1.511000000000000000e+03
nan
nan
nan
1.696000000000000000e+03
nan
nan
7.874000000000000000e+03
nan
nan
nan
nan
2.252900000000000000e+04
nan
1.570000000000000000e+03
nan
nan
2.711000000000000000e+03
nan
nan
nan
7.412000000000000000e+03
nan
nan
nan
nan
nan
nan
1.171000000000000000e+03
4.480000000000000000e+03
7.378000000000000000e+03
1.081000000000000000e+03
6.081200000000000000e+04
nan
nan
nan
nan
nan
nan
2.100000000000000000e+03
1.292300000000000000e+04
nan
1.407000000000000000e+03
nan
nan
nan
4.463800000000000000e+04
nan
nan
nan
nan
2.039400000000000000e+04
1.760000000000000000e+03
2.553000000000000000e+03
1.676800000000000000e+04
nan
nan
nan
nan
5.132800000000000000e+04
nan
nan
3.505900000000000000e+04
nan
nan
nan
nan
nan
nan
nan
nan
2.210000000000000000e+04
1.740000000000000000e+03
nan
nan
nan
nan
nan
2.892000000000000000e+03
5.137000000000000000e+03
1.968000000000000000e+03
nan
nan
nan
3.200000000000000000e+03
1.670000000000000000e+02
nan
nan
nan
2.827000000000000000e+03
nan
nan
nan
nan
nan
nan
1.717000000000000000e+03
nan
nan
nan
1.758000000000000000e+03
nan
nan
nan
4.617800000000000000e+04
nan
nan
nan
nan
4.488000000000000000e+03
nan
nan
nan
nan
nan
nan
6.329000000000000000e+03
3.234300000000000000e+04
4.368000000000000000e+03
nan
nan
4.400000000000000000e+02
nan
nan
4.374600000000000000e+04
nan
nan
1.653000000000000000e+03
nan
nan
nan
9.263000000000000000e+03
nan
5.252000000000000000e+03
nan
nan
nan
5.869000000000000000e+03
9.519000000000000000e+03
3.246000000000000000e+03
1.220000000000000000e+03
8.510000000000000000e+02
nan
nan
5.331000000000000000e+03
nan
nan
3.896500000000000000e+04
nan
nan
nan
nan
nan
3.001100000000000000e+04
nan
nan
9.340000000000000000e+02
6.808000000000000000e+03
5.756000000000000000e+03
nan
nan
nan
nan
6.357000000000000000e+03
nan
7.878000000000000000e+03
nan
1.321000000000000000e+03
nan
1.941900000000000000e+04
nan
6.046000000000000000e+03
2.555000000000000000e+03
nan
nan
nan
nan
6.440000000000000000e+02
nan
nan
3.159000000000000000e+03
nan
nan
1.520000000000000000e+03
2.803700000000000000e+04
6.112800000000000000e+04
nan
nan
nan
nan
nan
nan
nan
1.964000000000000000e+03
nan
nan
nan
nan
nan
nan
nan
nan
nan
nan
nan
nan
3.887000000000000000e+04
2.062000000000000000e+03
6.475000000000000000e+03
nan
nan
nan
1.577000000000000000e+03
2.604700000000000000e+04
5.960000000000000000e+03
nan
1.254700000000000000e+04
nan
nan
nan
nan
1.120000000000000000e+03
nan
nan
1.294000000000000000e+04
nan
1.383500000000000000e+04
nan
3.332000000000000000e+03
nan
4.343000000000000000e+03
nan
nan
6.800000000000000000e+01
nan
nan
4.884500000000000000e+04
nan
8.054000000000000000e+03
nan
nan
nan
3.034000000000000000e+03
2.863700000000000000e+04
nan
nan
1.719400000000000000e+04
nan
5.190000000000000000e+02
1.600000000000000000e+04
4.940000000000000000e+02
nan
1.672000000000000000e+03
nan
nan
nan
nan
nan
nan
nan
nan
nan
nan
nan
2.360000000000000000e+03
1.724000000000000000e+03
1.594040000000000000e+05
nan
nan
nan
nan
nan
nan
nan
nan
2.625900000000000000e+04
nan
nan
nan
5.868000000000000000e+03
nan
1.166400000000000000e+04
nan
nan
8.710000000000000000e+02
nan
nan
1.368000000000000000e+03
8.406000000000000000e+03
8.448000000000000000e+03
nan
nan
nan
nan
nan
nan
nan
nan
nan
nan
1.517300000000000000e+04
nan
3.456000000000000000e+03
8.000000000000000000e+00
3.590000000000000000e+02
nan
nan
nan
nan
8.786000000000000000e+03
nan
nan
nan
3.351000000000000000e+03
2.340000000000000000e+02
3.898000000000000000e+03
nan
nan
nan
9.560000000000000000e+02
4.209000000000000000e+04
nan
nan
nan
nan
nan
nan
1.286000000000000000e+04
nan
nan
nan
nan
nan
nan
3.552000000000000000e+03
nan
nan
nan
1.686000000000000000e+03
nan
nan
nan
1.100600000000000000e+04
nan
nan
1.824000000000000000e+03
2.021100000000000000e+04
nan
1.993300000000000000e+04
nan
nan
nan
1.919400000000000000e+04
nan
1.912000000000000000e+03
nan
nan
nan
9.585000000000000000e+03
6.572000000000000000e+03
nan
nan
5.907000000000000000e+03
1.402000000000000000e+03
nan
6.437000000000000000e+03
9.195000000000000000e+03
nan
nan
nan
nan
9.043000000000000000e+03
nan
1.994800000000000000e+04
nan
nan
nan
1.424000000000000000e+03
nan
nan
nan
nan
2.386500000000000000e+04
nan
nan
nan
1.379000000000000000e+03
nan
nan
nan
nan
nan
nan
nan
nan
nan
nan
5.371000000000000000e+03
nan
nan
nan
nan
8.780000000000000000e+02
nan
nan
nan
nan
nan
nan
nan
nan
nan
nan
nan
nan
nan
3.472000000000000000e+03
1.794000000000000000e+03
nan
nan
1.421800000000000000e+04
nan
2.114400000000000000e+04
nan
1.080000000000000000e+03
nan
nan
3.182000000000000000e+03
nan
2.572600000000000000e+04
nan
8.360000000000000000e+02
nan
nan
nan
nan
nan
nan
nan
4.601400000000000000e+04
nan
nan
8.424000000000000000e+03
2.421000000000000000e+04
nan
1.140500000000000000e+04
1.422200000000000000e+04
1.390700000000000000e+04
nan
1.634000000000000000e+03
nan
2.655000000000000000e+03
nan
3.303000000000000000e+03
6.265000000000000000e+03
3.860000000000000000e+03
nan
4.432000000000000000e+03
nan
1.796000000000000000e+03
nan
nan
nan
1.300000000000000000e+02
nan
1.288000000000000000e+03
8.874000000000000000e+03
8.200000000000000000e+02
6.200000000000000000e+02
1.856000000000000000e+03
nan
1.740000000000000000e+03
nan
8.083000000000000000e+03
nan
1.908000000000000000e+03
nan
nan
nan
nan
nan
nan
2.259000000000000000e+03
nan
nan
nan
nan
nan
7.984000000000000000e+03
2.437000000000000000e+03
nan
nan
nan
nan
nan
2.466500000000000000e+04
nan
3.267000000000000000e+03
nan
nan
nan
nan
nan
nan
9.500000000000000000e+02
1.678000000000000000e+03
nan
nan
7.809000000000000000e+03
nan
nan
3.404000000000000000e+03
nan
nan
nan
nan
nan
nan
nan
2.050300000000000000e+04
nan
2.730000000000000000e+03
nan
9.102000000000000000e+03
nan
nan
5.570000000000000000e+02
4.246000000000000000e+03
nan
nan
nan
2.539100000000000000e+04
nan
5.530000000000000000e+03
nan
nan
nan
nan
nan
nan
nan
2.809000000000000000e+03
4.640600000000000000e+04
1.712000000000000000e+03
nan
nan
nan
nan
1.287200000000000000e+04
nan
nan
nan
nan
nan
nan
nan
nan
nan
nan
nan
nan
2.810000000000000000e+03
nan
1.908000000000000000e+03
nan
3.872000000000000000e+03
nan
1.576000000000000000e+03
6.270000000000000000e+03
nan
3.710000000000000000e+02
nan
nan
nan
nan
nan
nan
2.955000000000000000e+03
nan
nan
nan
nan
7.701000000000000000e+03
nan
nan
3.092000000000000000e+03
nan
9.650000000000000000e+02
nan
nan
nan
1.904000000000000000e+03
nan
1.565000000000000000e+03
nan
1.580000000000000000e+03
nan
nan
3.792000000000000000e+03
nan
nan
6.136000000000000000e+04
nan
nan
nan
2.542400000000000000e+04
nan
nan
8.264000000000000000e+03
7.111000000000000000e+03
2.918000000000000000e+03
nan
1.264900000000000000e+04
nan
nan
nan
nan
nan
nan
nan
2.678000000000000000e+03
nan
8.299800000000000000e+04
nan
nan
8.487000000000000000e+03
nan
2.301000000000000000e+03
6.391000000000000000e+03
nan
nan
2.934000000000000000e+03
6.067000000000000000e+03
nan
nan
nan
nan
nan
9.800000000000000000e+01
nan
nan
4.527000000000000000e+03
4.291000000000000000e+03
nan
nan
nan
nan
nan
nan
nan
nan
1.320000000000000000e+03
nan
nan
nan
nan
nan
8.620000000000000000e+02
1.003950000000000000e+05
nan
nan
3.420000000000000000e+03
nan
4.503000000000000000e+03
7.900000000000000000e+01
nan
1.804000000000000000e+03
nan
1.421000000000000000e+03
nan
2.936000000000000000e+03
nan
nan
nan
3.698200000000000000e+04
nan
1.626500000000000000e+04
nan
1.289000000000000000e+03
nan
nan
5.277000000000000000e+03
nan
nan
3.032000000000000000e+03
nan
nan
1.994000000000000000e+03
nan
nan
nan
nan
nan
nan
7.445000000000000000e+03
2.416000000000000000e+03
5.200000000000000000e+01
1.778000000000000000e+03
nan
nan
nan
nan
nan
1.888700000000000000e+04
nan
nan
nan
3.062000000000000000e+03
1.804600000000000000e+04
7.426000000000000000e+03
nan
nan
1.000000000000000000e+02
nan
nan
1.816000000000000000e+03
2.674900000000000000e+04
nan
9.600000000000000000e+02
1.778900000000000000e+04
6.400000000000000000e+02
nan
nan
nan
nan
2.348000000000000000e+03
1.453000000000000000e+03
nan
4.640000000000000000e+03
nan
1.608800000000000000e+04
1.300000000000000000e+02
2.778000000000000000e+03
nan
2.582000000000000000e+03
nan
3.295300000000000000e+04
1.127600000000000000e+04
2.600000000000000000e+01
nan
nan
nan
nan
nan
nan
nan
nan
nan
nan
nan
nan
nan
nan
nan
nan
nan
nan
2.410600000000000000e+04
nan
3.392000000000000000e+03
nan
1.448000000000000000e+03
1.168100000000000000e+04
2.380000000000000000e+02
nan
3.960000000000000000e+04
nan
nan
2.678000000000000000e+03
nan
nan
nan
nan
nan
nan
nan
1.966900000000000000e+04
nan
nan
nan
nan
nan
1.005000000000000000e+04
9.152000000000000000e+03
1.485000000000000000e+03
3.740000000000000000e+02
2.818000000000000000e+03
nan
nan
nan
nan
nan
5.358400000000000000e+04
nan
nan
1.661000000000000000e+03
1.083100000000000000e+04
nan
nan
nan
nan
nan
nan
7.640000000000000000e+02
7.896000000000000000e+03
nan
nan
nan
nan
1.179400000000000000e+04
4.944000000000000000e+03
nan
3.194000000000000000e+03
nan
nan
3.464000000000000000e+03
nan
nan
nan
6.784000000000000000e+03
nan
3.345000000000000000e+03
nan
nan
nan
nan
nan
nan
9.679000000000000000e+03
1.413000000000000000e+03
nan
1.844600000000000000e+04
nan
nan
2.274000000000000000e+03
1.985000000000000000e+03
nan
1.594000000000000000e+03
nan
nan
8.520000000000000000e+02
nan
nan
6.660000000000000000e+03
4.432000000000000000e+03
nan
5.200000000000000000e+03
1.001700000000000000e+04
nan
5.582400000000000000e+04
nan
nan
nan
nan
6.580000000000000000e+03
nan
nan
nan
nan
9.274000000000000000e+03
nan
nan
4.372000000000000000e+03
nan
nan
1.880000000000000000e+02
1.438000000000000000e+03
nan
nan
nan
1.643800000000000000e+04
1.357600000000000000e+04
nan
1.474000000000000000e+03
8.610000000000000000e+03
1.726000000000000000e+03
3.120000000000000000e+02
1.918500000000000000e+04
nan
nan
nan
nan
4.967600000000000000e+04
nan
1.632000000000000000e+03
nan
1.472000000000000000e+03
nan
nan
nan
nan
nan
nan
9.380000000000000000e+02
3.443000000000000000e+03
nan
nan
nan
1.580000000000000000e+02
8.009000000000000000e+03
nan
nan
2.914000000000000000e+03
nan
nan
7.551000000000000000e+03
2.400000000000000000e+02
nan
nan
nan
1.805000000000000000e+03
nan
nan
nan
nan
nan
nan
2.176400000000000000e+04
1.657000000000000000e+03
2.689000000000000000e+03
nan
nan
nan
nan
2.476000000000000000e+03
nan
7.992000000000000000e+03
nan
nan
2.208000000000000000e+03
nan
1.658800000000000000e+04
nan
nan
nan
4.867200000000000000e+04
nan
nan
1.180800000000000000e+04
7.020000000000000000e+03
1.769000000000000000e+03
nan
nan
nan
nan
3.490400000000000000e+04
nan
nan
nan
nan
1.230000000000000000e+03
nan
nan
nan
nan
nan
nan
1.167700000000000000e+04
nan
nan
nan
8.000000000000000000e+03
2.200000000000000000e+01
nan
2.006100000000000000e+04
nan
nan
nan
6.156000000000000000e+03
2.660000000000000000e+03
nan
4.863000000000000000e+03
7.435300000000000000e+04
nan
nan
3.750900000000000000e+04
nan
nan
4.443000000000000000e+03
nan
nan
6.766000000000000000e+03
nan
nan
2.992000000000000000e+03
6.960000000000000000e+02
nan
nan
nan
1.438000000000000000e+03
nan
nan
nan
nan
nan
nan
nan
nan
nan
nan
nan
3.420000000000000000e+03
nan
nan
nan
nan
nan
nan
nan
4.806000000000000000e+03
nan
nan
nan
5.311000000000000000e+03
nan
nan
nan
nan
nan
9.126000000000000000e+03
nan
6.420000000000000000e+02
5.647000000000000000e+03
nan
nan
nan
4.780000000000000000e+02
nan
nan
6.400000000000000000e+02
1.449000000000000000e+04
4.331000000000000000e+03
nan
nan
nan
2.920000000000000000e+02
nan
nan
nan
nan
nan
nan
nan
nan
3.361000000000000000e+03
nan
nan
nan
nan
nan
nan
nan
1.470700000000000000e+04
nan
nan
nan
8.000000000000000000e+02
nan
nan
2.082100000000000000e+04
nan
nan
nan
nan
2.057000000000000000e+03
2.374000000000000000e+03
2.887700000000000000e+04
nan
nan
1.742500000000000000e+04
nan
nan
nan
1.079000000000000000e+03
nan
nan
nan
nan
1.738000000000000000e+03
4.218200000000000000e+04
nan
nan
6.920000000000000000e+03
1.963600000000000000e+04
nan
nan
2.820000000000000000e+03
nan
nan
1.978800000000000000e+04
nan
nan
1.642000000000000000e+03
nan
6.126900000000000000e+04
nan
6.600000000000000000e+03
nan
8.484020000000000000e+05
nan
nan
nan
nan
nan
nan
8.390000000000000000e+02
nan
6.540000000000000000e+02
1.217900000000000000e+04
nan
nan
5.168000000000000000e+03
nan
nan
nan
1.000000000000000000e+00
3.439100000000000000e+04
nan
nan
1.592000000000000000e+03
5.697000000000000000e+03
nan
2.260000000000000000e+03
nan
nan
1.928000000000000000e+03
2.295000000000000000e+03
nan
nan
1.879900000000000000e+04
nan
nan
nan
nan
5.840000000000000000e+02
1.542300000000000000e+04
nan
nan
nan
3.292200000000000000e+04
7.654000000000000000e+03
nan
nan
nan
1.868000000000000000e+03
nan
nan
nan
nan
1.680000000000000000e+02
nan
nan
7.299000000000000000e+03
3.754000000000000000e+03
nan
1.091800000000000000e+04
nan
nan
1.572000000000000000e+03
nan
3.643000000000000000e+03
5.864000000000000000e+03
nan
4.925900000000000000e+04
1.640000000000000000e+03
nan
nan
nan
nan
3.550000000000000000e+03
nan
2.416500000000000000e+04
1.725000000000000000e+03
nan
nan
nan
6.225000000000000000e+03
nan
nan
nan
nan
nan
4.300000000000000000e+02
5.280000000000000000e+02
nan
nan
1.276000000000000000e+03
nan
nan
1.473300000000000000e+04
nan
nan
nan
nan
nan
nan
1.350000000000000000e+02
nan
2.731000000000000000e+03
nan
nan
nan
1.892390000000000000e+05
nan
nan
nan
nan
nan
nan
4.723000000000000000e+03
3.017000000000000000e+03
1.092000000000000000e+03
2.549100000000000000e+04
nan
nan
4.322000000000000000e+03
nan
nan
nan
nan
nan
nan
nan
nan
nan
nan
1.822000000000000000e+03
nan
nan
4.172900000000000000e+04
nan
nan
nan
nan
nan
1.177900000000000000e+04
2.540000000000000000e+03
nan
nan
nan
nan
nan
nan
nan
nan
9.360000000000000000e+03
nan
nan
nan
nan
nan
nan
nan
nan
nan
nan
nan
nan
nan
nan
2.125000000000000000e+03
nan
5.420000000000000000e+02
5.340600000000000000e+04
nan
nan
nan
nan
nan
nan
nan
nan
nan
nan
nan
nan
nan
nan
1.650000000000000000e+03
nan
nan
nan
5.650000000000000000e+02
2.024800000000000000e+04
nan
nan
2.410000000000000000e+02
8.420000000000000000e+03
1.424000000000000000e+03
nan
nan
4.739000000000000000e+04
nan
1.576000000000000000e+03
nan
nan
3.334800000000000000e+04
nan
nan
2.405000000000000000e+03
nan
1.578000000000000000e+03
nan
nan
nan
nan
3.105600000000000000e+04
nan
nan
nan
nan
nan
nan
nan
3.341000000000000000e+04
nan
nan
nan
nan
nan
7.497700000000000000e+04
nan
nan
nan
nan
nan
nan
2.622400000000000000e+04
nan
nan
nan
3.207000000000000000e+03
nan
nan
5.260000000000000000e+03
nan
nan
nan
nan
nan
nan
nan
nan
1.049700000000000000e+04
nan
2.988000000000000000e+04
nan
nan
3.052000000000000000e+03
nan
3.188000000000000000e+03
nan
nan
3.257000000000000000e+03
nan
2.082000000000000000e+03
3.424000000000000000e+03
nan
nan
nan
nan
4.804000000000000000e+03
nan
nan
nan
6.404000000000000000e+03
1.581000000000000000e+03
nan
1.147000000000000000e+04
4.257000000000000000e+03
nan
nan
5.993000000000000000e+03
nan
nan
nan
nan
nan
nan
2.547000000000000000e+03
6.260000000000000000e+02
nan
nan
1.470000000000000000e+02
nan
nan
nan
nan
nan
nan
nan
nan
6.814000000000000000e+03
3.180000000000000000e+02
2.217000000000000000e+03
3.448000000000000000e+04
nan
nan
nan
nan
2.234000000000000000e+03
nan
nan
nan
nan
nan
nan
nan
6.929000000000000000e+03
5.115300000000000000e+04
nan
nan
nan
nan
5.381000000000000000e+03
nan
nan
nan
nan
1.630000000000000000e+03
nan
nan
nan
nan
3.060000000000000000e+04
5.552000000000000000e+03
nan
nan
nan
3.033100000000000000e+04
nan
nan
nan
nan
5.817000000000000000e+03
4.656000000000000000e+03
nan
nan
nan
nan
nan
2.191700000000000000e+04
nan
5.388000000000000000e+03
nan
nan
nan
2.666000000000000000e+03
nan
nan
nan
nan
nan
nan
nan
nan
3.704000000000000000e+03
1.176400000000000000e+04
nan
nan
3.920000000000000000e+02
nan
nan
nan
nan
nan
nan
nan
nan
nan
nan
5.210000000000000000e+02
nan
4.784400000000000000e+04
2.729000000000000000e+03
3.070000000000000000e+03
nan
2.987000000000000000e+03
1.530700000000000000e+04
nan
nan
1.641800000000000000e+04
nan
nan
nan
nan
nan
1.535000000000000000e+03
nan
nan
nan
nan
1.117000000000000000e+03
1.121700000000000000e+04
nan
1.467800000000000000e+04
nan
nan
nan
nan
nan
nan
6.600000000000000000e+01
nan
nan
nan
nan
nan
1.913000000000000000e+03
1.669300000000000000e+04
nan
1.533000000000000000e+03
nan
nan
nan
nan
8.820000000000000000e+02
4.258000000000000000e+03
nan
3.346000000000000000e+03
2.293000000000000000e+03
2.788000000000000000e+03
nan
2.576000000000000000e+03
nan
nan
1.300000000000000000e+02
nan
5.976000000000000000e+03
nan
nan
nan
nan
9.116000000000000000e+03
7.520000000000000000e+02
nan
nan
nan
nan
2.873000000000000000e+03
nan
nan
nan
nan
2.240000000000000000e+03
nan
nan
2.427000000000000000e+03
3.848700000000000000e+04
nan
nan
2.630000000000000000e+03
nan
nan
7.159200000000000000e+04
2.124800000000000000e+04
nan
nan
1.140000000000000000e+03
3.040000000000000000e+02
nan
9.569000000000000000e+03
nan
nan
1.422700000000000000e+04
nan
nan
2.677200000000000000e+04
nan
nan
3.520000000000000000e+02
nan
nan
1.016000000000000000e+03
2.881000000000000000e+03
9.120000000000000000e+02
nan
nan
nan
nan
2.526900000000000000e+04
7.744000000000000000e+03
nan
nan
1.530400000000000000e+04
1.385000000000000000e+03
nan
nan
nan
nan
nan
nan
nan
nan
4.740000000000000000e+03
2.287000000000000000e+03
nan
nan
nan
6.080000000000000000e+02
3.482000000000000000e+03
nan
nan
4.020000000000000000e+03
nan
nan
nan
nan
nan
2.337000000000000000e+03
nan
nan
nan
nan
nan
nan
nan
3.030000000000000000e+02
nan
nan
nan
3.527000000000000000e+03
nan
nan
nan
nan
nan
nan
nan
2.974000000000000000e+03
nan
1.816000000000000000e+03
nan
nan
7.024000000000000000e+03
nan
1.084000000000000000e+03
nan
nan
nan
nan
nan
6.832000000000000000e+03
nan
1.812000000000000000e+03
2.530000000000000000e+03
1.200000000000000000e+02
2.255000000000000000e+04
nan
nan
nan
nan
8.760000000000000000e+03
nan
1.477000000000000000e+03
nan
nan
nan
1.899300000000000000e+04
nan
nan
nan
nan
nan
nan
1.728000000000000000e+03
7.851000000000000000e+03
nan
4.149200000000000000e+04
8.356000000000000000e+03
nan
nan
nan
7.980000000000000000e+02
1.624000000000000000e+03
nan
nan
nan
nan
nan
2.382000000000000000e+03
1.821000000000000000e+03
nan
nan
nan
nan
nan
nan
nan
nan
1.750000000000000000e+03
nan
nan
1.760000000000000000e+03
nan
nan
nan
1.840000000000000000e+03
nan
7.760000000000000000e+02
2.111200000000000000e+04
nan
nan
nan
nan
nan
1.742000000000000000e+03
nan
nan
nan
nan
6.320000000000000000e+03
nan
nan
2.681700000000000000e+04
nan
nan
6.841000000000000000e+03
nan
2.144000000000000000e+03
3.018000000000000000e+03
3.468000000000000000e+03
1.542400000000000000e+04
nan
nan
nan
nan
1.917100000000000000e+04
2.512000000000000000e+03
7.669000000000000000e+03
nan
6.630000000000000000e+03
nan
nan
nan
8.020000000000000000e+02
nan
nan
nan
nan
nan
nan
nan
nan
nan
nan
nan
nan
nan
nan
nan
nan
nan
nan
6.752000000000000000e+03
nan
nan
nan
nan
5.048000000000000000e+03
nan
nan
nan
nan
2.260000000000000000e+03
nan
nan
nan
2.065000000000000000e+03
1.908000000000000000e+03
nan
2.208500000000000000e+04
2.881000000000000000e+03
9.225000000000000000e+03
nan
nan
nan
nan
nan
nan
nan
1.284100000000000000e+04
5.133000000000000000e+03
nan
nan
5.398300000000000000e+04
nan
nan
nan
nan
nan
4.448600000000000000e+04
nan
nan
nan
2.482000000000000000e+03
nan
nan
nan
nan
nan
nan
nan
nan
nan
7.156000000000000000e+03
1.411000000000000000e+03
nan
nan
nan
2.488000000000000000e+03
1.368000000000000000e+03
5.222000000000000000e+03
2.193000000000000000e+03
nan
1.977200000000000000e+04
8.954000000000000000e+03
1.732900000000000000e+04
6.021000000000000000e+03
nan
nan
nan
nan
nan
5.546000000000000000e+03
nan
nan
nan
1.602000000000000000e+03
1.291000000000000000e+04
1.382800000000000000e+04
nan
4.824000000000000000e+03
nan
nan
nan
3.481000000000000000e+03
8.800000000000000000e+01
nan
8.770000000000000000e+02
nan
nan
nan
nan
nan
nan
1.616500000000000000e+04
nan
nan
nan
nan
nan
nan
nan
nan
nan
1.443000000000000000e+03
nan
nan
nan
nan
nan
nan
7.000000000000000000e+03
nan
1.156000000000000000e+03
nan
1.740000000000000000e+03
nan
nan
7.920000000000000000e+03
nan
nan
nan
nan
9.059000000000000000e+03
nan
nan
nan
8.740000000000000000e+02
nan
nan
4.655000000000000000e+03
nan
nan
1.439900000000000000e+04
6.282800000000000000e+04
1.301300000000000000e+04
3.400000000000000000e+01
3.502000000000000000e+03
nan
nan
nan
1.570000000000000000e+03
nan
8.230000000000000000e+02
nan
6.860000000000000000e+02
4.763000000000000000e+03
6.204000000000000000e+03
nan
nan
nan
nan
nan
6.756000000000000000e+03
nan
nan
7.945000000000000000e+03
nan
nan
nan
nan
nan
nan
nan
9.430000000000000000e+02
nan
nan
nan
nan
nan
nan
nan
nan
3.355500000000000000e+04
5.290000000000000000e+02
4.800000000000000000e+01
4.095700000000000000e+04
9.618000000000000000e+03
1.608000000000000000e+03
nan
nan
nan
nan
6.580000000000000000e+02
nan
1.744000000000000000e+03
nan
1.810000000000000000e+03
nan
nan
3.794000000000000000e+03
1.856400000000000000e+04
nan
nan
4.028000000000000000e+03
nan
nan
3.293600000000000000e+04
nan
3.294000000000000000e+03
nan
nan
nan
2.202000000000000000e+03
nan
nan
nan
3.584000000000000000e+03
nan
6.000000000000000000e+02
nan
5.491000000000000000e+03
2.760000000000000000e+02
nan
nan
nan
5.647000000000000000e+03
nan
3.040000000000000000e+02
nan
nan
1.550000000000000000e+03
nan
1.708000000000000000e+03
5.036000000000000000e+03
1.280000000000000000e+02
nan
1.100800000000000000e+04
nan
nan
nan
1.014400000000000000e+04
2.240000000000000000e+02
3.232200000000000000e+04
nan
nan
nan
nan
1.148000000000000000e+03
2.385000000000000000e+03
1.111700000000000000e+04
nan
nan
nan
2.040000000000000000e+03
3.808000000000000000e+03
1.781000000000000000e+03
nan
nan
nan
nan
nan
nan
nan
nan
1.523800000000000000e+04
1.968000000000000000e+03
nan
1.208600000000000000e+04
nan
nan
5.328000000000000000e+03
1.364000000000000000e+03
5.904000000000000000e+03
nan
nan
nan
4.350000000000000000e+02
nan
9.519000000000000000e+03
nan
nan
2.625000000000000000e+03
nan
nan
nan
nan
nan
1.144500000000000000e+04
nan
nan
6.432000000000000000e+03
nan
nan
4.268000000000000000e+03
nan
nan
nan
nan
nan
1.680000000000000000e+03
nan
1.880000000000000000e+02
nan
nan
nan
nan
nan
5.032000000000000000e+03
nan
1.810000000000000000e+03
1.852500000000000000e+04
nan
nan
nan
nan
3.216800000000000000e+04
nan
nan
5.437000000000000000e+03
3.017700000000000000e+04
nan
nan
9.115600000000000000e+04
8.460000000000000000e+02
6.156000000000000000e+03
nan
nan
4.882000000000000000e+03
nan
nan
2.000000000000000000e+01
nan
2.874000000000000000e+03
2.520000000000000000e+03
3.067000000000000000e+03
nan
5.080000000000000000e+03
1.320500000000000000e+04
nan
nan
1.334000000000000000e+03
nan
1.330900000000000000e+04
nan
3.574000000000000000e+03
nan
nan
9.160000000000000000e+02
5.379000000000000000e+03
nan
nan
nan
9.547000000000000000e+03
nan
1.760000000000000000e+03
nan
nan
1.854000000000000000e+03
nan
5.099000000000000000e+03
1.360000000000000000e+02
7.824000000000000000e+03
nan
nan
nan
nan
nan
6.589000000000000000e+03
nan
nan
nan
nan
nan
2.400000000000000000e+02
5.084000000000000000e+03
nan
7.897000000000000000e+03
nan
nan
nan
nan
1.680000000000000000e+03
nan
2.724000000000000000e+03
2.000000000000000000e+02
nan
4.032400000000000000e+04
7.980000000000000000e+02
nan
6.762000000000000000e+03
nan
nan
nan
nan
7.230000000000000000e+02
nan
2.100000000000000000e+02
nan
1.712900000000000000e+04
nan
nan
nan
nan
7.649000000000000000e+03
1.537000000000000000e+03
nan
5.225900000000000000e+04
nan
nan
nan
nan
nan
6.470000000000000000e+02
5.184000000000000000e+03
1.114800000000000000e+04
nan
1.031000000000000000e+03
6.270900000000000000e+04
nan
5.307100000000000000e+04
1.813100000000000000e+04
nan
nan
2.050000000000000000e+02
nan
3.133000000000000000e+03
nan
nan
3.120200000000000000e+04
2.211030000000000000e+05
nan
8.093000000000000000e+03
nan
nan
nan
1.992240000000000000e+05
1.036000000000000000e+03
nan
nan
2.920800000000000000e+04
6.210000000000000000e+02
1.320000000000000000e+03
nan
nan
nan
5.262000000000000000e+03
nan
nan
2.591000000000000000e+03
nan
nan
nan
9.291000000000000000e+03
1.896000000000000000e+03
nan
1.114100000000000000e+04
nan
nan
nan
3.106000000000000000e+03
nan
nan
nan
nan
nan
nan
nan
nan
nan
nan
nan
1.688000000000000000e+03
nan
3.122000000000000000e+03
6.652000000000000000e+03
5.730000000000000000e+03
nan
nan
3.512000000000000000e+03
2.016000000000000000e+03
nan
nan
nan
nan
nan
nan
nan
nan
nan
2.921000000000000000e+03
nan
nan
nan
nan
nan
nan
nan
nan
nan
nan
nan
nan
7.800000000000000000e+01
nan
nan
nan
1.599000000000000000e+03
nan
3.375000000000000000e+03
nan
nan
nan
nan
nan
nan
nan
nan
1.409600000000000000e+05
2.600000000000000000e+02
nan
nan
nan
nan
nan
nan
nan
nan
nan
nan
nan
1.628000000000000000e+03
nan
1.632000000000000000e+03
nan
nan
3.238400000000000000e+04
nan
nan
4.279000000000000000e+03
nan
nan
1.512000000000000000e+03
nan
nan
nan
nan
nan
nan
nan
nan
nan
6.220000000000000000e+02
nan
nan
nan
1.824000000000000000e+03
nan
nan
3.402400000000000000e+04
4.862000000000000000e+03
nan
nan
nan
4.160000000000000000e+02
nan
3.011500000000000000e+04
nan
nan
nan
nan
5.112000000000000000e+03
nan
nan
nan
1.563600000000000000e+04
1.338000000000000000e+03
nan
nan
1.369400000000000000e+04
7.902000000000000000e+03
nan
nan
nan
nan
nan
nan
nan
nan
nan
nan
1.177600000000000000e+04
3.257000000000000000e+03
nan
nan
nan
1.178000000000000000e+03
nan
nan
nan
nan
nan
2.120000000000000000e+03
nan
nan
nan
8.516000000000000000e+03
9.000000000000000000e+01
nan
nan
nan
nan
2.526900000000000000e+04
2.860200000000000000e+04
1.688000000000000000e+03
7.819000000000000000e+03
nan
nan
nan
8.200000000000000000e+02
nan
1.771100000000000000e+04
nan
nan
nan
8.661000000000000000e+03
2.575000000000000000e+03
nan
5.496000000000000000e+03
7.376000000000000000e+03
nan
nan
nan
nan
nan
nan
nan
nan
1.070100000000000000e+04
nan
3.696400000000000000e+04
nan
2.336000000000000000e+03
nan
nan
nan
nan
nan
nan
nan
nan
nan
nan
1.024200000000000000e+04
2.651000000000000000e+03
1.172000000000000000e+03
1.672000000000000000e+03
nan
nan
nan
nan
nan
1.900000000000000000e+02
nan
1.549000000000000000e+03
1.056500000000000000e+04
8.585000000000000000e+03
nan
6.396000000000000000e+03
nan
nan
nan
nan
nan
2.398000000000000000e+03
nan
3.120000000000000000e+02
nan
nan
5.272000000000000000e+03
nan
5.080100000000000000e+04
4.392000000000000000e+03
nan
nan
2.296000000000000000e+03
nan
nan
1.255300000000000000e+04
1.380000000000000000e+03
8.490000000000000000e+02
1.975000000000000000e+03
nan
nan
nan
nan
1.093000000000000000e+03
nan
1.465800000000000000e+04
1.847000000000000000e+03
nan
nan
2.801900000000000000e+04
nan
nan
nan
nan
2.739000000000000000e+03
nan
nan
nan
nan
nan
nan
7.613000000000000000e+03
nan
1.025490000000000000e+05
1.660000000000000000e+03
nan
nan
nan
nan
9.750000000000000000e+02
nan
2.502900000000000000e+04
nan
6.931000000000000000e+03
nan
nan
4.616000000000000000e+03
1.960200000000000000e+04
nan
2.200000000000000000e+02
nan
2.040000000000000000e+02
4.430000000000000000e+02
4.400000000000000000e+02
9.718000000000000000e+03
1.421000000000000000e+03
nan
nan
9.920000000000000000e+02
1.200000000000000000e+03
nan
nan
2.160000000000000000e+03
nan
nan
nan
nan
nan
nan
2.789300000000000000e+04
nan
5.316000000000000000e+03
nan
2.820000000000000000e+02
nan
8.660000000000000000e+02
6.880000000000000000e+02
nan
2.718000000000000000e+03
nan
nan
1.300000000000000000e+02
nan
nan
1.578000000000000000e+03
2.121000000000000000e+03
nan
nan
nan
nan
nan
nan
nan
nan
nan
2.677000000000000000e+03
3.286500000000000000e+04
1.793100000000000000e+04
1.254000000000000000e+03
nan
4.062800000000000000e+04
1.651000000000000000e+03
nan
3.742000000000000000e+04
1.664000000000000000e+03
nan
1.191000000000000000e+03
nan
3.091200000000000000e+04
nan
2.179000000000000000e+03
1.756000000000000000e+03
nan
nan
nan
7.225000000000000000e+03
nan
nan
5.120000000000000000e+02
nan
nan
1.528000000000000000e+03
nan
nan
nan
2.694000000000000000e+03
nan
nan
nan
1.288000000000000000e+03
nan
1.894700000000000000e+04
nan
2.999000000000000000e+03
nan
nan
nan
1.731000000000000000e+03
nan
nan
nan
nan
nan
nan
nan
nan
nan
nan
2.784000000000000000e+03
1.613000000000000000e+04
8.851000000000000000e+03
nan
5.810000000000000000e+02
nan
nan
nan
nan
nan
nan
nan
nan
nan
nan
nan
nan
3.128000000000000000e+03
nan
1.502300000000000000e+04
nan
nan
nan
nan
nan
9.580000000000000000e+02
2.102200000000000000e+04
2.400000000000000000e+02
1.049900000000000000e+04
nan
nan
1.276000000000000000e+03
3.428000000000000000e+03
nan
nan
5.180000000000000000e+02
nan
nan
5.860000000000000000e+02
1.037300000000000000e+04
nan
nan
4.720000000000000000e+03
1.726000000000000000e+03
nan
7.529000000000000000e+03
6.960000000000000000e+02
7.878500000000000000e+04
3.964000000000000000e+03
nan
nan
nan
nan
nan
nan
6.960000000000000000e+02
1.698000000000000000e+03
nan
5.198000000000000000e+03
nan
nan
nan
7.029000000000000000e+03
nan
6.508000000000000000e+03
nan
nan
nan
nan
nan
1.720000000000000000e+03
nan
9.454000000000000000e+03
nan
nan
nan
nan
1.896200000000000000e+04
nan
nan
nan
nan
1.980000000000000000e+04
5.120000000000000000e+03
2.715000000000000000e+03
nan
7.601000000000000000e+03
nan
nan
3.373000000000000000e+03
nan
nan
nan
nan
nan
nan
nan
nan
nan
nan
nan
nan
nan
1.272000000000000000e+03
nan
nan
2.476100000000000000e+04
nan
nan
nan
8.850000000000000000e+02
8.052000000000000000e+03
nan
nan
3.731000000000000000e+03
6.421000000000000000e+03
nan
nan
nan
2.128000000000000000e+03
nan
3.816000000000000000e+03
nan
nan
2.899000000000000000e+03
nan
nan
nan
nan
1.260000000000000000e+03
7.900000000000000000e+02
nan
nan
1.004000000000000000e+03
nan
nan
nan
nan
nan
1.784000000000000000e+03
nan
nan
nan
nan
nan
1.591000000000000000e+03
6.979000000000000000e+03
nan
2.760000000000000000e+02
nan
nan
nan
1.712200000000000000e+04
8.800000000000000000e+01
1.697000000000000000e+03
nan
nan
nan
2.551100000000000000e+04
nan
1.752000000000000000e+03
nan
nan
nan
nan
nan
1.062000000000000000e+03
nan
nan
nan
nan
nan
5.263000000000000000e+03
6.754000000000000000e+03
nan
nan
nan
7.140000000000000000e+02
5.673000000000000000e+03
9.506000000000000000e+03
nan
nan
nan
7.887000000000000000e+03
6.870000000000000000e+02
nan
nan
2.955100000000000000e+04
nan
nan
9.426000000000000000e+03
nan
nan
nan
nan
nan
nan
nan
2.500000000000000000e+02
1.242000000000000000e+03
nan
5.039000000000000000e+03
1.441000000000000000e+03
nan
5.366000000000000000e+03
nan
nan
1.397900000000000000e+04
nan
5.850000000000000000e+02
3.200000000000000000e+01
nan
4.956000000000000000e+03
nan
nan
nan
nan
5.496000000000000000e+03
nan
7.640000000000000000e+02
nan
6.179000000000000000e+03
nan
7.026000000000000000e+03
nan
nan
nan
nan
4.244000000000000000e+03
nan
nan
nan
nan
2.753000000000000000e+03
nan
nan
5.586000000000000000e+03
2.476000000000000000e+03
nan
3.656000000000000000e+03
nan
nan
nan
nan
nan
4.138200000000000000e+04
nan
nan
nan
nan
nan
nan
6.171000000000000000e+03
nan
nan
nan
nan
nan
nan
nan
nan
nan
nan
nan
nan
nan
nan
1.310000000000000000e+03
1.609000000000000000e+03
nan
nan
nan
nan
3.931000000000000000e+03
nan
nan
nan
nan
nan
nan
nan
nan
nan
1.500000000000000000e+03
nan
nan
nan
nan
nan
nan
3.248300000000000000e+04
5.028000000000000000e+03
nan
6.684000000000000000e+03
nan
5.312000000000000000e+03
nan
3.435000000000000000e+03
nan
nan
nan
nan
1.030200000000000000e+04
nan
nan
5.138000000000000000e+03
nan
nan
nan
1.870500000000000000e+04
3.896000000000000000e+03
nan
nan
nan
nan
nan
nan
nan
nan
nan
1.152000000000000000e+03
nan
nan
nan
nan
4.340000000000000000e+04
nan
1.027200000000000000e+04
2.102100000000000000e+04
5.329000000000000000e+03
nan
nan
nan
nan
nan
1.618000000000000000e+03
2.150000000000000000e+03
nan
nan
nan
nan
nan
nan
nan
nan
nan
nan
nan
nan
8.800000000000000000e+02
nan
6.349000000000000000e+03
nan
nan
nan
2.972000000000000000e+03
nan
nan
nan
2.459100000000000000e+04
nan
nan
nan
7.714000000000000000e+03
nan
nan
3.992700000000000000e+04
nan
nan
nan
nan
3.766000000000000000e+03
nan
nan
nan
9.860000000000000000e+02
1.512000000000000000e+03
nan
nan
nan
9.220000000000000000e+03
nan
nan
4.021000000000000000e+03
nan
nan
nan
1.207100000000000000e+04
6.264000000000000000e+03
nan
nan
nan
nan
2.675000000000000000e+03
nan
3.424000000000000000e+03
8.617000000000000000e+03
6.416400000000000000e+04
nan
8.256000000000000000e+03
nan
nan
nan
nan
nan
nan
nan
nan
1.270900000000000000e+04
nan
nan
nan
nan
nan
2.440000000000000000e+02
nan
8.592000000000000000e+03
nan
nan
nan
nan
nan
nan
8.164000000000000000e+03
9.545000000000000000e+03
8.828000000000000000e+03
4.988400000000000000e+04
nan
nan
nan
2.851000000000000000e+03
2.016000000000000000e+03
nan
nan
nan
nan
nan
1.458900000000000000e+04
nan
nan
nan
nan
nan
nan
2.592000000000000000e+03
nan
8.902000000000000000e+03
nan
nan
3.394670000000000000e+05
nan
nan
nan
8.740000000000000000e+02
6.160000000000000000e+02
nan
4.477800000000000000e+04
4.126000000000000000e+03
nan
nan
9.550000000000000000e+02
2.768000000000000000e+03
nan
3.945000000000000000e+03
nan
nan
nan
1.840000000000000000e+03
nan
nan
nan
nan
8.995000000000000000e+03
2.352000000000000000e+03
nan
nan
3.311500000000000000e+04
nan
nan
nan
nan
3.698000000000000000e+03
2.905000000000000000e+03
nan
5.024000000000000000e+03
nan
1.381900000000000000e+04
1.472000000000000000e+03
8.000000000000000000e+01
nan
1.688000000000000000e+03
nan
nan
nan
nan
9.040000000000000000e+02
nan
nan
3.322100000000000000e+04
nan
6.630000000000000000e+02
nan
7.441200000000000000e+04
nan
nan
nan
nan
nan
nan
nan
1.510000000000000000e+03
nan
1.046700000000000000e+04
nan
8.280000000000000000e+02
nan
1.226000000000000000e+03
nan
nan
nan
nan
8.200000000000000000e+02
nan
nan
nan
nan
4.968000000000000000e+03
nan
nan
2.400000000000000000e+01
2.177800000000000000e+04
nan
nan
nan
nan
nan
1.160000000000000000e+03
nan
nan
6.900000000000000000e+01
nan
nan
1.656000000000000000e+03
6.453000000000000000e+03
nan
9.100000000000000000e+01
3.080000000000000000e+03
nan
nan
nan
nan
nan
1.914000000000000000e+03
nan
nan
3.519000000000000000e+03
2.116600000000000000e+04
nan
nan
nan
9.840000000000000000e+02
nan
nan
4.792000000000000000e+03
1.137000000000000000e+03
2.111000000000000000e+03
nan
1.356900000000000000e+04
nan
nan
1.162000000000000000e+04
nan
nan
nan
nan
nan
nan
nan
nan
nan
nan
6.600000000000000000e+02
nan
nan
6.213000000000000000e+03
1.215400000000000000e+04
nan
nan
nan
2.594000000000000000e+03
1.076300000000000000e+04
nan
nan
nan
nan
nan
nan
nan
nan
1.740000000000000000e+03
nan
5.601000000000000000e+03
3.355200000000000000e+04
nan
nan
nan
nan
nan
9.224000000000000000e+03
nan
nan
1.943890000000000000e+05
1.097800000000000000e+04
nan
nan
nan
1.820000000000000000e+02
8.768000000000000000e+03
2.807300000000000000e+04
nan
nan
6.265000000000000000e+03
nan
nan
nan
nan
nan
8.030000000000000000e+02
1.156000000000000000e+03
nan
2.264400000000000000e+04
nan
4.721000000000000000e+03
nan
1.834000000000000000e+03
nan
1.794000000000000000e+03
nan
nan
nan
1.344000000000000000e+03
nan
nan
nan
nan
3.278000000000000000e+03
3.521600000000000000e+04
nan
6.040000000000000000e+02
6.100500000000000000e+04
3.443000000000000000e+03
nan
nan
nan
4.860000000000000000e+02
nan
nan
2.808000000000000000e+03
nan
nan
nan
nan
nan
nan
6.880500000000000000e+04
nan
8.641300000000000000e+04
nan
nan
nan
3.506000000000000000e+03
1.174400000000000000e+04
2.499600000000000000e+04
nan
3.266000000000000000e+03
3.258000000000000000e+03
nan
nan
nan
9.065000000000000000e+03
8.536000000000000000e+03
nan
2.300000000000000000e+01
5.262000000000000000e+03
nan
nan
nan
nan
1.118000000000000000e+03
8.586000000000000000e+03
nan
nan
nan
nan
nan
nan
nan
nan
nan
nan
nan
nan
nan
5.698000000000000000e+03
1.752000000000000000e+03
3.637200000000000000e+04
nan
nan
2.152000000000000000e+03
1.815300000000000000e+04
nan
1.944100000000000000e+04
2.164000000000000000e+03
nan
7.680000000000000000e+02
nan
nan
1.797200000000000000e+04
nan
6.262000000000000000e+03
nan
nan
9.907000000000000000e+03
nan
6.160000000000000000e+02
nan
nan
2.619000000000000000e+03
nan
nan
nan
1.636700000000000000e+04
nan
nan
4.433000000000000000e+03
nan
3.040000000000000000e+02
1.472300000000000000e+04
nan
1.552000000000000000e+03
4.720000000000000000e+03
3.998000000000000000e+03
nan
nan
1.504900000000000000e+04
3.613000000000000000e+03
5.555000000000000000e+03
nan
nan
1.466100000000000000e+04
3.792000000000000000e+03
5.676000000000000000e+03
nan
5.318000000000000000e+03
nan
nan
nan
nan
nan
nan
nan
3.980000000000000000e+02
2.870000000000000000e+03
nan
4.271000000000000000e+03
nan
nan
nan
1.740000000000000000e+03
9.645000000000000000e+03
nan
nan
nan
1.950000000000000000e+02
nan
4.489000000000000000e+03
nan
nan
nan
nan
nan
1.614900000000000000e+04
nan
nan
nan
1.452000000000000000e+03
nan
nan
1.828600000000000000e+04
nan
1.984000000000000000e+03
nan
5.088000000000000000e+03
nan
1.760500000000000000e+04
2.284000000000000000e+03
nan
1.699000000000000000e+03
nan
1.248700000000000000e+04
nan
nan
nan
nan
nan
nan
2.053400000000000000e+04
3.860000000000000000e+03
nan
nan
nan
2.231000000000000000e+04
nan
nan
1.045400000000000000e+04
nan
1.484000000000000000e+03
8.880000000000000000e+02
2.416000000000000000e+03
nan
7.377000000000000000e+03
nan
nan
nan
nan
7.900000000000000000e+02
nan
nan
nan
nan
1.400000000000000000e+01
nan
3.678000000000000000e+03
nan
5.076000000000000000e+03
nan
nan
nan
nan
nan
nan
2.051000000000000000e+03
2.903000000000000000e+03
nan
nan
5.640000000000000000e+02
1.350000000000000000e+02
nan
nan
2.834700000000000000e+04
nan
5.240000000000000000e+02
nan
nan
nan
nan
nan
nan
nan
nan
nan
nan
1.805000000000000000e+03
nan
nan
nan
nan
nan
2.460000000000000000e+03
8.000000000000000000e+00
nan
nan
nan
nan
nan
nan
2.787200000000000000e+04
nan
nan
nan
nan
nan
7.370000000000000000e+02
1.916000000000000000e+03
nan
nan
nan
9.619000000000000000e+03
2.841000000000000000e+03
nan
nan
1.050000000000000000e+03
nan
nan
nan
nan
3.224000000000000000e+03
1.130000000000000000e+02
nan
nan
nan
nan
nan
nan
nan
1.987000000000000000e+03
nan
4.510000000000000000e+03
6.083000000000000000e+03
nan
1.992800000000000000e+04
1.023600000000000000e+04
4.584000000000000000e+03
nan
nan
1.712200000000000000e+04
1.058100000000000000e+04
5.024000000000000000e+03
nan
3.019000000000000000e+03
nan
5.467000000000000000e+03
nan
4.504000000000000000e+03
2.572000000000000000e+03
nan
nan
nan
nan
nan
nan
nan
nan
5.680000000000000000e+02
9.389000000000000000e+03
1.748000000000000000e+03
5.401600000000000000e+04
4.062900000000000000e+04
nan
nan
nan
nan
1.530900000000000000e+04
7.704000000000000000e+03
nan
nan
nan
nan
nan
nan
1.480000000000000000e+03
1.452000000000000000e+03
nan
nan
nan
nan
8.610000000000000000e+02
1.647000000000000000e+04
nan
nan
nan
6.000000000000000000e+03
7.820000000000000000e+03
6.670000000000000000e+02
nan
2.736000000000000000e+03
nan
nan
1.690000000000000000e+03
nan
nan
1.736000000000000000e+03
nan
nan
nan
nan
nan
nan
1.705000000000000000e+03
nan
nan
7.580000000000000000e+03
1.311000000000000000e+04
1.656500000000000000e+04
1.912000000000000000e+03
8.800000000000000000e+01
nan
nan
1.368000000000000000e+03
nan
nan
nan
nan
nan
nan
nan
1.980000000000000000e+02
2.560000000000000000e+03
nan
nan
nan
2.900000000000000000e+02
nan
4.820000000000000000e+03
nan
nan
2.113960000000000000e+05
nan
nan
2.640000000000000000e+02
nan
nan
6.282000000000000000e+03
nan
nan
nan
nan
nan
nan
nan
nan
nan
4.640000000000000000e+03
nan
nan
1.745000000000000000e+03
1.760000000000000000e+02
1.475100000000000000e+04
nan
5.530000000000000000e+02
9.674000000000000000e+03
nan
nan
3.689000000000000000e+04
4.632000000000000000e+03
2.166000000000000000e+03
nan
nan
nan
nan
nan
nan
nan
2.103000000000000000e+03
nan
1.715000000000000000e+03
nan
nan
1.756000000000000000e+03
5.000000000000000000e+00
2.972200000000000000e+04
nan
nan
nan
nan
nan
nan
5.390900000000000000e+04
nan
nan
nan
nan
nan
nan
nan
1.748000000000000000e+03
nan
9.740800000000000000e+04
nan
nan
1.399100000000000000e+04
nan
nan
nan
nan
1.403000000000000000e+03
nan
nan
nan
nan
1.960000000000000000e+03
nan
nan
nan
1.446000000000000000e+03
nan
3.488000000000000000e+03
nan
nan
nan
nan
nan
nan
2.867000000000000000e+03
nan
nan
nan
nan
nan
6.095000000000000000e+03
nan
nan
4.988400000000000000e+04
nan
nan
5.744000000000000000e+03
nan
nan
nan
1.504000000000000000e+03
nan
4.835000000000000000e+03
nan
nan
nan
nan
nan
nan
nan
nan
nan
nan
nan
nan
nan
nan
nan
nan
nan
nan
8.720000000000000000e+02
nan
1.806800000000000000e+04
2.252100000000000000e+04
nan
nan
4.176000000000000000e+03
nan
1.920000000000000000e+03
nan
1.530100000000000000e+04
nan
nan
nan
nan
nan
nan
nan
nan
6.902000000000000000e+03
nan
2.240000000000000000e+03
nan
nan
nan
nan
2.090000000000000000e+02
nan
1.199450000000000000e+05
nan
5.051000000000000000e+03
nan
nan
9.681000000000000000e+03
3.580000000000000000e+03
9.740000000000000000e+02
nan
nan
nan
nan
nan
nan
nan
nan
2.100000000000000000e+01
1.061000000000000000e+04
nan
nan
nan
8.375000000000000000e+03
nan
nan
nan
1.033200000000000000e+04
nan
nan
1.180680000000000000e+05
nan
nan
2.928800000000000000e+04
2.606000000000000000e+03
nan
nan
1.323000000000000000e+03
nan
nan
nan
1.920000000000000000e+02
nan
1.388000000000000000e+03
1.680000000000000000e+02
nan
nan
2.787000000000000000e+03
1.667000000000000000e+03
nan
nan
nan
nan
6.402000000000000000e+03
nan
nan
nan
5.020000000000000000e+02
nan
nan
nan
nan
6.740000000000000000e+03
8.990000000000000000e+02
nan
3.464000000000000000e+03
6.794000000000000000e+03
nan
nan
3.238000000000000000e+03
nan
nan
nan
nan
3.680000000000000000e+02
2.406200000000000000e+04
1.280000000000000000e+03
1.747000000000000000e+03
nan
1.173000000000000000e+03
2.712000000000000000e+03
nan
nan
nan
nan
9.469000000000000000e+03
2.496000000000000000e+03
2.170000000000000000e+02
nan
8.010000000000000000e+02
6.810000000000000000e+02
nan
nan
nan
nan
nan
nan
nan
nan
nan
nan
nan
1.450000000000000000e+02
5.272000000000000000e+03
nan
nan
nan
nan
3.121000000000000000e+03
nan
1.763000000000000000e+03
4.800000000000000000e+03
nan
nan
nan
5.780000000000000000e+02
2.948300000000000000e+04
1.059300000000000000e+04
nan
nan
nan
8.791000000000000000e+03
1.181500000000000000e+04
nan
nan
nan
nan
2.689500000000000000e+04
nan
nan
2.006000000000000000e+03
nan
5.574700000000000000e+04
9.400000000000000000e+02
1.787700000000000000e+04
2.688000000000000000e+03
nan
nan
nan
nan
nan
nan
nan
nan
nan
6.513000000000000000e+03
nan
2.805000000000000000e+03
nan
nan
1.816000000000000000e+03
nan
nan
7.450000000000000000e+03
nan
nan
nan
nan
nan
1.345500000000000000e+04
nan
nan
1.719000000000000000e+03
nan
9.772000000000000000e+03
6.680000000000000000e+02
nan
4.079800000000000000e+04
nan
nan
nan
2.080000000000000000e+02
nan
nan
5.320000000000000000e+02
nan
nan
2.126000000000000000e+03
nan
nan
nan
7.456000000000000000e+03
nan
nan
8.196000000000000000e+03
nan
6.000000000000000000e+02
nan
2.141700000000000000e+04
1.410000000000000000e+04
nan
nan
nan
nan
nan
1.876300000000000000e+04
4.720000000000000000e+02
nan
nan
nan
7.137000000000000000e+03
nan
nan
nan
1.120700000000000000e+04
nan
1.261100000000000000e+04
2.766700000000000000e+04
nan
1.018400000000000000e+04
nan
nan
2.680000000000000000e+03
5.688000000000000000e+03
9.187000000000000000e+03
nan
nan
1.158000000000000000e+03
nan
1.844000000000000000e+03
nan
nan
nan
nan
nan
nan
nan
nan
nan
3.364000000000000000e+03
nan
7.314000000000000000e+03
nan
2.240000000000000000e+02
nan
nan
nan
1.356000000000000000e+03
nan
5.483000000000000000e+03
nan
nan
nan
2.000000000000000000e+02
nan
nan
3.173000000000000000e+03
nan
nan
6.764000000000000000e+03
nan
2.400000000000000000e+02
nan
nan
nan
nan
nan
nan
9.230000000000000000e+02
nan
nan
4.137000000000000000e+03
nan
nan
nan
nan
4.892000000000000000e+03
3.524000000000000000e+03
nan
nan
nan
nan
nan
4.000000000000000000e+02
6.713000000000000000e+03
6.076000000000000000e+03
1.799000000000000000e+03
nan
nan
6.526200000000000000e+04
nan
nan
nan
nan
nan
5.400000000000000000e+02
nan
1.778000000000000000e+03
1.888000000000000000e+03
8.516000000000000000e+03
nan
2.000000000000000000e+02
3.288000000000000000e+03
nan
nan
nan
2.003000000000000000e+03
nan
5.233000000000000000e+03
nan
nan
1.069900000000000000e+04
5.415800000000000000e+04
nan
8.142400000000000000e+04
nan
nan
nan
1.780000000000000000e+02
nan
nan
nan
nan
nan
nan
nan
nan
1.292300000000000000e+04
nan
nan
nan
nan
nan
nan
nan
nan
4.080000000000000000e+03
nan
6.684000000000000000e+03
1.107500000000000000e+04
nan
1.936000000000000000e+03
nan
nan
6.318000000000000000e+03
2.048000000000000000e+03
4.696000000000000000e+03
nan
1.603000000000000000e+03
2.600000000000000000e+01
1.245000000000000000e+03
5.847000000000000000e+03
nan
2.063800000000000000e+04
nan
nan
1.783000000000000000e+04
nan
1.048000000000000000e+03
nan
nan
nan
nan
1.880000000000000000e+02
nan
nan
nan
1.577900000000000000e+04
nan
nan
nan
nan
nan
nan
8.600000000000000000e+01
nan
nan
nan
nan
nan
nan
nan
nan
nan
nan
8.922000000000000000e+03
2.180000000000000000e+02
nan
1.430000000000000000e+03
nan
nan
nan
1.840400000000000000e+04
6.090000000000000000e+02
nan
nan
nan
nan
nan
1.456800000000000000e+04
4.691000000000000000e+03
nan
1.642000000000000000e+03
nan
nan
nan
nan
3.033000000000000000e+03
3.211000000000000000e+03
3.233000000000000000e+03
nan
4.137000000000000000e+03
nan
nan
4.154000000000000000e+03
nan
1.675600000000000000e+04
nan
2.189600000000000000e+04
3.316000000000000000e+03
nan
9.304000000000000000e+03
nan
nan
nan
nan
nan
nan
nan
1.362000000000000000e+03
nan
1.153000000000000000e+03
nan
nan
4.181000000000000000e+03
nan
nan
4.890000000000000000e+02
nan
2.270000000000000000e+02
nan
nan
nan
nan
nan
1.216000000000000000e+03
2.091000000000000000e+03
nan
nan
7.041500000000000000e+04
nan
nan
nan
nan
nan
6.784000000000000000e+03
1.452000000000000000e+03
3.004000000000000000e+03
nan
3.660600000000000000e+04
9.040000000000000000e+02
nan
nan
nan
nan
nan
nan
nan
nan
1.156000000000000000e+03
nan
1.113000000000000000e+03
nan
nan
nan
nan
nan
8.640000000000000000e+03
1.671000000000000000e+03
nan
5.984000000000000000e+03
nan
nan
nan
4.800000000000000000e+03
nan
nan
nan
3.776000000000000000e+03
nan
nan
nan
nan
3.722000000000000000e+03
nan
nan
1.191600000000000000e+04
5.879000000000000000e+03
nan
nan
1.601600000000000000e+04
8.840000000000000000e+02
nan
nan
1.803600000000000000e+04
nan
3.912000000000000000e+03
nan
9.230000000000000000e+02
nan
nan
8.311000000000000000e+03
3.200000000000000000e+01
nan
3.137000000000000000e+03
5.491000000000000000e+03
2.280000000000000000e+02
nan
nan
nan
nan
nan
1.000000000000000000e+00
nan
nan
nan
nan
nan
1.418500000000000000e+04
nan
5.208000000000000000e+03
1.769000000000000000e+03
nan
nan
nan
nan
nan
nan
nan
nan
2.090500000000000000e+04
nan
nan
nan
nan
nan
3.828000000000000000e+03
2.249700000000000000e+04
nan
5.780000000000000000e+02
nan
nan
3.230700000000000000e+04
nan
1.289200000000000000e+04
2.828000000000000000e+03
nan
nan
nan
8.117000000000000000e+03
7.198000000000000000e+03
1.792000000000000000e+03
1.204100000000000000e+05
nan
5.293000000000000000e+03
nan
nan
nan
nan
nan
nan
4.994000000000000000e+03
nan
nan
6.700000000000000000e+02
nan
nan
nan
nan
1.360000000000000000e+02
4.391200000000000000e+04
1.410000000000000000e+03
4.731000000000000000e+03
nan
4.290000000000000000e+02
nan
nan
nan
7.181000000000000000e+03
1.226000000000000000e+04
nan
nan
nan
4.237000000000000000e+03
nan
nan
nan
nan
nan
nan
8.984000000000000000e+03
nan
nan
nan
nan
nan
nan
1.356000000000000000e+03
nan
nan
nan
nan
2.693000000000000000e+03
nan
nan
nan
8.320000000000000000e+03
nan
4.943000000000000000e+03
5.534000000000000000e+03
nan
nan
2.476900000000000000e+04
nan
nan
1.232000000000000000e+03
2.673000000000000000e+03
nan
3.245000000000000000e+03
1.053600000000000000e+04
nan
nan
3.065000000000000000e+03
nan
nan
nan
nan
2.065000000000000000e+03
2.320000000000000000e+02
nan
4.390000000000000000e+02
1.162200000000000000e+04
nan
nan
nan
nan
1.022200000000000000e+04
nan
6.484000000000000000e+03
1.086100000000000000e+04
1.085500000000000000e+04
nan
nan
nan
1.387700000000000000e+04
7.600000000000000000e+01
5.526000000000000000e+03
nan
nan
nan
nan
9.174000000000000000e+03
nan
nan
1.708000000000000000e+03
nan
nan
nan
nan
nan
nan
2.360000000000000000e+03
1.671200000000000000e+04
nan
nan
1.788000000000000000e+03
nan
6.921000000000000000e+03
4.042000000000000000e+03
nan
1.792000000000000000e+03
nan
nan
nan
4.828000000000000000e+03
nan
nan
nan
nan
2.000000000000000000e+00
nan
nan
1.612100000000000000e+04
nan
3.234000000000000000e+03
1.761000000000000000e+03
4.263200000000000000e+04
nan
nan
nan
nan
nan
1.169600000000000000e+04
nan
3.441000000000000000e+03
nan
5.019000000000000000e+03
6.026800000000000000e+04
1.460000000000000000e+02
nan
nan
nan
1.711000000000000000e+03
nan
nan
nan
nan
2.950000000000000000e+02
nan
4.767000000000000000e+03
nan
9.540000000000000000e+02
nan
nan
8.707000000000000000e+03
nan
nan
nan
4.675000000000000000e+03
nan
nan
nan
nan
nan
nan
3.557800000000000000e+04
nan
nan
nan
nan
nan
2.360000000000000000e+02
nan
nan
1.260000000000000000e+03
nan
nan
3.472000000000000000e+03
nan
nan
2.130000000000000000e+02
3.344000000000000000e+03
nan
nan
nan
nan
1.724000000000000000e+03
nan
nan
nan
nan
nan
3.044000000000000000e+03
nan
nan
nan
nan
nan
9.708000000000000000e+03
nan
5.077200000000000000e+04
1.099770000000000000e+05
3.177000000000000000e+03
nan
3.419500000000000000e+04
3.842000000000000000e+03
nan
1.326600000000000000e+04
1.720000000000000000e+03
4.665000000000000000e+03
nan
nan
nan
1.402800000000000000e+04
nan
nan
nan
1.308000000000000000e+03
nan
1.371000000000000000e+03
nan
2.752000000000000000e+03
nan
1.096000000000000000e+03
nan
nan
nan
nan
nan
nan
nan
nan
nan
2.016000000000000000e+03
nan
nan
nan
nan
nan
nan
nan
nan
1.174700000000000000e+04
6.375000000000000000e+03
nan
7.702500000000000000e+04
3.537000000000000000e+03
3.188000000000000000e+03
1.101000000000000000e+03
nan
2.454000000000000000e+03
nan
nan
nan
nan
nan
nan
1.273000000000000000e+03
nan
nan
nan
3.959000000000000000e+03
8.810000000000000000e+02
5.760000000000000000e+02
6.724000000000000000e+03
1.009000000000000000e+03
nan
1.367000000000000000e+03
1.181000000000000000e+04
8.720000000000000000e+02
1.544000000000000000e+03
2.627000000000000000e+03
3.644000000000000000e+03
nan
nan
nan
nan
7.844000000000000000e+03
2.969000000000000000e+03
nan
nan
nan
1.683200000000000000e+04
nan
7.187000000000000000e+03
1.534600000000000000e+04
1.374000000000000000e+03
5.573700000000000000e+04
4.750000000000000000e+03
nan
3.612000000000000000e+03
nan
nan
nan
3.923000000000000000e+03
nan
5.871000000000000000e+03
nan
nan
nan
nan
nan
nan
nan
nan
1.919600000000000000e+04
nan
nan
1.930100000000000000e+04
nan
nan
nan
nan
1.653100000000000000e+04
nan
nan
nan
nan
nan
nan
2.499000000000000000e+03
5.595000000000000000e+03
nan
7.214800000000000000e+04
nan
nan
nan
nan
nan
3.455000000000000000e+03
nan
7.175000000000000000e+03
nan
6.371000000000000000e+03
2.716500000000000000e+04
nan
nan
1.260300000000000000e+04
2.726000000000000000e+03
nan
1.718000000000000000e+03
1.880000000000000000e+03
nan
nan
1.710000000000000000e+03
nan
nan
nan
nan
nan
1.045000000000000000e+03
6.057300000000000000e+04
8.575000000000000000e+03
8.260000000000000000e+02
nan
nan
nan
nan
nan
nan
2.693000000000000000e+03
3.200000000000000000e+03
2.037000000000000000e+03
nan
nan
nan
1.254100000000000000e+04
nan
1.768000000000000000e+03
nan
nan
9.600000000000000000e+01
nan
1.220800000000000000e+04
nan
nan
nan
nan
nan
nan
nan
1.701000000000000000e+03
nan
nan
1.066700000000000000e+04
nan
nan
1.777000000000000000e+04
nan
1.000000000000000000e+01
nan
nan
nan
nan
nan
2.765000000000000000e+03
nan
nan
nan
nan
nan
nan
2.944000000000000000e+03
1.167100000000000000e+04
nan
nan
nan
nan
1.683600000000000000e+04
nan
nan
1.984100000000000000e+04
1.749000000000000000e+03
nan
nan
1.263800000000000000e+04
1.770000000000000000e+03
nan
nan
nan
nan
4.774000000000000000e+03
nan
3.916400000000000000e+04
nan
nan
nan
nan
nan
2.107700000000000000e+04
6.423000000000000000e+03
nan
nan
nan
2.390000000000000000e+03
nan
3.560000000000000000e+02
nan
nan
2.037000000000000000e+03
nan
nan
nan
nan
nan
7.579000000000000000e+03
2.510000000000000000e+03
3.002000000000000000e+03
nan
nan
1.720000000000000000e+03
nan
nan
nan
nan
nan
nan
2.456000000000000000e+03
nan
nan
nan
8.800000000000000000e+01
2.273000000000000000e+03
4.011000000000000000e+03
nan
nan
nan
nan
nan
nan
nan
1.684000000000000000e+03
1.653000000000000000e+03
nan
nan
5.231000000000000000e+03
9.320000000000000000e+02
nan
nan
2.874000000000000000e+03
3.898000000000000000e+04
nan
nan
nan
nan
1.153000000000000000e+03
9.197000000000000000e+03
nan
nan
nan
nan
nan
nan
nan
nan
nan
3.388000000000000000e+03
2.584000000000000000e+03
1.327000000000000000e+03
nan
2.500000000000000000e+02
nan
nan
nan
nan
2.410000000000000000e+02
nan
nan
nan
6.789000000000000000e+03
nan
4.361000000000000000e+03
nan
nan
nan
7.520000000000000000e+02
nan
8.060000000000000000e+02
nan
nan
1.354000000000000000e+03
nan
1.126900000000000000e+04
nan
1.264000000000000000e+03
nan
4.591300000000000000e+04
4.080000000000000000e+02
nan
1.306400000000000000e+04
nan
nan
1.368000000000000000e+03
nan
nan
1.256600000000000000e+04
nan
5.102000000000000000e+03
nan
nan
nan
nan
nan
1.112000000000000000e+03
nan
5.975000000000000000e+03
6.396000000000000000e+03
nan
2.089000000000000000e+03
1.940000000000000000e+02
nan
nan
2.552000000000000000e+03
nan
2.716000000000000000e+03
1.641900000000000000e+04
nan
7.476000000000000000e+03
nan
1.603000000000000000e+03
1.924000000000000000e+03
nan
9.652000000000000000e+03
1.718000000000000000e+03
2.135500000000000000e+04
1.391000000000000000e+03
nan
nan
nan
nan
nan
nan
4.802000000000000000e+03
1.166800000000000000e+04
2.234000000000000000e+03
3.723200000000000000e+04
nan
3.957000000000000000e+03
1.510200000000000000e+04
5.104000000000000000e+03
nan
2.261800000000000000e+04
5.486600000000000000e+04
nan
nan
nan
1.279300000000000000e+04
nan
6.029300000000000000e+04
nan
1.330000000000000000e+03
nan
nan
4.206900000000000000e+04
1.137900000000000000e+04
nan
7.210000000000000000e+02
nan
nan
1.197000000000000000e+04
nan
nan
5.592000000000000000e+03
nan
6.911000000000000000e+03
3.337400000000000000e+04
2.257000000000000000e+03
nan
8.080000000000000000e+03
nan
2.728100000000000000e+04
8.190000000000000000e+02
1.758000000000000000e+03
nan
3.472000000000000000e+03
1.354000000000000000e+04
nan
nan
4.673000000000000000e+03
nan
1.488500000000000000e+04
9.540000000000000000e+02
2.820000000000000000e+02
nan
nan
nan
4.645000000000000000e+03
nan
nan
nan
nan
nan
8.613000000000000000e+03
nan
6.710000000000000000e+02
7.350000000000000000e+02
nan
nan
nan
nan
2.398000000000000000e+03
nan
nan
nan
1.166900000000000000e+04
nan
3.540000000000000000e+03
nan
6.134300000000000000e+04
9.666000000000000000e+03
nan
nan
1.720100000000000000e+04
nan
1.587000000000000000e+03
nan
nan
6.832000000000000000e+03
nan
nan
nan
4.110000000000000000e+03
1.076000000000000000e+03
nan
4.673000000000000000e+03
nan
nan
nan
nan
nan
1.288000000000000000e+03
nan
nan
4.730000000000000000e+03
1.225200000000000000e+04
nan
2.450000000000000000e+03
nan
nan
1.499700000000000000e+04
nan
nan
nan
9.647000000000000000e+03
nan
1.200000000000000000e+02
1.485000000000000000e+03
nan
nan
nan
nan
1.205900000000000000e+04
nan
nan
2.820000000000000000e+02
nan
nan
4.389000000000000000e+03
3.233000000000000000e+03
nan
nan
nan
nan
nan
nan
1.190000000000000000e+03
nan
nan
nan
nan
nan
nan
nan
nan
nan
nan
nan
nan
nan
1.019300000000000000e+04
3.501300000000000000e+04
nan
nan
2.254000000000000000e+03
4.204200000000000000e+04
nan
nan
1.590000000000000000e+03
nan
nan
nan
nan
nan
nan
nan
nan
2.328000000000000000e+03
6.340000000000000000e+03
nan
nan
7.629300000000000000e+04
nan
nan
nan
nan
1.688000000000000000e+03
nan
6.940000000000000000e+02
nan
3.375000000000000000e+03
nan
nan
9.118000000000000000e+03
nan
nan
4.382500000000000000e+04
nan
nan
2.357000000000000000e+03
nan
nan
nan
nan
nan
7.263000000000000000e+03
nan
5.262000000000000000e+03
nan
7.793000000000000000e+03
nan
nan
nan
nan
nan
nan
nan
nan
1.132000000000000000e+04
nan
1.600000000000000000e+03
nan
nan
5.996000000000000000e+03
nan
3.184000000000000000e+03
nan
7.860000000000000000e+03
nan
nan
1.718000000000000000e+03
nan
nan
nan
nan
nan
nan
nan
2.042000000000000000e+03
nan
nan
2.002000000000000000e+03
nan
nan
nan
1.223300000000000000e+04
nan
nan
1.156000000000000000e+03
1.224000000000000000e+03
nan
nan
1.592700000000000000e+04
3.177400000000000000e+04
nan
nan
1.656000000000000000e+03
nan
2.142000000000000000e+03
nan
nan
1.011600000000000000e+04
1.361200000000000000e+04
nan
nan
1.367700000000000000e+04
2.411000000000000000e+04
3.524700000000000000e+04
nan
nan
nan
nan
nan
nan
nan
4.639400000000000000e+04
nan
1.383500000000000000e+04
nan
nan
nan
1.108000000000000000e+03
nan
1.703000000000000000e+03
1.228000000000000000e+03
nan
nan
nan
nan
nan
nan
2.430000000000000000e+03
nan
nan
nan
nan
nan
2.851200000000000000e+04
5.652000000000000000e+03
1.008000000000000000e+03
4.162100000000000000e+04
nan
5.598600000000000000e+04
nan
2.230000000000000000e+04
1.719000000000000000e+03
nan
nan
nan
nan
nan
9.483000000000000000e+03
nan
nan
nan
nan
nan
3.200000000000000000e+01
nan
nan
nan
9.695000000000000000e+03
6.220000000000000000e+02
1.237700000000000000e+04
nan
nan
nan
nan
nan
nan
nan
nan
3.255000000000000000e+03
nan
7.795000000000000000e+03
nan
nan
nan
nan
nan
nan
nan
nan
nan
9.181000000000000000e+03
nan
4.520000000000000000e+03
1.112000000000000000e+03
nan
2.295600000000000000e+04
2.106000000000000000e+03
1.901000000000000000e+03
nan
5.393000000000000000e+03
nan
8.655500000000000000e+04
3.830400000000000000e+04
nan
2.605000000000000000e+03
nan
nan
nan
7.063000000000000000e+03
nan
1.718000000000000000e+03
nan
nan
nan
nan
1.231200000000000000e+04
nan
nan
nan
nan
9.255000000000000000e+03
nan
nan
2.265000000000000000e+03
nan
nan
nan
nan
1.758800000000000000e+04
nan
5.213000000000000000e+03
nan
1.288000000000000000e+03
nan
9.377000000000000000e+03
nan
3.372600000000000000e+04
nan
nan
nan
nan
2.528000000000000000e+03
nan
1.052000000000000000e+04
3.011500000000000000e+04
2.671000000000000000e+03
nan
2.889000000000000000e+03
nan
nan
nan
1.336000000000000000e+03
nan
nan
nan
1.624000000000000000e+03
nan
nan
nan
nan
1.175000000000000000e+04
1.529400000000000000e+04
nan
nan
8.080500000000000000e+04
nan
4.270000000000000000e+02
nan
nan
2.251000000000000000e+03
nan
nan
nan
9.243000000000000000e+03
nan
nan
nan
nan
2.593700000000000000e+04
nan
nan
nan
nan
nan
nan
nan
nan
nan
nan
1.232000000000000000e+04
nan
nan
2.081000000000000000e+03
8.679000000000000000e+03
nan
nan
nan
nan
nan
nan
nan
2.644600000000000000e+04
nan
4.922800000000000000e+04
nan
nan
nan
1.710000000000000000e+03
nan
nan
6.080000000000000000e+02
nan
nan
nan
nan
nan
3.244000000000000000e+03
nan
8.765000000000000000e+03
nan
nan
nan
nan
7.914000000000000000e+03
1.727500000000000000e+04
nan
nan
nan
1.417000000000000000e+03
nan
3.032000000000000000e+03
nan
1.666000000000000000e+03
nan
1.744000000000000000e+03
nan
nan
nan
nan
nan
nan
nan
nan
6.066000000000000000e+03
4.096000000000000000e+03
nan
nan
1.795000000000000000e+03
nan
nan
3.595400000000000000e+04
nan
nan
nan
nan
nan
nan
nan
nan
nan
nan
1.008000000000000000e+03
nan
nan
nan
nan
1.200000000000000000e+02
nan
2.712000000000000000e+03
nan
nan
nan
nan
nan
5.164000000000000000e+04
nan
3.389000000000000000e+03
2.780000000000000000e+02
4.446000000000000000e+03
nan
nan
nan
nan
1.262000000000000000e+03
nan
nan
nan
7.234600000000000000e+04
2.126000000000000000e+03
nan
9.113000000000000000e+03
1.467000000000000000e+03
nan
nan
nan
nan
nan
nan
nan
nan
6.130000000000000000e+03
nan
nan
nan
nan
1.733400000000000000e+04
1.542400000000000000e+04
nan
nan
nan
nan
nan
nan
2.179300000000000000e+04
nan
nan
nan
nan
9.500000000000000000e+01
3.880000000000000000e+03
nan
3.229400000000000000e+04
3.600000000000000000e+03
nan
5.256000000000000000e+03
nan
nan
nan
nan
5.538000000000000000e+03
nan
nan
nan
5.649000000000000000e+03
nan
1.901500000000000000e+04
nan
nan
nan
8.085000000000000000e+03
4.800000000000000000e+02
3.477000000000000000e+03
1.512000000000000000e+03
6.110300000000000000e+04
8.550000000000000000e+03
nan
9.718000000000000000e+03
nan
nan
nan
nan
nan
9.958000000000000000e+03
nan
nan
6.625000000000000000e+03
nan
6.635000000000000000e+03
1.847900000000000000e+04
nan
nan
2.637000000000000000e+03
3.596000000000000000e+03
nan
7.276000000000000000e+03
nan
nan
nan
nan
nan
3.600000000000000000e+03
nan
nan
1.423000000000000000e+03
nan
nan
nan
2.371900000000000000e+04
nan
nan
1.351800000000000000e+04
3.902700000000000000e+04
nan
nan
3.185000000000000000e+03
7.936000000000000000e+03
nan
nan
nan
6.494800000000000000e+04
nan
nan
nan
1.963500000000000000e+04
nan
nan
nan
nan
nan
nan
2.700000000000000000e+03
8.820000000000000000e+02
nan
nan
nan
2.196700000000000000e+04
1.518200000000000000e+04
nan
nan
nan
nan
3.800000000000000000e+01
nan
3.640000000000000000e+02
nan
nan
1.753000000000000000e+03
nan
nan
nan
nan
1.132800000000000000e+04
nan
5.088000000000000000e+03
nan
4.329700000000000000e+04
4.635000000000000000e+03
6.208000000000000000e+03
nan
nan
nan
nan
nan
nan
nan
7.460000000000000000e+02
2.991000000000000000e+03
nan
1.022200000000000000e+04
nan
nan
nan
nan
nan
nan
nan
9.635000000000000000e+03
nan
5.374000000000000000e+03
1.398400000000000000e+04
nan
nan
nan
nan
nan
nan
nan
nan
nan
nan
1.452000000000000000e+04
nan
nan
nan
3.200000000000000000e+03
9.961000000000000000e+03
nan
nan
7.309000000000000000e+03
nan
8.750000000000000000e+02
8.872000000000000000e+03
nan
nan
nan
nan
nan
nan
nan
nan
nan
2.032000000000000000e+03
1.190000000000000000e+03
nan
nan
nan
nan
nan
nan
1.752000000000000000e+03
3.457700000000000000e+04
3.320000000000000000e+02
3.172000000000000000e+03
nan
nan
nan
nan
6.386000000000000000e+03
6.430000000000000000e+02
nan
nan
2.368000000000000000e+03
7.536000000000000000e+03
nan
nan
nan
nan
nan
6.557000000000000000e+03
1.100400000000000000e+04
4.536000000000000000e+03
nan
nan
4.040500000000000000e+04
nan
4.228000000000000000e+03
nan
nan
nan
4.007600000000000000e+04
nan
nan
nan
7.240000000000000000e+03
nan
1.697200000000000000e+04
nan
nan
nan
nan
nan
8.800000000000000000e+01
nan
nan
8.870000000000000000e+02
nan
2.926000000000000000e+03
nan
1.787000000000000000e+03
1.233700000000000000e+04
nan
nan
nan
nan
1.760000000000000000e+03
5.023400000000000000e+04
3.779000000000000000e+03
5.183500000000000000e+04
nan
nan
8.340000000000000000e+02
2.599800000000000000e+04
nan
1.127190000000000000e+05
2.224000000000000000e+03
4.649800000000000000e+04
3.400000000000000000e+02
2.100000000000000000e+03
nan
2.421900000000000000e+04
7.080000000000000000e+02
6.111000000000000000e+03
2.360000000000000000e+03
nan
nan
nan
nan
3.639000000000000000e+03
nan
nan
nan
nan
nan
nan
nan
nan
nan
3.045000000000000000e+03
nan
nan
nan
nan
1.013400000000000000e+04
nan
6.512000000000000000e+03
5.209000000000000000e+03
1.002000000000000000e+03
7.395000000000000000e+03
nan
nan
nan
3.795000000000000000e+03
9.990000000000000000e+03
1.766900000000000000e+04
nan
nan
nan
nan
nan
nan
7.487000000000000000e+03
nan
nan
nan
nan
5.965000000000000000e+03
4.915000000000000000e+03
3.801000000000000000e+03
5.140000000000000000e+03
nan
nan
nan
nan
nan
nan
4.872000000000000000e+03
3.808400000000000000e+04
nan
nan
nan
nan
nan
nan
1.779300000000000000e+04
2.597300000000000000e+04
nan
nan
nan
nan
1.003300000000000000e+04
nan
5.713700000000000000e+04
nan
nan
1.565900000000000000e+04
nan
1.232500000000000000e+04
9.240000000000000000e+02
nan
1.048400000000000000e+04
nan
nan
5.092700000000000000e+04
nan
7.800000000000000000e+01
nan
2.647590000000000000e+05
5.072000000000000000e+03
nan
3.000000000000000000e+01
nan
nan
nan
nan
9.914000000000000000e+03
3.296000000000000000e+03
nan
nan
4.941000000000000000e+03
2.207300000000000000e+04
1.952100000000000000e+04
nan
nan
1.891000000000000000e+03
nan
nan
8.700000000000000000e+02
nan
nan
nan
1.452500000000000000e+04
1.999000000000000000e+03
nan
5.470000000000000000e+02
nan
1.527300000000000000e+04
nan
nan
nan
nan
nan
nan
nan
nan
9.504000000000000000e+03
nan
nan
nan
nan
nan
1.040000000000000000e+02
nan
5.245000000000000000e+03
nan
nan
nan
nan
nan
nan
nan
6.520000000000000000e+03
7.520000000000000000e+02
nan
1.424000000000000000e+03
2.789000000000000000e+03
1.004000000000000000e+03
nan
3.336000000000000000e+03
nan
nan
6.970000000000000000e+02
nan
nan
3.589000000000000000e+03
nan
nan
nan
3.229000000000000000e+03
nan
nan
nan
nan
nan
8.885000000000000000e+03
1.996600000000000000e+04
2.439800000000000000e+04
4.784370000000000000e+05
nan
nan
nan
3.456000000000000000e+03
nan
4.019000000000000000e+03
3.435000000000000000e+03
1.760000000000000000e+03
1.101200000000000000e+04
nan
5.708000000000000000e+03
1.138800000000000000e+04
1.467000000000000000e+03
nan
nan
nan
6.683300000000000000e+04
nan
1.760000000000000000e+02
nan
3.120000000000000000e+02
nan
8.270000000000000000e+02
nan
nan
nan
nan
nan
3.040000000000000000e+02
4.540900000000000000e+04
nan
nan
6.631000000000000000e+03
nan
nan
nan
nan
2.225000000000000000e+03
nan
nan
nan
nan
nan
nan
nan
nan
nan
2.031000000000000000e+03
nan
nan
4.990000000000000000e+02
nan
4.606000000000000000e+03
nan
9.582000000000000000e+03
nan
nan
9.460000000000000000e+02
nan
nan
nan
nan
nan
8.000000000000000000e+01
nan
nan
1.820000000000000000e+02
nan
nan
nan
nan
nan
nan
2.740800000000000000e+04
nan
nan
nan
nan
nan
nan
nan
nan
5.070000000000000000e+03
nan
4.560000000000000000e+02
nan
nan
nan
nan
9.159000000000000000e+03
nan
nan
nan
nan
nan
nan
nan
nan
nan
nan
nan
nan
3.682300000000000000e+04
8.359000000000000000e+03
4.000000000000000000e+02
nan
2.753000000000000000e+03
nan
nan
1.658000000000000000e+03
nan
nan
nan
nan
nan
2.608600000000000000e+04
7.812000000000000000e+03
1.800100000000000000e+04
nan
1.041000000000000000e+03
nan
nan
nan
9.585000000000000000e+03
nan
nan
nan
3.421000000000000000e+03
nan
1.192000000000000000e+03
nan
nan
nan
4.545000000000000000e+03
nan
nan
nan
nan
nan
nan
nan
2.639000000000000000e+03
nan
nan
nan
7.932000000000000000e+03
1.835400000000000000e+04
nan
nan
nan
nan
nan
nan
nan
nan
nan
nan
nan
nan
nan
1.660500000000000000e+04
nan
nan
nan
nan
3.749000000000000000e+03
nan
2.599000000000000000e+03
nan
nan
nan
4.360000000000000000e+03
nan
nan
nan
1.908000000000000000e+03
8.080000000000000000e+02
nan
1.204000000000000000e+04
6.564100000000000000e+04
5.300000000000000000e+02
nan
nan
nan
4.734000000000000000e+03
nan
nan
nan
9.930000000000000000e+02
nan
9.440200000000000000e+04
nan
nan
nan
nan
nan
2.040000000000000000e+03
nan
6.183000000000000000e+03
8.667000000000000000e+03
nan
nan
6.851000000000000000e+03
nan
9.380000000000000000e+02
nan
nan
nan
4.110000000000000000e+02
nan
9.800000000000000000e+02
2.462000000000000000e+03
nan
nan
nan
nan
nan
nan
nan
nan
1.004000000000000000e+03
nan
nan
4.232000000000000000e+03
4.693000000000000000e+03
6.310000000000000000e+02
nan
2.233000000000000000e+03
nan
nan
nan
7.440000000000000000e+03
nan
nan
nan
1.041600000000000000e+04
8.122000000000000000e+03
nan
nan
nan
nan
nan
nan
nan
nan
nan
nan
8.364200000000000000e+04
1.429000000000000000e+03
3.550000000000000000e+03
nan
nan
nan
1.192000000000000000e+03
7.586000000000000000e+03
nan
1.647100000000000000e+04
nan
4.790000000000000000e+02
nan
nan
nan
nan
nan
1.744000000000000000e+03
1.420700000000000000e+04
1.631000000000000000e+03
1.480000000000000000e+03
nan
1.806000000000000000e+03
nan
nan
6.614300000000000000e+04
nan
4.667000000000000000e+03
nan
nan
nan
nan
nan
nan
nan
nan
nan
nan
1.294700000000000000e+04
nan
nan
nan
nan
8.820000000000000000e+02
1.352940000000000000e+05
nan
nan
nan
5.630000000000000000e+02
nan
nan
nan
5.061000000000000000e+03
nan
nan
3.550000000000000000e+03
nan
nan
nan
nan
nan
9.930000000000000000e+02
2.025000000000000000e+03
nan
nan
nan
3.089000000000000000e+03
nan
6.033000000000000000e+03
5.872000000000000000e+03
nan
8.390000000000000000e+02
2.614600000000000000e+04
1.090000000000000000e+02
nan
nan
nan
nan
nan
nan
nan
nan
nan
3.864200000000000000e+04
nan
nan
nan
nan
nan
nan
1.156000000000000000e+03
nan
5.019000000000000000e+03
nan
nan
2.151000000000000000e+03
6.516000000000000000e+03
2.720000000000000000e+04
5.600000000000000000e+01
nan
5.809000000000000000e+03
nan
nan
3.220000000000000000e+03
nan
3.520000000000000000e+02
nan
1.087900000000000000e+04
nan
7.002000000000000000e+03
nan
nan
8.032000000000000000e+03
7.352000000000000000e+03
nan
7.204000000000000000e+03
nan
nan
nan
nan
nan
1.482600000000000000e+04
nan
nan
nan
nan
2.740000000000000000e+03
nan
nan
nan
nan
nan
nan
2.375000000000000000e+03
2.141700000000000000e+04
2.760000000000000000e+02
nan
nan
6.192800000000000000e+04
nan
5.270000000000000000e+03
8.885000000000000000e+03
nan
1.884300000000000000e+04
1.135000000000000000e+04
nan
nan
nan
1.608000000000000000e+03
nan
nan
3.464000000000000000e+03
nan
1.854000000000000000e+04
1.216200000000000000e+04
nan
nan
nan
7.231600000000000000e+04
3.456000000000000000e+03
nan
1.599700000000000000e+04
nan
nan
2.608000000000000000e+03
nan
nan
nan
nan
nan
nan
nan
4.835000000000000000e+03
3.480000000000000000e+03
nan
nan
1.363000000000000000e+04
nan
3.045000000000000000e+03
nan
nan
nan
8.800000000000000000e+01
nan
nan
nan
nan
nan
3.460000000000000000e+03
nan
nan
nan
nan
nan
nan
nan
6.542000000000000000e+03
3.698000000000000000e+03
6.728000000000000000e+03
7.068000000000000000e+03
nan
4.347000000000000000e+03
7.585200000000000000e+04
9.814000000000000000e+03
1.642100000000000000e+04
nan
nan
nan
nan
nan
nan
1.786000000000000000e+03
1.725000000000000000e+03
nan
nan
nan
1.766000000000000000e+03
8.280000000000000000e+03
8.412000000000000000e+03
nan
1.888000000000000000e+03
2.258900000000000000e+04
nan
nan
nan
1.848000000000000000e+03
nan
nan
nan
nan
5.560000000000000000e+02
nan
nan
nan
nan
nan
nan
nan
1.200000000000000000e+03
nan
1.363500000000000000e+04
nan
nan
4.551000000000000000e+03
1.253600000000000000e+04
2.616000000000000000e+03
nan
nan
nan
nan
nan
6.720000000000000000e+02
nan
1.495000000000000000e+03
nan
nan
nan
2.300000000000000000e+02
nan
1.774000000000000000e+03
nan
nan
7.920000000000000000e+02
nan
nan
1.795100000000000000e+04
nan
nan
nan
nan
nan
nan
nan
nan
nan
nan
3.592000000000000000e+03
7.226000000000000000e+03
5.910900000000000000e+04
4.300800000000000000e+04
5.912000000000000000e+03
1.760000000000000000e+03
nan
nan
nan
1.051400000000000000e+04
1.451000000000000000e+03
8.884000000000000000e+03
3.268200000000000000e+04
nan
2.932000000000000000e+03
3.066000000000000000e+03
1.213500000000000000e+04
8.749000000000000000e+03
nan
nan
5.479200000000000000e+04
nan
nan
nan
1.380000000000000000e+03
nan
1.075000000000000000e+04
nan
1.380000000000000000e+02
1.763000000000000000e+03
nan
9.524000000000000000e+03
nan
1.111100000000000000e+04
nan
nan
1.696000000000000000e+03
nan
nan
nan
nan
nan
nan
nan
4.133000000000000000e+03
nan
2.476000000000000000e+03
nan
1.048000000000000000e+03
1.450400000000000000e+04
nan
nan
nan
nan
nan
nan
2.323300000000000000e+04
nan
nan
nan
nan
7.580000000000000000e+02
nan
nan
nan
nan
nan
1.751000000000000000e+03
3.375000000000000000e+03
nan
nan
3.698000000000000000e+03
nan
nan
nan
nan
nan
nan
9.750000000000000000e+02
nan
nan
2.071900000000000000e+04
3.032000000000000000e+03
nan
nan
nan
7.558000000000000000e+03
nan
nan
4.634000000000000000e+03
7.507000000000000000e+03
nan
5.947000000000000000e+03
2.795200000000000000e+04
nan
nan
nan
nan
1.960000000000000000e+03
nan
nan
nan
6.000000000000000000e+02
nan
nan
nan
4.042800000000000000e+04
nan
nan
nan
2.834400000000000000e+04
nan
nan
1.156000000000000000e+03
nan
1.416000000000000000e+03
nan
3.026000000000000000e+03
nan
1.657000000000000000e+03
nan
nan
nan
nan
nan
2.535000000000000000e+03
1.152000000000000000e+03
nan
nan
nan
nan
nan
nan
nan
nan
2.114000000000000000e+03
4.879000000000000000e+03
6.000000000000000000e+02
nan
nan
1.001500000000000000e+04
nan
nan
nan
nan
4.374000000000000000e+03
2.420000000000000000e+02
nan
3.232000000000000000e+03
nan
nan
nan
1.935000000000000000e+04
1.463100000000000000e+04
nan
nan
nan
9.100000000000000000e+02
nan
nan
nan
2.798000000000000000e+03
nan
1.093300000000000000e+04
nan
nan
2.601000000000000000e+03
nan
nan
nan
nan
nan
nan
nan
4.528000000000000000e+03
1.750100000000000000e+04
8.474000000000000000e+03
nan
6.629000000000000000e+03
nan
nan
nan
nan
2.992000000000000000e+03
nan
nan
nan
nan
nan
3.501000000000000000e+03
1.631200000000000000e+04
nan
1.083200000000000000e+04
6.536000000000000000e+03
5.412000000000000000e+03
nan
nan
1.740000000000000000e+03
4.800000000000000000e+03
3.640000000000000000e+02
4.207500000000000000e+04
nan
nan
nan
nan
nan
nan
7.062000000000000000e+03
1.082000000000000000e+03
nan
nan
9.580000000000000000e+02
nan
nan
nan
nan
3.800000000000000000e+02
nan
nan
1.800000000000000000e+03
nan
5.270000000000000000e+02
nan
6.423000000000000000e+03
nan
nan
nan
9.160000000000000000e+02
nan
3.296000000000000000e+03
nan
nan
4.910000000000000000e+02
nan
nan
nan
nan
nan
4.180000000000000000e+02
nan
nan
3.211000000000000000e+03
nan
nan
nan
3.253500000000000000e+04
nan
nan
nan
7.532900000000000000e+04
nan
5.450000000000000000e+02
nan
nan
nan
nan
1.152000000000000000e+03
3.067000000000000000e+03
2.960000000000000000e+02
nan
nan
6.276000000000000000e+03
1.360800000000000000e+04
nan
nan
nan
5.828000000000000000e+03
nan
1.156000000000000000e+03
3.309000000000000000e+03
nan
3.147800000000000000e+04
nan
nan
nan
nan
nan
nan
2.864000000000000000e+03
nan
8.897000000000000000e+03
nan
nan
nan
nan
9.583000000000000000e+03
nan
nan
1.146900000000000000e+04
nan
6.244000000000000000e+03
6.943000000000000000e+03
8.340000000000000000e+02
nan
2.517000000000000000e+03
1.264000000000000000e+03
nan
nan
nan
4.705000000000000000e+03
5.156000000000000000e+03
nan
nan
nan
nan
nan
nan
4.995500000000000000e+04
nan
nan
nan
1.001700000000000000e+04
nan
4.126300000000000000e+04
nan
nan
nan
1.650000000000000000e+03
2.460000000000000000e+03
nan
nan
8.460000000000000000e+03
3.141000000000000000e+03
nan
nan
nan
3.987900000000000000e+04
2.235800000000000000e+04
nan
nan
9.288000000000000000e+03
nan
5.953000000000000000e+03
1.374000000000000000e+03
nan
nan
nan
nan
nan
nan
nan
nan
nan
nan
nan
1.728000000000000000e+03
1.240000000000000000e+02
nan
nan
nan
nan
nan
nan
nan
2.647590000000000000e+05
1.664100000000000000e+04
3.138000000000000000e+03
nan
nan
nan
nan
1.436000000000000000e+03
nan
1.459000000000000000e+03
2.343000000000000000e+03
8.060000000000000000e+02
nan
nan
nan
1.125000000000000000e+03
nan
1.448000000000000000e+03
nan
6.840000000000000000e+03
1.444600000000000000e+04
nan
5.929000000000000000e+03
4.971000000000000000e+03
1.412000000000000000e+03
nan
nan
nan
nan
6.440000000000000000e+03
6.920000000000000000e+02
nan
nan
nan
nan
nan
nan
nan
nan
nan
nan
nan
6.688500000000000000e+04
nan
7.446000000000000000e+03
2.792000000000000000e+04
nan
nan
nan
nan
nan
nan
nan
8.740000000000000000e+02
nan
nan
nan
nan
2.189600000000000000e+04
nan
1.148800000000000000e+04
4.704700000000000000e+04
1.400000000000000000e+04
nan
nan
8.935400000000000000e+04
nan
nan
1.930000000000000000e+02
nan
nan
nan
nan
nan
1.321500000000000000e+04
nan
nan
3.091000000000000000e+03
nan
nan
nan
nan
2.410000000000000000e+03
nan
nan
3.600000000000000000e+03
3.833000000000000000e+03
nan
nan
8.765000000000000000e+03
8.687000000000000000e+03
nan
2.282000000000000000e+03
5.840000000000000000e+03
nan
nan
nan
nan
nan
nan
5.173000000000000000e+03
8.079000000000000000e+03
nan
4.000000000000000000e+02
nan
8.627000000000000000e+03
nan
nan
2.452500000000000000e+04
nan
nan
nan
nan
nan
8.212000000000000000e+03
nan
nan
nan
2.150000000000000000e+03
nan
nan
nan
1.798000000000000000e+03
nan
nan
nan
nan
2.183500000000000000e+04
nan
3.430200000000000000e+04
nan
1.351500000000000000e+04
nan
nan
nan
nan
nan
nan
nan
nan
nan
1.172000000000000000e+03
nan
nan
nan
4.456000000000000000e+03
nan
nan
6.000000000000000000e+02
1.307500000000000000e+04
7.984000000000000000e+03
4.440000000000000000e+03
nan
nan
nan
nan
2.090800000000000000e+04
nan
nan
1.198000000000000000e+03
nan
nan
nan
nan
nan
nan
nan
5.528700000000000000e+04
nan
2.410000000000000000e+03
3.385000000000000000e+03
nan
nan
nan
1.656000000000000000e+03
nan
1.529000000000000000e+03
nan
nan
nan
nan
8.192100000000000000e+04
nan
nan
nan
nan
9.316000000000000000e+03
nan
nan
nan
1.713000000000000000e+03
nan
nan
nan
1.947000000000000000e+03
2.977000000000000000e+03
nan
2.144000000000000000e+03
nan
nan
nan
nan
nan
nan
nan
nan
nan
nan
nan
nan
nan
1.852500000000000000e+04
nan
nan
nan
nan
1.421000000000000000e+04
nan
nan
nan
nan
nan
nan
nan
nan
6.984000000000000000e+03
nan
nan
1.233500000000000000e+04
nan
nan
nan
8.668000000000000000e+03
1.868000000000000000e+03
nan
2.604200000000000000e+04
nan
1.642100000000000000e+04
nan
nan
4.352000000000000000e+03
nan
nan
nan
nan
5.144000000000000000e+03
nan
nan
nan
nan
nan
8.265000000000000000e+03
4.307000000000000000e+03
7.266000000000000000e+03
nan
8.881000000000000000e+03
2.122000000000000000e+03
nan
nan
nan
nan
nan
9.132000000000000000e+03
8.104000000000000000e+03
nan
8.720000000000000000e+02
3.600000000000000000e+01
nan
6.300000000000000000e+02
9.086000000000000000e+03
nan
nan
nan
nan
1.703300000000000000e+04
nan
nan
4.803000000000000000e+03
nan
nan
nan
nan
nan
nan
4.813200000000000000e+04
nan
nan
nan
nan
1.994000000000000000e+03
nan
nan
nan
1.992000000000000000e+03
nan
nan
nan
nan
nan
nan
nan
nan
3.893000000000000000e+03
1.096000000000000000e+03
nan
nan
nan
nan
nan
7.004000000000000000e+03
nan
4.614600000000000000e+04
nan
nan
nan
nan
nan
1.055000000000000000e+03
nan
nan
nan
nan
3.121200000000000000e+04
nan
nan
nan
nan
nan
3.545000000000000000e+03
2.270000000000000000e+02
2.949600000000000000e+04
nan
nan
1.794500000000000000e+04
nan
3.768900000000000000e+04
nan
5.464000000000000000e+03
nan
nan
nan
4.185300000000000000e+04
nan
nan
3.231700000000000000e+04
7.432000000000000000e+03
nan
nan
nan
nan
nan
9.564000000000000000e+03
nan
nan
nan
nan
nan
1.916400000000000000e+04
7.102000000000000000e+03
nan
nan
nan
nan
nan
nan
1.295300000000000000e+04
6.583000000000000000e+03
nan
1.094100000000000000e+04
nan
1.463000000000000000e+04
nan
nan
1.556000000000000000e+03
nan
nan
4.260000000000000000e+02
9.394000000000000000e+03
nan
nan
nan
nan
nan
nan
nan
1.255100000000000000e+04
nan
nan
nan
nan
nan
nan
nan
6.200000000000000000e+01
nan
nan
nan
1.574400000000000000e+04
1.771000000000000000e+03
nan
nan
nan
nan
nan
nan
nan
nan
nan
nan
1.684200000000000000e+04
nan
nan
nan
nan
nan
9.533000000000000000e+03
nan
1.056000000000000000e+03
nan
7.753000000000000000e+03
nan
nan
nan
nan
nan
1.108300000000000000e+04
nan
3.615000000000000000e+03
9.040000000000000000e+02
9.528000000000000000e+03
nan
nan
nan
nan
nan
nan
1.507600000000000000e+04
nan
nan
nan
nan
nan
2.741000000000000000e+03
5.440000000000000000e+02
1.316400000000000000e+04
7.677000000000000000e+03
1.304000000000000000e+03
nan
nan
nan
4.250000000000000000e+02
nan
6.156000000000000000e+03
2.831000000000000000e+03
6.445000000000000000e+03
nan
nan
nan
4.370000000000000000e+02
nan
nan
1.330000000000000000e+03
nan
nan
nan
1.436000000000000000e+03
1.895600000000000000e+04
nan
1.885000000000000000e+03
7.664000000000000000e+03
nan
5.205000000000000000e+03
1.969300000000000000e+04
nan
nan
1.440900000000000000e+04
3.144700000000000000e+04
1.023400000000000000e+04
nan
nan
5.016000000000000000e+03
nan
3.081100000000000000e+04
2.775000000000000000e+03
nan
nan
3.325000000000000000e+03
nan
1.037800000000000000e+04
2.727700000000000000e+04
nan
nan
nan
7.500000000000000000e+02
1.446300000000000000e+04
2.822000000000000000e+03
nan
4.162000000000000000e+04
5.790000000000000000e+02
nan
nan
3.919000000000000000e+03
nan
3.968000000000000000e+03
nan
nan
nan
3.040000000000000000e+02
nan
nan
1.750000000000000000e+02
nan
nan
nan
nan
nan
nan
nan
nan
9.380000000000000000e+02
2.120000000000000000e+02
1.877100000000000000e+04
1.619000000000000000e+03
nan
nan
1.853600000000000000e+04
nan
nan
nan
nan
nan
2.029500000000000000e+04
nan
3.652400000000000000e+04
2.968000000000000000e+03
nan
5.135900000000000000e+04
nan
nan
1.744000000000000000e+03
9.760000000000000000e+02
1.041600000000000000e+04
nan
nan
nan
5.494700000000000000e+04
3.738000000000000000e+03
nan
nan
nan
nan
nan
1.965200000000000000e+04
2.224100000000000000e+04
nan
2.266000000000000000e+03
7.290000000000000000e+02
3.350000000000000000e+02
2.051000000000000000e+04
2.721000000000000000e+03
1.000000000000000000e+00
2.890000000000000000e+02
nan
nan
nan
nan
4.992000000000000000e+03
3.080000000000000000e+03
nan
nan
nan
nan
7.151000000000000000e+03
5.981000000000000000e+03
nan
5.200000000000000000e+01
nan
nan
nan
nan
nan
1.274500000000000000e+04
nan
3.480000000000000000e+02
nan
nan
nan
nan
nan
nan
nan
nan
9.600000000000000000e+02
2.212000000000000000e+03
nan
nan
nan
5.545000000000000000e+03
nan
5.864000000000000000e+03
9.748000000000000000e+03
nan
5.912000000000000000e+03
nan
nan
nan
nan
nan
1.804000000000000000e+03
1.224000000000000000e+03
nan
nan
nan
4.496000000000000000e+03
1.750000000000000000e+03
nan
1.392800000000000000e+04
2.618000000000000000e+03
5.906000000000000000e+03
nan
nan
1.406000000000000000e+03
nan
4.960000000000000000e+02
nan
nan
8.857000000000000000e+03
nan
nan
1.331000000000000000e+03
nan
nan
6.143500000000000000e+04
nan
nan
nan
1.447000000000000000e+03
nan
nan
nan
nan
nan
nan
nan
nan
5.388000000000000000e+03
2.618100000000000000e+04
nan
nan
nan
4.401600000000000000e+04
nan
7.002000000000000000e+03
nan
5.309600000000000000e+04
9.716000000000000000e+03
3.789000000000000000e+03
nan
nan
5.265000000000000000e+03
8.640000000000000000e+03
1.140600000000000000e+04
nan
5.568000000000000000e+03
nan
nan
3.486000000000000000e+03
3.089600000000000000e+04
5.280000000000000000e+02
nan
nan
nan
nan
5.380000000000000000e+03
5.520000000000000000e+03
nan
nan
2.506000000000000000e+03
nan
nan
nan
3.288000000000000000e+03
1.638000000000000000e+03
nan
nan
nan
1.681200000000000000e+04
nan
2.254000000000000000e+03
nan
nan
nan
nan
2.835000000000000000e+03
9.624000000000000000e+03
nan
5.008000000000000000e+03
nan
2.925000000000000000e+03
nan
nan
nan
nan
2.675000000000000000e+03
1.480800000000000000e+04
2.222000000000000000e+03
7.704000000000000000e+03
nan
nan
nan
nan
nan
nan
2.496100000000000000e+04
3.040000000000000000e+02
nan
5.281000000000000000e+03
nan
nan
1.140800000000000000e+04
nan
4.372000000000000000e+03
6.000000000000000000e+00
3.089000000000000000e+04
8.060000000000000000e+02
5.880000000000000000e+03
nan
5.584000000000000000e+03
nan
nan
nan
nan
nan
nan
nan
nan
1.061000000000000000e+04
1.828000000000000000e+03
nan
2.059200000000000000e+04
nan
nan
1.672000000000000000e+03
nan
nan
nan
nan
nan
nan
nan
nan
nan
2.177700000000000000e+04
4.516400000000000000e+04
1.760000000000000000e+03
3.553000000000000000e+03
nan
nan
5.020000000000000000e+02
nan
nan
1.505000000000000000e+03
nan
nan
nan
nan
nan
nan
nan
nan
nan
2.564100000000000000e+04
4.634300000000000000e+04
nan
6.792600000000000000e+04
nan
1.054500000000000000e+04
6.946000000000000000e+03
6.000000000000000000e+02
3.193600000000000000e+04
nan
nan
nan
nan
nan
nan
nan
nan
nan
nan
2.789600000000000000e+04
nan
nan
nan
nan
nan
nan
nan
nan
3.488000000000000000e+03
nan
4.316000000000000000e+03
nan
nan
nan
nan
nan
nan
1.665300000000000000e+04
nan
nan
nan
nan
nan
nan
nan
nan
nan
3.184000000000000000e+03
2.005200000000000000e+04
2.301100000000000000e+04
nan
nan
nan
nan
nan
nan
2.000000000000000000e+00
nan
9.230000000000000000e+02
2.270000000000000000e+02
nan
8.227000000000000000e+03
nan
nan
nan
nan
1.415000000000000000e+03
nan
nan
1.921700000000000000e+04
5.760000000000000000e+03
nan
nan
nan
nan
1.014000000000000000e+04
nan
5.968000000000000000e+03
nan
2.626300000000000000e+04
nan
nan
nan
nan
1.385000000000000000e+03
nan
1.714000000000000000e+03
nan
nan
2.060000000000000000e+04
nan
5.900000000000000000e+02
nan
nan
nan
1.464000000000000000e+03
6.840000000000000000e+03
2.600000000000000000e+01
nan
nan
nan
nan
nan
nan
nan
9.540000000000000000e+02
1.167600000000000000e+04
1.808000000000000000e+03
nan
3.912000000000000000e+03
1.864000000000000000e+03
2.978000000000000000e+03
nan
nan
nan
nan
nan
1.973000000000000000e+03
6.308000000000000000e+03
nan
3.156000000000000000e+03
nan
8.537400000000000000e+04
nan
nan
nan
9.308000000000000000e+03
1.100000000000000000e+03
nan
nan
nan
2.172000000000000000e+03
1.928000000000000000e+03
1.448000000000000000e+03
1.889000000000000000e+03
nan
nan
nan
nan
nan
3.056100000000000000e+04
nan
nan
5.146700000000000000e+04
7.340000000000000000e+02
nan
nan
nan
1.840000000000000000e+03
nan
nan
7.954000000000000000e+03
nan
nan
nan
nan
3.760000000000000000e+02
nan
nan
1.167600000000000000e+04
4.859000000000000000e+03
9.150000000000000000e+02
nan
nan
nan
nan
nan
9.454000000000000000e+03
nan
nan
1.612000000000000000e+03
nan
nan
nan
nan
nan
3.539000000000000000e+03
8.266000000000000000e+03
nan
7.994000000000000000e+03
2.509600000000000000e+04
nan
nan
nan
2.082400000000000000e+04
nan
nan
2.526000000000000000e+03
nan
nan
nan
9.347000000000000000e+03
nan
nan
2.186100000000000000e+04
9.684000000000000000e+03
nan
nan
nan
9.359000000000000000e+03
3.716500000000000000e+04
nan
nan
7.772000000000000000e+03
1.714000000000000000e+03
7.136000000000000000e+03
1.843000000000000000e+03
nan
nan
2.074300000000000000e+04
nan
nan
nan
5.850000000000000000e+02
5.876000000000000000e+03
nan
3.640000000000000000e+02
2.433000000000000000e+03
nan
4.376000000000000000e+03
nan
nan
nan
nan
nan
nan
nan
2.737800000000000000e+04
nan
nan
nan
nan
nan
nan
nan
5.120000000000000000e+03
8.000000000000000000e+00
nan
1.651900000000000000e+04
nan
nan
nan
nan
nan
3.111000000000000000e+03
3.198100000000000000e+04
3.524000000000000000e+03
2.587000000000000000e+03
nan
1.299900000000000000e+04
1.403000000000000000e+03
3.356000000000000000e+03
nan
nan
nan
1.800000000000000000e+03
nan
4.022000000000000000e+03
nan
nan
8.192500000000000000e+04
6.910000000000000000e+03
nan
nan
1.165400000000000000e+04
3.495000000000000000e+03
5.965500000000000000e+04
1.511000000000000000e+03
nan
nan
6.772000000000000000e+03
nan
5.200000000000000000e+01
nan
nan
nan
1.495080000000000000e+05
5.152000000000000000e+03
nan
6.200000000000000000e+02
2.888000000000000000e+03
4.930000000000000000e+02
2.422500000000000000e+04
nan
nan
1.158000000000000000e+03
nan
nan
nan
4.529000000000000000e+03
nan
5.333500000000000000e+04
1.660000000000000000e+02
3.848000000000000000e+03
nan
6.786300000000000000e+04
nan
nan
7.360900000000000000e+04
4.195000000000000000e+03
3.040000000000000000e+02
nan
nan
nan
1.330000000000000000e+03
nan
1.008000000000000000e+03
nan
nan
nan
1.712000000000000000e+03
nan
nan
nan
nan
4.779600000000000000e+04
nan
nan
1.408000000000000000e+03
5.343000000000000000e+03
nan
2.535000000000000000e+03
nan
nan
nan
nan
nan
nan
nan
nan
nan
7.211000000000000000e+03
nan
nan
nan
1.101700000000000000e+04
nan
nan
7.272000000000000000e+03
nan
nan
nan
nan
2.744000000000000000e+03
nan
nan
nan
nan
nan
7.305200000000000000e+04
nan
2.407800000000000000e+04
nan
nan
nan
5.982000000000000000e+03
8.570000000000000000e+02
nan
1.724000000000000000e+03
nan
nan
nan
nan
nan
nan
2.048000000000000000e+03
3.446000000000000000e+03
nan
nan
nan
8.720000000000000000e+02
1.668900000000000000e+04
nan
3.008000000000000000e+03
nan
nan
nan
nan
5.470000000000000000e+02
nan
nan
2.100000000000000000e+02
5.288000000000000000e+03
nan
2.853000000000000000e+04
4.076000000000000000e+03
nan
nan
6.232000000000000000e+03
nan
nan
1.863000000000000000e+03
1.537000000000000000e+03
2.968000000000000000e+03
nan
2.982000000000000000e+03
nan
nan
nan
7.004000000000000000e+03
nan
8.160000000000000000e+03
nan
5.408400000000000000e+04
nan
6.656000000000000000e+03
4.312000000000000000e+03
2.910000000000000000e+03
nan
nan
nan
9.170000000000000000e+03
1.865000000000000000e+03
1.000000000000000000e+03
nan
nan
nan
nan
nan
2.450000000000000000e+02
1.549400000000000000e+04
nan
nan
nan
3.132000000000000000e+03
nan
nan
7.660000000000000000e+02
nan
nan
nan
nan
nan
nan
nan
nan
nan
7.610000000000000000e+03
nan
nan
nan
nan
nan
nan
nan
1.100400000000000000e+04
nan
1.862000000000000000e+03
nan
nan
7.880000000000000000e+02
nan
nan
3.163700000000000000e+04
4.333000000000000000e+03
nan
nan
nan
nan
nan
nan
nan
nan
nan
nan
nan
1.200000000000000000e+02
nan
nan
4.800000000000000000e+01
1.408000000000000000e+03
nan
nan
nan
nan
2.512000000000000000e+03
1.186000000000000000e+03
nan
4.159000000000000000e+03
nan
7.032000000000000000e+03
1.094700000000000000e+04
nan
5.990000000000000000e+02
nan
nan
1.057000000000000000e+04
4.522000000000000000e+03
4.086000000000000000e+03
nan
nan
5.311000000000000000e+03
1.321300000000000000e+04
nan
nan
nan
nan
nan
5.121000000000000000e+03
nan
3.792000000000000000e+03
7.030000000000000000e+03
1.903000000000000000e+03
nan
nan
1.501000000000000000e+03
nan
nan
1.870000000000000000e+03
nan
nan
nan
nan
3.501300000000000000e+04
7.150000000000000000e+02
9.972000000000000000e+03
nan
nan
nan
nan
2.903000000000000000e+03
nan
nan
1.874500000000000000e+04
nan
nan
nan
nan
nan
nan
4.432000000000000000e+03
nan
nan
nan
nan
nan
nan
nan
nan
8.720000000000000000e+02
nan
nan
nan
nan
nan
nan
nan
nan
6.560000000000000000e+02
nan
1.654000000000000000e+03
nan
2.832000000000000000e+03
nan
nan
1.089100000000000000e+04
3.236300000000000000e+04
nan
3.070000000000000000e+02
1.008000000000000000e+03
nan
nan
nan
nan
nan
nan
2.612000000000000000e+03
nan
nan
nan
nan
nan
5.785000000000000000e+03
1.574000000000000000e+03
nan
9.037000000000000000e+03
7.922000000000000000e+03
9.520000000000000000e+02
1.407000000000000000e+03
nan
nan
nan
1.519000000000000000e+03
5.287000000000000000e+03
nan
nan
nan
nan
nan
5.726000000000000000e+03
nan
nan
nan
nan
9.240000000000000000e+02
nan
nan
nan
nan
nan
nan
1.555000000000000000e+03
1.481000000000000000e+03
nan
5.325000000000000000e+03
nan
nan
nan
nan
4.633600000000000000e+04
nan
nan
nan
nan
nan
nan
nan
nan
3.115000000000000000e+03
nan
2.181400000000000000e+04
nan
nan
nan
nan
nan
nan
nan
nan
1.241300000000000000e+04
nan
nan
8.560000000000000000e+02
nan
nan
nan
nan
nan
nan
3.840000000000000000e+02
1.896000000000000000e+03
3.738000000000000000e+03
nan
nan
nan
nan
nan
nan
nan
nan
1.378400000000000000e+04
nan
8.606000000000000000e+03
nan
2.464000000000000000e+03
nan
nan
7.391000000000000000e+03
nan
6.106000000000000000e+04
1.247900000000000000e+04
nan
nan
nan
nan
nan
nan
1.669500000000000000e+04
nan
nan
2.680800000000000000e+04
nan
nan
5.180000000000000000e+02
4.480000000000000000e+03
1.075800000000000000e+04
1.810000000000000000e+03
1.816000000000000000e+03
nan
nan
9.904000000000000000e+03
4.110000000000000000e+02
nan
nan
nan
nan
nan
6.900000000000000000e+02
nan
nan
nan
nan
nan
1.262000000000000000e+03
nan
nan
1.757000000000000000e+03
4.984000000000000000e+03
nan
nan
nan
1.874400000000000000e+04
nan
nan
1.182000000000000000e+03
nan
nan
6.696000000000000000e+03
3.632000000000000000e+03
6.300000000000000000e+02
nan
2.128000000000000000e+03
nan
nan
nan
1.518000000000000000e+03
nan
6.923000000000000000e+03
nan
nan
1.187340000000000000e+05
1.206700000000000000e+04
7.805000000000000000e+03
nan
1.599000000000000000e+03
3.319000000000000000e+03
nan
nan
nan
nan
nan
nan
nan
5.328000000000000000e+03
4.134000000000000000e+03
3.002300000000000000e+04
nan
7.639000000000000000e+03
nan
nan
nan
nan
nan
2.355000000000000000e+03
nan
nan
nan
nan
8.048000000000000000e+03
nan
7.000000000000000000e+01
nan
4.425000000000000000e+03
nan
nan
2.707000000000000000e+03
4.480500000000000000e+04
nan
nan
nan
1.754000000000000000e+03
1.556000000000000000e+03
nan
2.923000000000000000e+03
2.255000000000000000e+04
nan
nan
3.200000000000000000e+01
nan
nan
4.424000000000000000e+03
4.253000000000000000e+03
nan
1.037900000000000000e+04
1.038000000000000000e+04
nan
nan
nan
5.019000000000000000e+03
3.040000000000000000e+02
nan
4.800000000000000000e+02
nan
nan
nan
nan
nan
8.235000000000000000e+03
nan
nan
nan
nan
nan
1.754500000000000000e+04
1.894000000000000000e+04
nan
5.165300000000000000e+04
6.754000000000000000e+03
nan
1.760000000000000000e+03
1.080600000000000000e+04
3.660000000000000000e+02
nan
nan
nan
2.144000000000000000e+03
nan
nan
nan
nan
nan
3.010000000000000000e+03
6.700000000000000000e+02
nan
nan
1.720000000000000000e+03
nan
6.380000000000000000e+02
1.693000000000000000e+03
1.828500000000000000e+04
2.340000000000000000e+03
nan
nan
nan
nan
1.989400000000000000e+04
nan
nan
nan
1.782100000000000000e+04
nan
nan
4.400000000000000000e+02
nan
4.790000000000000000e+02
nan
nan
2.025000000000000000e+03
nan
nan
nan
nan
nan
nan
nan
nan
nan
1.065300000000000000e+04
nan
nan
1.560000000000000000e+03
1.875900000000000000e+04
nan
nan
nan
nan
1.846000000000000000e+03
nan
nan
nan
nan
2.665000000000000000e+03
6.397000000000000000e+03
nan
nan
8.809000000000000000e+03
nan
nan
nan
1.315200000000000000e+04
nan
nan
nan
nan
nan
nan
nan
5.650000000000000000e+02
nan
nan
nan
nan
1.528000000000000000e+03
nan
nan
nan
1.161000000000000000e+03
nan
nan
1.080000000000000000e+04
nan
nan
6.730000000000000000e+03
nan
nan
2.475500000000000000e+04
nan
nan
nan
1.865000000000000000e+03
nan
nan
nan
2.591000000000000000e+03
nan
nan
6.080000000000000000e+02
nan
5.516000000000000000e+03
nan
1.455000000000000000e+03
nan
2.834700000000000000e+04
6.760000000000000000e+03
nan
8.091000000000000000e+03
7.280000000000000000e+03
nan
nan
nan
nan
1.687000000000000000e+03
2.458200000000000000e+04
nan
nan
nan
nan
nan
1.601400000000000000e+04
nan
5.120000000000000000e+02
9.176000000000000000e+03
nan
nan
nan
nan
nan
7.440000000000000000e+02
nan
nan
6.640000000000000000e+02
nan
nan
nan
nan
nan
nan
nan
6.864000000000000000e+03
nan
1.776000000000000000e+03
nan
1.194000000000000000e+03
nan
1.262400000000000000e+04
nan
4.908000000000000000e+04
nan
nan
7.764400000000000000e+04
nan
nan
nan
2.354000000000000000e+03
nan
nan
nan
nan
nan
3.286000000000000000e+03
nan
nan
5.545000000000000000e+03
nan
nan
nan
nan
nan
nan
1.209000000000000000e+04
6.400000000000000000e+02
nan
4.765000000000000000e+03
nan
7.260000000000000000e+02
6.559000000000000000e+03
nan
nan
nan
1.912000000000000000e+03
nan
1.616000000000000000e+03
nan
7.246000000000000000e+03
nan
5.830000000000000000e+02
1.026000000000000000e+03
nan
nan
1.792000000000000000e+03
nan
nan
4.535000000000000000e+03
1.499000000000000000e+03
1.202000000000000000e+04
1.728200000000000000e+04
4.240000000000000000e+03
nan
9.780000000000000000e+02
nan
nan
8.750000000000000000e+02
2.466500000000000000e+04
nan
nan
nan
nan
nan
2.080000000000000000e+03
7.360000000000000000e+02
3.981000000000000000e+03
1.515000000000000000e+03
nan
nan
nan
nan
nan
8.000000000000000000e+00
1.056200000000000000e+04
nan
4.753000000000000000e+03
nan
nan
nan
nan
nan
nan
nan
nan
nan
nan
nan
5.596000000000000000e+03
1.736000000000000000e+03
7.600000000000000000e+01
nan
nan
nan
nan
2.362000000000000000e+03
nan
nan
5.956000000000000000e+03
nan
5.438000000000000000e+03
7.092000000000000000e+03
nan
nan
7.187800000000000000e+04
1.775400000000000000e+04
nan
nan
1.032000000000000000e+04
nan
nan
nan
nan
nan
7.836000000000000000e+03
1.816000000000000000e+03
nan
2.965200000000000000e+04
1.756000000000000000e+03
nan
1.913000000000000000e+03
nan
1.143000000000000000e+03
3.043000000000000000e+03
2.000000000000000000e+00
1.767000000000000000e+03
8.584000000000000000e+03
nan
nan
nan
nan
8.000000000000000000e+03
nan
nan
1.728000000000000000e+03
nan
1.749100000000000000e+04
1.112000000000000000e+03
nan
3.382000000000000000e+03
nan
nan
nan
nan
nan
nan
nan
nan
4.932000000000000000e+03
nan
1.477000000000000000e+03
nan
1.960000000000000000e+02
nan
nan
nan
8.580000000000000000e+02
nan
nan
nan
nan
1.974700000000000000e+04
nan
1.432000000000000000e+03
nan
nan
nan
2.867000000000000000e+03
nan
4.532000000000000000e+03
1.190000000000000000e+03
nan
1.693000000000000000e+03
nan
nan
nan
3.112000000000000000e+03
nan
4.248000000000000000e+03
nan
6.359000000000000000e+03
nan
nan
1.448000000000000000e+04
nan
nan
9.320000000000000000e+02
nan
nan
nan
nan
2.616200000000000000e+04
1.758000000000000000e+03
nan
2.278000000000000000e+03
1.174200000000000000e+04
nan
nan
7.500000000000000000e+03
nan
nan
nan
nan
nan
1.177300000000000000e+04
nan
nan
nan
nan
nan
1.744000000000000000e+03
8.432000000000000000e+03
4.553000000000000000e+03
nan
2.043000000000000000e+04
nan
nan
nan
nan
nan
nan
nan
3.809000000000000000e+03
nan
nan
6.300000000000000000e+02
nan
nan
nan
2.200500000000000000e+04
3.070000000000000000e+02
nan
nan
nan
6.165000000000000000e+03
2.334400000000000000e+04
nan
3.111100000000000000e+04
nan
nan
nan
8.600000000000000000e+02
nan
nan
nan
nan
nan
nan
nan
2.820000000000000000e+02
nan
1.150000000000000000e+04
5.823000000000000000e+04
nan
nan
1.561000000000000000e+03
nan
nan
2.887100000000000000e+04
nan
nan
8.048700000000000000e+04
1.185000000000000000e+04
nan
1.070400000000000000e+04
nan
1.504000000000000000e+03
nan
nan
nan
nan
nan
7.479600000000000000e+04
2.670700000000000000e+04
nan
nan
nan
nan
nan
9.700000000000000000e+01
1.416100000000000000e+04
nan
1.187900000000000000e+04
2.622000000000000000e+03
3.853000000000000000e+03
8.316000000000000000e+03
nan
nan
1.983000000000000000e+03
nan
nan
nan
nan
nan
nan
nan
nan
nan
4.792000000000000000e+03
nan
1.802000000000000000e+03
nan
nan
1.640000000000000000e+02
nan
nan
nan
nan
nan
1.058200000000000000e+05
nan
7.681000000000000000e+03
1.760000000000000000e+03
8.074000000000000000e+03
nan
nan
nan
1.369000000000000000e+03
1.082500000000000000e+04
nan
nan
nan
nan
nan
nan
nan
nan
9.320000000000000000e+02
nan
nan
5.128000000000000000e+03
nan
5.717000000000000000e+03
nan
nan
nan
nan
nan
1.524900000000000000e+04
nan
6.770000000000000000e+03
nan
4.449000000000000000e+03
nan
nan
nan
nan
nan
8.730000000000000000e+03
nan
1.905900000000000000e+04
nan
nan
nan
nan
7.299000000000000000e+03
nan
nan
nan
nan
9.931000000000000000e+03
nan
nan
nan
7.130400000000000000e+04
nan
6.041000000000000000e+03
5.600000000000000000e+02
6.304000000000000000e+03
nan
nan
nan
9.786000000000000000e+03
nan
nan
1.580000000000000000e+03
5.664000000000000000e+03
nan
nan
nan
nan
nan
2.372290000000000000e+05
nan
nan
nan
nan
5.248000000000000000e+03
5.976000000000000000e+03
1.990000000000000000e+03
3.784000000000000000e+04
nan
1.085800000000000000e+04
7.600000000000000000e+01
nan
nan
nan
7.085500000000000000e+04
nan
nan
nan
nan
nan
1.539000000000000000e+03
nan
nan
nan
nan
3.040000000000000000e+02
nan
nan
nan
1.254000000000000000e+03
9.016000000000000000e+03
nan
nan
nan
nan
nan
nan
nan
nan
6.220000000000000000e+03
nan
nan
2.921000000000000000e+03
nan
1.028000000000000000e+03
nan
4.664000000000000000e+03
nan
nan
2.550000000000000000e+04
9.273000000000000000e+03
nan
nan
nan
nan
nan
nan
nan
1.352000000000000000e+03
nan
1.022200000000000000e+04
1.233000000000000000e+04
nan
nan
nan
9.040000000000000000e+02
nan
nan
nan
nan
nan
3.476000000000000000e+03
nan
nan
3.597000000000000000e+03
nan
nan
nan
3.569000000000000000e+03
1.710000000000000000e+03
2.042000000000000000e+03
1.639900000000000000e+04
3.878000000000000000e+03
nan
6.945000000000000000e+03
nan
nan
1.209200000000000000e+04
nan
nan
2.424000000000000000e+03
nan
nan
nan
nan
9.490000000000000000e+02
nan
nan
nan
nan
nan
4.136000000000000000e+03
nan
nan
1.292700000000000000e+04
nan
9.850000000000000000e+02
3.384000000000000000e+03
1.736000000000000000e+03
2.645300000000000000e+04
nan
nan
5.879000000000000000e+03
nan
1.543000000000000000e+03
nan
nan
nan
nan
nan
9.820000000000000000e+03
9.195000000000000000e+03
nan
nan
1.610000000000000000e+03
nan
nan
nan
2.919200000000000000e+04
1.697600000000000000e+04
nan
nan
nan
nan
1.032000000000000000e+03
5.668000000000000000e+03
nan
4.671200000000000000e+04
nan
nan
nan
nan
nan
nan
5.644000000000000000e+03
nan
nan
nan
nan
3.093000000000000000e+03
nan
1.326000000000000000e+03
nan
nan
nan
1.004400000000000000e+04
nan
1.485000000000000000e+03
4.882000000000000000e+03
1.506000000000000000e+04
nan
nan
5.471000000000000000e+03
1.880000000000000000e+02
3.064000000000000000e+03
8.611500000000000000e+04
1.758000000000000000e+03
nan
4.406000000000000000e+03
6.168000000000000000e+03
nan
nan
nan
nan
nan
nan
nan
nan
nan
nan
1.414200000000000000e+04
1.192900000000000000e+04
nan
9.638000000000000000e+03
nan
4.174000000000000000e+03
1.400000000000000000e+02
nan
nan
nan
nan
1.512000000000000000e+03
nan
5.009000000000000000e+03
nan
nan
7.863000000000000000e+03
3.509000000000000000e+03
nan
nan
1.778100000000000000e+04
nan
nan
nan
1.924000000000000000e+03
nan
nan
nan
1.672000000000000000e+03
1.790200000000000000e+04
1.812000000000000000e+04
1.250700000000000000e+04
nan
nan
nan
nan
nan
1.856600000000000000e+04
nan
nan
nan
nan
4.920000000000000000e+03
nan
nan
1.070600000000000000e+04
1.380000000000000000e+02
1.302600000000000000e+04
nan
nan
3.982000000000000000e+03
nan
nan
nan
2.760600000000000000e+04
7.434000000000000000e+03
5.595300000000000000e+04
nan
nan
nan
5.148000000000000000e+03
nan
nan
nan
nan
nan
nan
nan
nan
nan
2.816000000000000000e+03
nan
nan
nan
1.052000000000000000e+03
7.030000000000000000e+02
nan
nan
8.084700000000000000e+04
4.818000000000000000e+03
1.798000000000000000e+03
nan
7.708000000000000000e+03
nan
1.098000000000000000e+03
1.600000000000000000e+04
nan
nan
nan
nan
nan
nan
nan
nan
nan
nan
nan
5.920000000000000000e+03
nan
nan
2.270000000000000000e+03
nan
4.397000000000000000e+03
nan
nan
nan
nan
nan
nan
nan
nan
nan
nan
nan
nan
nan
nan
nan
nan
nan
nan
nan
nan
nan
1.792000000000000000e+03
3.086000000000000000e+03
nan
1.820000000000000000e+03
nan
nan
1.000000000000000000e+03
1.599200000000000000e+04
1.780000000000000000e+02
2.102000000000000000e+04
nan
nan
nan
nan
1.530300000000000000e+04
nan
nan
nan
7.276000000000000000e+03
5.992000000000000000e+03
4.400000000000000000e+03
2.540000000000000000e+03
3.774000000000000000e+03
nan
nan
nan
6.810000000000000000e+03
nan
1.187340000000000000e+05
5.863000000000000000e+03
nan
nan
5.132600000000000000e+04
nan
nan
nan
nan
nan
1.172700000000000000e+04
nan
6.417000000000000000e+03
nan
nan
2.905000000000000000e+04
1.492000000000000000e+03
2.812000000000000000e+03
nan
nan
4.541100000000000000e+04
1.112500000000000000e+04
nan
nan
2.040000000000000000e+02
nan
nan
nan
6.000000000000000000e+02
1.933200000000000000e+04
3.094000000000000000e+03
nan
2.350300000000000000e+04
nan
2.420000000000000000e+02
nan
1.362000000000000000e+03
nan
2.792000000000000000e+03
1.724000000000000000e+03
nan
nan
nan
nan
nan
nan
nan
nan
6.008200000000000000e+04
nan
nan
4.989000000000000000e+03
3.432000000000000000e+03
5.173000000000000000e+03
7.635000000000000000e+03
1.318000000000000000e+03
2.000300000000000000e+04
nan
nan
4.133000000000000000e+03
1.543000000000000000e+03
nan
nan
nan
nan
6.899000000000000000e+03
nan
7.913000000000000000e+03
nan
nan
7.582000000000000000e+03
nan
nan
nan
2.662000000000000000e+03
5.458900000000000000e+04
nan
nan
nan
nan
nan
1.939700000000000000e+04
nan
nan
nan
nan
nan
nan
1.320000000000000000e+03
nan
1.481600000000000000e+04
nan
nan
8.935000000000000000e+03
2.050000000000000000e+02
nan
nan
nan
8.856000000000000000e+03
nan
nan
7.580000000000000000e+02
nan
nan
nan
5.790000000000000000e+03
nan
4.064000000000000000e+03
2.310000000000000000e+03
5.496000000000000000e+03
1.470400000000000000e+04
nan
nan
nan
nan
nan
nan
1.732000000000000000e+03
nan
2.664100000000000000e+04
nan
nan
nan
4.331000000000000000e+03
nan
nan
2.438600000000000000e+04
nan
2.280500000000000000e+04
nan
nan
nan
2.400000000000000000e+03
nan
nan
nan
nan
2.239000000000000000e+03
nan
1.242700000000000000e+04
2.212000000000000000e+03
3.150000000000000000e+03
4.810000000000000000e+03
2.833000000000000000e+03
nan
nan
nan
2.066300000000000000e+04
nan
5.424000000000000000e+03
nan
7.761500000000000000e+04
7.642000000000000000e+03
2.320000000000000000e+02
nan
4.648000000000000000e+03
nan
nan
nan
nan
7.404000000000000000e+03
2.953500000000000000e+04
nan
nan
nan
nan
nan
2.257000000000000000e+03
nan
nan
nan
nan
2.292000000000000000e+04
6.370000000000000000e+03
nan
nan
nan
3.586000000000000000e+03
nan
nan
nan
2.942000000000000000e+03
1.577000000000000000e+03
6.470000000000000000e+02
1.004000000000000000e+03
nan
4.619900000000000000e+04
nan
nan
nan
1.207500000000000000e+04
nan
nan
nan
1.777900000000000000e+04
nan
nan
nan
nan
nan
nan
nan
5.020000000000000000e+02
nan
9.346000000000000000e+03
1.395000000000000000e+03
8.713000000000000000e+03
nan
1.010000000000000000e+03
nan
nan
nan
nan
nan
nan
3.745000000000000000e+03
nan
nan
nan
9.793000000000000000e+03
nan
nan
nan
nan
2.651000000000000000e+03
nan
1.727000000000000000e+03
nan
nan
3.584000000000000000e+03
nan
nan
nan
nan
nan
nan
6.450000000000000000e+02
8.890000000000000000e+02
1.796000000000000000e+03
3.850000000000000000e+03
4.852000000000000000e+03
1.204000000000000000e+03
3.088000000000000000e+03
nan
nan
2.774000000000000000e+04
nan
nan
nan
nan
5.112000000000000000e+03
nan
1.758000000000000000e+03
1.703000000000000000e+03
nan
nan
3.960000000000000000e+02
nan
nan
1.717000000000000000e+03
nan
1.722000000000000000e+03
5.206000000000000000e+03
nan
nan
nan
nan
1.979300000000000000e+04
nan
nan
nan
nan
3.376000000000000000e+03
6.396000000000000000e+03
nan
nan
nan
nan
nan
nan
nan
nan
1.456000000000000000e+03
1.783500000000000000e+04
nan
nan
1.002000000000000000e+03
nan
nan
2.368000000000000000e+03
nan
5.808000000000000000e+03
1.758000000000000000e+03
5.725000000000000000e+03
nan
8.445000000000000000e+03
3.280000000000000000e+02
2.459800000000000000e+04
nan
1.031000000000000000e+03
2.074000000000000000e+03
nan
nan
nan
1.568000000000000000e+03
nan
nan
5.792000000000000000e+03
4.826000000000000000e+03
nan
nan
3.517000000000000000e+03
2.842000000000000000e+03
nan
1.249000000000000000e+03
nan
nan
1.552300000000000000e+04
9.600000000000000000e+02
nan
6.632000000000000000e+03
1.313000000000000000e+03
1.342600000000000000e+04
5.008000000000000000e+03
nan
nan
nan
8.600000000000000000e+02
nan
nan
nan
nan
nan
nan
nan
6.932000000000000000e+03
nan
nan
nan
8.488000000000000000e+03
nan
1.898000000000000000e+03
2.115000000000000000e+03
nan
nan
nan
nan
nan
1.340000000000000000e+03
nan
nan
nan
nan
1.527800000000000000e+04
nan
nan
nan
7.079000000000000000e+03
3.231000000000000000e+03
2.852600000000000000e+04
1.741000000000000000e+03
nan
nan
nan
1.320000000000000000e+03
nan
1.670000000000000000e+03
1.758000000000000000e+03
nan
6.771000000000000000e+03
1.496000000000000000e+03
nan
nan
2.200000000000000000e+02
nan
1.956600000000000000e+04
1.023700000000000000e+04
nan
nan
nan
1.087000000000000000e+03
nan
nan
nan
1.032000000000000000e+03
nan
1.718000000000000000e+03
nan
nan
nan
nan
nan
nan
7.063500000000000000e+04
1.733000000000000000e+03
nan
nan
nan
nan
nan
nan
2.679000000000000000e+03
1.720000000000000000e+03
7.749800000000000000e+04
nan
nan
nan
7.890000000000000000e+02
nan
3.932700000000000000e+04
nan
nan
nan
6.874000000000000000e+03
4.994600000000000000e+04
1.449600000000000000e+04
3.576000000000000000e+03
nan
nan
9.550000000000000000e+02
nan
nan
1.420700000000000000e+04
nan
nan
nan
2.972200000000000000e+04
nan
nan
nan
1.411900000000000000e+04
4.523000000000000000e+03
4.688000000000000000e+03
nan
nan
nan
nan
nan
nan
1.422200000000000000e+04
nan
1.118600000000000000e+04
2.438800000000000000e+04
nan
1.797000000000000000e+03
nan
nan
nan
1.732000000000000000e+03
6.891900000000000000e+04
nan
1.324000000000000000e+04
nan
nan
nan
nan
2.249000000000000000e+03
nan
6.660000000000000000e+02
2.161000000000000000e+03
8.275000000000000000e+03
2.403000000000000000e+03
nan
nan
2.041100000000000000e+04
8.284000000000000000e+03
nan
nan
1.908000000000000000e+03
5.413300000000000000e+04
nan
1.804800000000000000e+04
nan
nan
nan
nan
1.826000000000000000e+03
nan
9.076000000000000000e+03
nan
nan
2.713000000000000000e+04
nan
2.048000000000000000e+03
nan
nan
5.352000000000000000e+03
nan
nan
5.879000000000000000e+03
nan
nan
4.760000000000000000e+03
nan
nan
1.425700000000000000e+04
nan
nan
nan
4.106700000000000000e+04
nan
nan
nan
1.433700000000000000e+04
nan
nan
nan
3.082000000000000000e+03
7.080000000000000000e+03
6.970000000000000000e+02
1.149100000000000000e+04
nan
nan
nan
nan
nan
nan
nan
9.600000000000000000e+01
2.842000000000000000e+03
nan
2.922000000000000000e+03
3.100000000000000000e+02
4.173000000000000000e+03
nan
nan
nan
6.128000000000000000e+03
3.015400000000000000e+04
nan
nan
nan
3.620300000000000000e+04
4.986000000000000000e+03
nan
nan
nan
4.568600000000000000e+04
nan
nan
nan
nan
4.993000000000000000e+03
nan
1.362000000000000000e+03
2.166500000000000000e+04
3.758000000000000000e+03
5.848000000000000000e+03
nan
nan
1.516000000000000000e+03
nan
8.092000000000000000e+03
6.499000000000000000e+03
nan
nan
nan
nan
nan
nan
nan
nan
nan
nan
1.043000000000000000e+03
nan
nan
6.580000000000000000e+02
nan
nan
nan
1.678000000000000000e+03
1.520000000000000000e+02
3.360000000000000000e+03
nan
nan
nan
nan
nan
nan
1.549000000000000000e+03
1.328000000000000000e+03
nan
nan
3.348000000000000000e+03
5.147200000000000000e+04
nan
nan
1.078800000000000000e+04
nan
nan
nan
nan
nan
nan
1.665000000000000000e+03
nan
nan
nan
6.951000000000000000e+03
nan
2.947000000000000000e+03
nan
nan
nan
nan
nan
nan
nan
nan
nan
nan
nan
nan
9.083000000000000000e+03
nan
3.298700000000000000e+04
nan
1.260000000000000000e+04
4.843800000000000000e+04
5.200000000000000000e+03
nan
nan
nan
3.802000000000000000e+03
7.030000000000000000e+02
nan
3.940000000000000000e+03
nan
6.948000000000000000e+03
nan
nan
nan
3.252000000000000000e+03
nan
nan
nan
1.240000000000000000e+02
nan
nan
3.480000000000000000e+02
nan
4.285000000000000000e+03
nan
3.377000000000000000e+03
nan
nan
nan
nan
nan
nan
2.108000000000000000e+03
2.088000000000000000e+03
8.981000000000000000e+03
nan
nan
nan
nan
4.472000000000000000e+03
6.930500000000000000e+04
3.000000000000000000e+01
nan
nan
nan
nan
nan
1.389100000000000000e+04
nan
nan
6.097600000000000000e+04
nan
1.056100000000000000e+04
nan
nan
nan
nan
nan
nan
1.021400000000000000e+04
nan
2.751000000000000000e+03
nan
nan
8.000000000000000000e+02
1.544000000000000000e+03
nan
1.808700000000000000e+04
1.292700000000000000e+04
8.077900000000000000e+04
nan
3.816000000000000000e+03
nan
nan
nan
2.877000000000000000e+04
1.149000000000000000e+03
1.193000000000000000e+04
1.262400000000000000e+04
nan
1.208000000000000000e+03
nan
nan
nan
nan
nan
nan
nan
nan
nan
nan
3.552000000000000000e+03
nan
nan
nan
1.827000000000000000e+03
nan
5.016000000000000000e+03
1.763000000000000000e+03
4.876000000000000000e+03
1.475900000000000000e+04
nan
nan
nan
nan
nan
2.220000000000000000e+03
nan
nan
nan
nan
nan
nan
nan
nan
nan
nan
nan
nan
nan
nan
nan
7.080000000000000000e+02
nan
nan
2.098000000000000000e+03
nan
nan
nan
nan
1.459000000000000000e+03
nan
nan
8.693000000000000000e+03
nan
nan
nan
nan
2.600100000000000000e+04
nan
nan
nan
nan
2.120000000000000000e+03
nan
3.042000000000000000e+03
nan
nan
nan
nan
nan
nan
1.512000000000000000e+03
2.445000000000000000e+03
5.854000000000000000e+04
nan
1.746000000000000000e+03
9.720000000000000000e+02
1.146300000000000000e+04
nan
5.484900000000000000e+04
nan
1.691000000000000000e+03
5.619000000000000000e+03
nan
nan
nan
nan
nan
nan
nan
3.806000000000000000e+03
nan
nan
nan
7.526000000000000000e+03
2.876000000000000000e+03
3.450000000000000000e+03
6.879000000000000000e+03
nan
1.659100000000000000e+04
nan
nan
nan
nan
nan
nan
6.210000000000000000e+02
2.949000000000000000e+03
nan
nan
nan
5.444900000000000000e+04
nan
nan
4.248000000000000000e+03
nan
nan
nan
1.257000000000000000e+03
nan
nan
nan
nan
nan
nan
nan
nan
nan
nan
9.800000000000000000e+02
7.638000000000000000e+03
1.940000000000000000e+03
nan
nan
nan
nan
nan
nan
nan
3.583000000000000000e+03
nan
2.113100000000000000e+04
4.410000000000000000e+02
2.912000000000000000e+04
nan
3.328600000000000000e+04
nan
nan
3.317000000000000000e+03
2.402000000000000000e+03
nan
6.009000000000000000e+03
nan
nan
nan
nan
8.284000000000000000e+03
1.398000000000000000e+03
6.837000000000000000e+03
9.760000000000000000e+03
7.640000000000000000e+02
nan
5.225000000000000000e+03
nan
5.821000000000000000e+03
2.168000000000000000e+03
6.573000000000000000e+03
3.059000000000000000e+03
1.028800000000000000e+04
4.768000000000000000e+03
1.899000000000000000e+03
6.700000000000000000e+02
nan
1.712200000000000000e+04
nan
3.274000000000000000e+03
nan
nan
1.485000000000000000e+03
nan
nan
4.947000000000000000e+03
nan
5.800000000000000000e+01
3.200000000000000000e+01
nan
nan
1.492500000000000000e+04
nan
nan
nan
nan
nan
nan
nan
nan
nan
nan
nan
6.130000000000000000e+03
nan
1.768000000000000000e+03
nan
nan
8.112000000000000000e+03
4.295000000000000000e+03
nan
nan
nan
6.280000000000000000e+02
nan
1.061400000000000000e+04
nan
nan
1.360000000000000000e+04
5.797700000000000000e+04
nan
5.283600000000000000e+04
nan
nan
8.670000000000000000e+02
1.121100000000000000e+04
2.995300000000000000e+04
nan
nan
nan
4.473000000000000000e+03
2.615900000000000000e+04
nan
nan
5.320000000000000000e+03
nan
2.050000000000000000e+02
4.009000000000000000e+03
nan
nan
nan
1.020200000000000000e+04
nan
1.544400000000000000e+04
nan
nan
nan
9.540000000000000000e+02
nan
nan
nan
1.832000000000000000e+03
7.029000000000000000e+03
1.748000000000000000e+03
nan
nan
nan
nan
1.498000000000000000e+03
nan
nan
4.849300000000000000e+04
nan
nan
nan
2.206000000000000000e+03
nan
nan
5.262000000000000000e+03
nan
nan
nan
6.595000000000000000e+03
nan
2.113000000000000000e+03
nan
nan
nan
4.633100000000000000e+04
nan
nan
nan
nan
nan
nan
nan
nan
nan
nan
nan
nan
1.450000000000000000e+03
3.355200000000000000e+04
nan
nan
nan
1.233000000000000000e+04
nan
nan
2.384000000000000000e+03
nan
nan
nan
nan
nan
nan
nan
nan
1.732200000000000000e+04
1.690000000000000000e+03
nan
nan
nan
nan
1.320000000000000000e+04
nan
nan
nan
nan
nan
nan
nan
8.120000000000000000e+02
nan
4.675000000000000000e+03
1.070200000000000000e+04
nan
nan
nan
nan
nan
nan
nan
nan
nan
nan
4.428200000000000000e+04
nan
nan
2.800400000000000000e+04
8.780000000000000000e+02
2.508900000000000000e+04
nan
nan
6.325000000000000000e+03
nan
nan
6.149000000000000000e+03
nan
nan
1.218000000000000000e+03
5.784000000000000000e+03
nan
nan
nan
nan
nan
nan
nan
nan
nan
nan
nan
1.242600000000000000e+04
nan
nan
nan
4.416000000000000000e+03
nan
nan
nan
1.380000000000000000e+03
nan
nan
5.788000000000000000e+03
nan
nan
5.242000000000000000e+03
nan
nan
1.306000000000000000e+03
nan
nan
7.551000000000000000e+03
1.868000000000000000e+03
nan
9.384000000000000000e+03
8.559000000000000000e+03
nan
nan
nan
nan
nan
2.303100000000000000e+04
nan
nan
3.051000000000000000e+03
1.817000000000000000e+03
nan
1.475100000000000000e+04
2.508000000000000000e+04
nan
1.020200000000000000e+04
nan
nan
nan
nan
5.253000000000000000e+03
2.936000000000000000e+03
nan
nan
nan
nan
5.661000000000000000e+03
3.268000000000000000e+03
9.398000000000000000e+03
8.665000000000000000e+03
1.583600000000000000e+04
3.300000000000000000e+01
nan
3.120000000000000000e+02
5.304000000000000000e+03
nan
nan
7.238000000000000000e+03
6.400000000000000000e+02
2.424000000000000000e+03
4.850000000000000000e+02
nan
8.360000000000000000e+03
nan
nan
nan
nan
nan
nan
nan
nan
nan
nan
nan
3.218000000000000000e+03
nan
9.402000000000000000e+03
nan
nan
1.502000000000000000e+03
3.244000000000000000e+03
3.160000000000000000e+02
1.751100000000000000e+04
nan
nan
nan
2.041000000000000000e+03
nan
7.628000000000000000e+03
nan
2.022000000000000000e+03
nan
nan
nan
nan
nan
nan
nan
nan
2.050000000000000000e+02
1.245000000000000000e+03
7.058000000000000000e+03
2.569400000000000000e+04
nan
nan
nan
nan
nan
nan
9.021000000000000000e+04
nan
nan
6.657200000000000000e+04
1.608000000000000000e+03
1.740000000000000000e+03
7.018000000000000000e+03
nan
nan
nan
nan
nan
1.756000000000000000e+03
nan
nan
nan
1.722000000000000000e+03
nan
nan
nan
nan
nan
nan
nan
nan
4.360700000000000000e+04
nan
nan
nan
3.712000000000000000e+03
3.920200000000000000e+04
nan
8.739000000000000000e+03
4.211000000000000000e+03
nan
6.044000000000000000e+03
5.310000000000000000e+03
1.250000000000000000e+03
1.436200000000000000e+04
1.404000000000000000e+04
nan
2.731000000000000000e+03
nan
nan
nan
nan
nan
nan
nan
nan
3.443000000000000000e+03
nan
3.883200000000000000e+04
nan
5.056000000000000000e+03
nan
8.164000000000000000e+03
nan
nan
1.061000000000000000e+03
nan
nan
nan
nan
1.798000000000000000e+03
1.500200000000000000e+04
nan
3.216500000000000000e+04
nan
3.032000000000000000e+03
nan
2.504000000000000000e+03
3.040000000000000000e+03
nan
nan
nan
1.954600000000000000e+04
5.553000000000000000e+03
nan
nan
nan
1.007600000000000000e+04
nan
1.657000000000000000e+03
nan
1.866000000000000000e+03
nan
4.061000000000000000e+03
nan
nan
nan
nan
1.161900000000000000e+04
1.708800000000000000e+04
nan
4.649000000000000000e+03
nan
nan
nan
nan
nan
nan
nan
nan
5.930000000000000000e+02
nan
9.540000000000000000e+02
nan
1.600000000000000000e+02
1.532600000000000000e+04
nan
nan
nan
nan
1.856000000000000000e+03
nan
5.615000000000000000e+03
nan
nan
5.573000000000000000e+03
nan
1.000000000000000000e+00
nan
nan
3.183000000000000000e+03
nan
nan
1.327000000000000000e+03
nan
1.244000000000000000e+04
2.551000000000000000e+03
nan
3.408000000000000000e+03
3.226000000000000000e+03
nan
nan
nan
6.650500000000000000e+04
nan
nan
nan
1.504000000000000000e+03
nan
nan
nan
3.320000000000000000e+02
nan
3.756000000000000000e+03
9.815000000000000000e+03
1.435800000000000000e+04
nan
2.553000000000000000e+03
nan
nan
nan
1.732000000000000000e+03
4.377000000000000000e+03
nan
nan
nan
nan
nan
nan
nan
nan
nan
nan
nan
1.920000000000000000e+03
nan
nan
1.173000000000000000e+03
nan
3.073000000000000000e+03
nan
nan
nan
1.391100000000000000e+04
nan
2.645000000000000000e+03
3.813000000000000000e+03
1.620300000000000000e+04
nan
1.761000000000000000e+03
nan
nan
nan
nan
nan
nan
nan
nan
nan
nan
1.007070000000000000e+05
4.159500000000000000e+04
nan
nan
nan
2.974000000000000000e+03
4.554000000000000000e+03
nan
1.424000000000000000e+03
nan
1.485400000000000000e+04
3.184000000000000000e+03
nan
nan
nan
nan
1.546100000000000000e+04
8.000000000000000000e+02
nan
nan
nan
nan
3.982000000000000000e+03
1.642100000000000000e+04
3.410000000000000000e+03
nan
nan
nan
nan
nan
3.137200000000000000e+04
3.295000000000000000e+03
1.950000000000000000e+03
7.728000000000000000e+03
1.552000000000000000e+03
nan
3.704600000000000000e+04
nan
nan
nan
nan
nan
nan
nan
nan
nan
nan
9.255000000000000000e+03
2.918000000000000000e+03
nan
nan
nan
nan
nan
9.850000000000000000e+02
nan
nan
7.261000000000000000e+03
nan
1.538200000000000000e+04
2.635000000000000000e+03
nan
4.538000000000000000e+03
nan
1.232000000000000000e+03
1.270000000000000000e+02
nan
nan
nan
6.960000000000000000e+02
nan
nan
4.657400000000000000e+04
nan
nan
nan
nan
nan
nan
1.009000000000000000e+03
nan
nan
2.116400000000000000e+04
nan
nan
nan
nan
nan
nan
3.360000000000000000e+02
4.074000000000000000e+03
2.847000000000000000e+03
7.280000000000000000e+02
nan
8.365000000000000000e+03
3.450000000000000000e+03
nan
4.721000000000000000e+03
nan
nan
1.734000000000000000e+04
nan
3.835000000000000000e+03
nan
nan
nan
nan
nan
nan
6.512000000000000000e+03
nan
nan
8.700000000000000000e+02
nan
nan
9.049000000000000000e+03
nan
1.197700000000000000e+04
nan
nan
nan
nan
nan
8.280000000000000000e+02
nan
nan
1.662500000000000000e+04
nan
nan
4.320000000000000000e+02
nan
nan
nan
1.640000000000000000e+02
nan
nan
4.480000000000000000e+02
nan
1.903800000000000000e+04
1.653400000000000000e+04
nan
nan
nan
4.545000000000000000e+03
nan
nan
nan
nan
nan
9.001000000000000000e+03
nan
nan
4.668000000000000000e+03
6.171000000000000000e+03
nan
nan
nan
nan
2.605000000000000000e+03
1.320000000000000000e+03
nan
nan
7.738000000000000000e+03
nan
1.980200000000000000e+04
1.586000000000000000e+03
nan
6.168000000000000000e+03
nan
1.014100000000000000e+04
nan
nan
1.042100000000000000e+04
nan
nan
nan
nan
nan
nan
1.912000000000000000e+03
2.152000000000000000e+03
nan
nan
nan
1.640300000000000000e+04
nan
1.852000000000000000e+03
3.024000000000000000e+03
nan
1.074900000000000000e+04
nan
nan
1.730000000000000000e+03
nan
nan
nan
nan
nan
nan
nan
nan
nan
nan
4.255000000000000000e+03
nan
2.744000000000000000e+03
7.992000000000000000e+03
nan
nan
nan
nan
nan
nan
nan
nan
1.576000000000000000e+03
nan
nan
nan
nan
nan
6.463000000000000000e+03
nan
nan
nan
5.230000000000000000e+02
nan
nan
nan
nan
nan
nan
nan
nan
nan
nan
nan
nan
nan
nan
1.190000000000000000e+02
nan
nan
nan
nan
nan
nan
nan
nan
nan
4.835000000000000000e+03
nan
nan
4.240000000000000000e+03
nan
nan
2.244000000000000000e+03
nan
nan
nan
nan
nan
nan
nan
1.528000000000000000e+03
nan
nan
nan
3.189000000000000000e+03
1.920400000000000000e+04
nan
nan
1.111200000000000000e+04
nan
nan
nan
nan
nan
nan
6.662000000000000000e+03
6.128000000000000000e+03
nan
nan
4.811700000000000000e+04
nan
nan
nan
nan
nan
nan
9.740000000000000000e+02
5.407900000000000000e+04
nan
6.640000000000000000e+03
nan
3.472000000000000000e+03
nan
nan
1.632000000000000000e+03
nan
nan
nan
nan
nan
nan
nan
1.056000000000000000e+03
nan
nan
nan
2.756000000000000000e+03
nan
1.421000000000000000e+03
2.727000000000000000e+03
nan
1.800000000000000000e+03
3.020000000000000000e+02
nan
1.095500000000000000e+04
9.950000000000000000e+03
nan
nan
2.724000000000000000e+03
1.173000000000000000e+03
nan
nan
6.757000000000000000e+03
nan
nan
nan
6.300000000000000000e+02
4.544000000000000000e+03
nan
1.739100000000000000e+04
2.705100000000000000e+04
2.346000000000000000e+03
3.058000000000000000e+03
nan
nan
nan
nan
nan
nan
nan
nan
8.850000000000000000e+02
nan
nan
nan
4.560000000000000000e+02
nan
3.344000000000000000e+03
nan
3.080000000000000000e+03
1.017300000000000000e+04
5.420000000000000000e+02
2.465000000000000000e+03
3.841400000000000000e+04
nan
nan
nan
nan
3.985000000000000000e+03
nan
nan
3.192000000000000000e+03
3.369100000000000000e+04
nan
nan
2.860300000000000000e+04
1.730300000000000000e+04
nan
nan
nan
2.560000000000000000e+03
nan
3.138100000000000000e+04
nan
nan
1.238000000000000000e+03
nan
nan
5.810000000000000000e+02
4.186000000000000000e+03
2.553300000000000000e+04
1.600000000000000000e+03
nan
nan
nan
7.500000000000000000e+02
8.982000000000000000e+03
nan
nan
nan
nan
nan
2.833500000000000000e+04
nan
nan
1.192000000000000000e+03
nan
nan
1.080000000000000000e+03
nan
nan
8.408000000000000000e+03
nan
2.735000000000000000e+03
8.229000000000000000e+03
nan
nan
5.674000000000000000e+03
nan
5.296000000000000000e+03
nan
nan
nan
5.908000000000000000e+03
2.758000000000000000e+03
5.040000000000000000e+02
1.736000000000000000e+03
3.088000000000000000e+03
1.220700000000000000e+04
nan
nan
nan
nan
nan
4.780000000000000000e+02
nan
4.180000000000000000e+02
nan
nan
nan
1.380000000000000000e+03
nan
8.230000000000000000e+03
5.175000000000000000e+03
nan
nan
nan
nan
1.600000000000000000e+02
1.349900000000000000e+04
3.167000000000000000e+03
nan
4.654200000000000000e+04
8.051000000000000000e+03
1.869700000000000000e+04
4.323000000000000000e+03
nan
nan
4.077700000000000000e+04
nan
nan
nan
nan
nan
3.893000000000000000e+03
nan
nan
nan
nan
7.440000000000000000e+02
nan
1.266000000000000000e+04
nan
1.083200000000000000e+04
nan
nan
1.934000000000000000e+03
2.285000000000000000e+03
9.572000000000000000e+03
1.447800000000000000e+04
3.490000000000000000e+03
8.320000000000000000e+03
nan
nan
nan
1.673000000000000000e+03
2.358000000000000000e+03
nan
nan
nan
4.454400000000000000e+04
nan
nan
nan
nan
nan
2.303000000000000000e+03
nan
8.810000000000000000e+02
nan
nan
nan
nan
1.983000000000000000e+03
nan
1.744000000000000000e+03
3.896000000000000000e+03
nan
1.431400000000000000e+04
nan
nan
4.318000000000000000e+03
nan
nan
nan
nan
nan
nan
2.354000000000000000e+03
nan
1.718400000000000000e+04
3.534000000000000000e+03
nan
nan
nan
1.073230000000000000e+05
nan
nan
nan
nan
nan
1.674500000000000000e+04
nan
nan
1.212500000000000000e+04
9.023000000000000000e+03
nan
nan
nan
nan
nan
nan
nan
2.680000000000000000e+02
nan
nan
5.114000000000000000e+03
nan
1.332100000000000000e+04
4.400000000000000000e+01
nan
1.900700000000000000e+04
nan
nan
nan
nan
nan
nan
4.899000000000000000e+03
nan
2.785000000000000000e+03
2.662000000000000000e+03
nan
nan
nan
nan
7.830000000000000000e+02
7.847000000000000000e+03
9.023000000000000000e+03
nan
nan
9.465000000000000000e+03
6.011900000000000000e+04
nan
nan
nan
nan
nan
1.554000000000000000e+03
nan
1.909100000000000000e+04
9.839000000000000000e+03
nan
2.225000000000000000e+03
nan
nan
nan
nan
nan
nan
nan
nan
nan
5.389500000000000000e+04
1.868000000000000000e+03
1.846000000000000000e+03
nan
1.150200000000000000e+04
nan
nan
nan
nan
nan
1.718000000000000000e+03
nan
1.356000000000000000e+03
9.390000000000000000e+03
9.602000000000000000e+03
nan
1.465900000000000000e+04
nan
1.420000000000000000e+03
nan
nan
6.880000000000000000e+03
nan
nan
1.768000000000000000e+03
nan
nan
nan
nan
2.213900000000000000e+04
4.544400000000000000e+04
nan
nan
nan
nan
nan
nan
6.990000000000000000e+02
nan
nan
nan
8.412000000000000000e+03
3.474000000000000000e+03
nan
nan
1.544000000000000000e+03
nan
nan
nan
nan
4.856200000000000000e+04
nan
1.153100000000000000e+04
nan
nan
1.660000000000000000e+02
nan
8.910000000000000000e+03
1.768000000000000000e+03
8.461000000000000000e+03
nan
5.600000000000000000e+03
nan
1.888000000000000000e+03
8.246300000000000000e+04
nan
nan
nan
nan
nan
nan
nan
3.576000000000000000e+03
nan
8.120000000000000000e+02
1.760000000000000000e+02
nan
nan
nan
5.172600000000000000e+04
1.957700000000000000e+04
nan
nan
nan
nan
nan
2.536000000000000000e+03
1.782000000000000000e+03
7.877000000000000000e+03
8.503000000000000000e+03
6.207000000000000000e+03
nan
3.397000000000000000e+03
nan
nan
nan
7.240000000000000000e+02
nan
4.793000000000000000e+03
nan
nan
3.493000000000000000e+03
nan
7.260000000000000000e+02
1.760000000000000000e+03
1.580000000000000000e+02
nan
nan
2.300000000000000000e+02
1.782600000000000000e+04
nan
nan
nan
nan
nan
nan
nan
3.216000000000000000e+03
nan
5.984000000000000000e+03
8.040000000000000000e+03
nan
nan
nan
nan
1.538000000000000000e+03
nan
nan
nan
nan
9.420000000000000000e+02
5.500000000000000000e+03
nan
nan
nan
1.898000000000000000e+03
nan
nan
nan
nan
nan
nan
nan
1.807000000000000000e+03
nan
nan
3.344000000000000000e+03
7.180000000000000000e+02
2.729000000000000000e+03
8.749000000000000000e+03
nan
1.696000000000000000e+03
nan
nan
4.046000000000000000e+03
nan
7.229000000000000000e+03
nan
nan
nan
nan
8.887000000000000000e+03
6.642300000000000000e+04
1.400000000000000000e+03
6.276000000000000000e+03
nan
nan
nan
nan
nan
1.202000000000000000e+03
nan
nan
nan
nan
nan
nan
nan
2.223000000000000000e+03
nan
nan
nan
4.717000000000000000e+03
7.000000000000000000e+03
5.785000000000000000e+03
nan
1.057000000000000000e+03
nan
nan
nan
nan
nan
nan
1.024000000000000000e+03
1.322000000000000000e+03
nan
nan
nan
nan
4.127000000000000000e+03
nan
nan
2.920000000000000000e+02
3.249000000000000000e+03
3.211000000000000000e+03
nan
nan
nan
1.568000000000000000e+03
nan
nan
nan
nan
nan
nan
nan
nan
nan
1.556800000000000000e+04
nan
nan
nan
nan
nan
nan
2.169600000000000000e+04
nan
1.087600000000000000e+04
3.826000000000000000e+03
nan
nan
4.592000000000000000e+03
1.639000000000000000e+03
nan
nan
nan
nan
nan
nan
nan
nan
nan
8.587400000000000000e+04
2.100400000000000000e+04
nan
nan
nan
nan
5.195000000000000000e+03
1.147800000000000000e+04
nan
nan
1.119800000000000000e+04
nan
6.305000000000000000e+03
nan
1.089200000000000000e+04
nan
nan
nan
nan
2.100000000000000000e+03
nan
8.231000000000000000e+03
6.050000000000000000e+02
nan
nan
3.896000000000000000e+03
nan
5.708000000000000000e+03
nan
nan
nan
nan
1.122000000000000000e+03
1.456800000000000000e+04
nan
nan
nan
nan
6.050000000000000000e+02
nan
nan
nan
8.105000000000000000e+03
nan
9.090000000000000000e+02
nan
nan
nan
nan
nan
4.062000000000000000e+03
nan
1.756000000000000000e+03
nan
5.437000000000000000e+03
nan
nan
nan
nan
nan
nan
nan
nan
4.125000000000000000e+03
nan
nan
nan
nan
nan
nan
nan
nan
nan
nan
nan
nan
nan
3.195000000000000000e+03
1.590000000000000000e+04
nan
nan
1.167000000000000000e+03
4.161000000000000000e+03
1.663000000000000000e+03
nan
9.160000000000000000e+02
nan
2.021100000000000000e+04
nan
8.768000000000000000e+03
nan
nan
1.449000000000000000e+03
1.696000000000000000e+03
nan
1.932000000000000000e+03
5.353400000000000000e+04
nan
nan
9.232000000000000000e+03
nan
nan
nan
nan
1.720100000000000000e+04
1.310200000000000000e+04
nan
nan
2.276000000000000000e+03
nan
nan
nan
1.471000000000000000e+03
nan
nan
3.465000000000000000e+03
nan
nan
nan
nan
nan
1.600000000000000000e+02
3.904000000000000000e+03
nan
nan
nan
nan
nan
nan
nan
nan
nan
3.446000000000000000e+03
1.045000000000000000e+03
nan
nan
1.170200000000000000e+05
nan
nan
nan
3.154400000000000000e+04
nan
nan
4.140000000000000000e+02
nan
nan
nan
2.132000000000000000e+04
7.400000000000000000e+02
nan
nan
1.089300000000000000e+04
8.700000000000000000e+02
nan
nan
1.152000000000000000e+04
nan
nan
9.941000000000000000e+03
2.090600000000000000e+04
1.739600000000000000e+04
nan
nan
nan
nan
nan
3.303000000000000000e+03
4.612000000000000000e+04
1.180600000000000000e+04
nan
nan
4.324000000000000000e+03
nan
nan
nan
nan
1.749000000000000000e+03
nan
nan
nan
nan
6.847000000000000000e+03
5.194700000000000000e+04
nan
7.280000000000000000e+02
nan
2.890000000000000000e+03
2.950900000000000000e+04
nan
nan
nan
nan
nan
nan
7.041000000000000000e+03
nan
nan
nan
nan
nan
nan
nan
nan
nan
nan
3.892000000000000000e+03
nan
3.450000000000000000e+03
2.297000000000000000e+03
2.669600000000000000e+04
nan
nan
6.238000000000000000e+03
nan
nan
1.161200000000000000e+04
nan
2.219200000000000000e+04
nan
1.346000000000000000e+04
8.960000000000000000e+02
1.943000000000000000e+03
nan
nan
nan
2.499000000000000000e+03
nan
nan
nan
5.452600000000000000e+04
4.362300000000000000e+04
nan
3.171000000000000000e+03
1.276000000000000000e+03
nan
nan
nan
7.300000000000000000e+02
nan
3.770800000000000000e+04
4.696000000000000000e+03
nan
nan
1.239000000000000000e+03
1.609900000000000000e+04
1.968000000000000000e+03
nan
nan
nan
1.104000000000000000e+03
3.042800000000000000e+04
nan
nan
1.440000000000000000e+03
nan
nan
nan
1.678000000000000000e+03
5.139000000000000000e+03
nan
nan
nan
nan
1.811000000000000000e+03
nan
nan
1.374000000000000000e+03
1.040000000000000000e+02
nan
1.713500000000000000e+04
nan
nan
nan
nan
nan
nan
nan
nan
1.608000000000000000e+03
3.630000000000000000e+03
nan
4.905700000000000000e+04
nan
2.047700000000000000e+04
1.920000000000000000e+02
nan
2.444000000000000000e+03
nan
nan
9.224000000000000000e+03
nan
nan
nan
nan
nan
nan
nan
1.695000000000000000e+03
nan
1.383000000000000000e+03
nan
2.792000000000000000e+03
3.552000000000000000e+03
2.309000000000000000e+03
7.600000000000000000e+01
1.992000000000000000e+03
nan
nan
nan
2.284000000000000000e+03
nan
nan
nan
nan
9.280000000000000000e+03
4.732000000000000000e+03
nan
nan
nan
nan
6.930000000000000000e+02
nan
nan
nan
2.651000000000000000e+03
3.066500000000000000e+04
nan
3.208000000000000000e+03
8.730000000000000000e+02
nan
nan
nan
6.305000000000000000e+03
nan
nan
1.624300000000000000e+04
9.668000000000000000e+03
nan
nan
4.029000000000000000e+03
4.458000000000000000e+03
nan
nan
3.790000000000000000e+02
nan
nan
nan
1.380000000000000000e+03
7.339000000000000000e+03
2.136000000000000000e+03
nan
nan
5.274000000000000000e+03
nan
4.706000000000000000e+03
1.956700000000000000e+04
7.497000000000000000e+03
nan
nan
nan
nan
nan
nan
1.126400000000000000e+04
nan
nan
nan
1.200000000000000000e+03
nan
nan
2.335000000000000000e+03
