1.220824499999999971e+05
1.903402000000000044e+04
4.045500000000000114e+02
1.422240000000000009e+03
1.804752999999999884e+04
4.616691000000000349e+04
5.747130000000000109e+03
1.006429000000000087e+04
1.356198999999999978e+04
1.014512000000000080e+04
5.066159999999999854e+04
1.493428500000000058e+05
6.445299999999999727e+02
2.169749000000000160e+04
4.618852999999999884e+04
1.858960000000000036e+03
5.208000000000000000e+03
3.510016000000000349e+04
7.781430000000000291e+03
2.417486000000000058e+04
6.143840000000000146e+04
2.388261999999999898e+04
4.856954000000000087e+04
6.468630000000000109e+03
1.214121699999999983e+05
8.750000000000000000e+02
7.836289999999999964e+03
7.930499999999999545e+02
1.069500000000000000e+04
7.111441000000000349e+04
2.361374299999999930e+05
3.473237000000000262e+04
8.842000000000000455e+02
1.238857999999999993e+04
4.421165000000000146e+04
6.854579999999999927e+03
1.879109000000000015e+04
5.014960000000000036e+03
1.893334000000000015e+04
1.654450000000000045e+03
3.878245999999999913e+04
2.412002000000000044e+04
3.290912999999999738e+04
1.316354000000000087e+04
1.120600000000000000e+04
1.825990000000000146e+04
1.284396900000000023e+05
4.488449999999999818e+03
9.317000000000000000e+03
7.895479999999999563e+03
3.032250999999999840e+04
1.693779999999999973e+03
3.340812999999999738e+04
4.860025000000000000e+04
3.955250000000000000e+04
5.400000000000000000e+03
7.922461999999999534e+04
1.009000000000000000e+04
1.032179000000000087e+04
3.297855000000000291e+04
2.432825999999999840e+04
7.047005999999999767e+04
2.158627999999999884e+04
1.198199999999999932e+02
2.830000000000000000e+03
1.016767200000000012e+05
3.837365000000000146e+04
1.997700000000000102e+02
1.226450000000000045e+03
6.045040000000000146e+04
1.680994400000000023e+05
1.236711000000000058e+04
2.522190000000000055e+03
1.837400000000000000e+04
9.767588999999999942e+04
4.626390000000000327e+03
3.556505999999999767e+04
2.513706999999999971e+04
8.242909999999999854e+03
3.714100000000000250e+02
3.794949999999999818e+03
3.505625000000000000e+04
7.346322000000000116e+04
1.068619999999999891e+03
5.821649999999999636e+03
8.708000000000000000e+03
8.413878999999999360e+04
1.376479999999999927e+04
7.267000000000000000e+03
1.171800000000000000e+05
2.712975000000000000e+04
1.997183000000000175e+04
1.908647000000000116e+04
1.014800000000000040e+02
8.483999999999999773e+02
9.638569999999999709e+03
1.180046999999999935e+04
2.251320000000000073e+04
1.172217500000000000e+05
3.000000000000000000e+04
7.699989999999999782e+03
9.729519999999999709e+04
2.921390000000000146e+04
1.114507100000000064e+05
6.679144000000000233e+04
2.761719999999999800e+03
2.627815000000000146e+04
3.486659400000000023e+05
8.503770000000000437e+03
6.103600000000000136e+02
5.200000000000000000e+02
1.167901000000000022e+04
9.613659999999999854e+03
8.040000000000000000e+03
2.502899999999999920e+02
2.640000000000000000e+04
1.295900000000000091e+03
1.944600000000000000e+04
1.771777000000000044e+04
4.785716199999999953e+05
1.924740000000000146e+04
9.520030000000000655e+03
1.370000000000000000e+02
4.341819999999999709e+03
2.312441999999999825e+04
5.550000000000000000e+03
2.660000000000000000e+04
2.458300000000000000e+04
1.534154000000000087e+04
3.539451000000000204e+04
1.295809999999999945e+03
5.810183999999999651e+04
4.485840000000000146e+03
4.380949999999999818e+03
1.573460000000000036e+04
7.804779999999999745e+03
3.048800000000000000e+04
3.957690000000000055e+03
7.577470000000000255e+03
1.612640000000000100e+03
2.397219999999999800e+03
2.026138999999999942e+04
1.466000000000000000e+04
4.485000000000000142e+01
6.000300000000000182e+03
7.959000000000000000e+03
7.358010000000000218e+03
1.346400000000000000e+04
7.378583000000000175e+04
1.204042700000000041e+05
7.151279999999999745e+03
2.078993999999999869e+04
1.031227000000000044e+04
7.276300000000000000e+04
1.448490000000000009e+03
6.537506999999999971e+04
1.080000000000000000e+04
6.176720000000000255e+03
1.256650000000000000e+04
5.772575000000000000e+04
3.546966000000000349e+04
4.582058000000000175e+04
1.306089999999999964e+04
1.318852399999999907e+05
2.889731000000000131e+04
5.995486000000000058e+04
2.700574000000000160e+04
4.185300000000000000e+04
2.088679000000000087e+04
4.847599999999999909e+02
1.078779999999999973e+03
5.806455999999999767e+04
2.272668999999999869e+04
3.477483000000000175e+04
4.588939999999999600e+03
6.953979999999999563e+03
5.010000000000000000e+04
1.330300000000000011e+02
1.365091499999999942e+05
2.121918999999999869e+04
9.251840000000000146e+03
2.482320999999999913e+04
1.653289999999999964e+03
1.961261999999999898e+04
4.978920000000000073e+03
4.488169000000000233e+04
1.555529999999999973e+03
2.525043000000000029e+04
1.657724000000000160e+04
3.781281999999999971e+04
3.209286000000000058e+04
4.958700000000000045e+02
1.649099999999999966e+02
1.306410000000000082e+03
2.425756999999999971e+04
7.671090000000000146e+03
2.853924000000000160e+04
1.997199999999999989e+02
3.058956000000000131e+04
9.030420000000000073e+03
1.418200000000000000e+04
6.594399999999999636e+03
3.862200000000000273e+02
3.360019999999999982e+03
3.071211000000000058e+04
1.442401000000000022e+04
6.000000000000000000e+03
5.193051000000000204e+04
2.377256000000000131e+04
1.730000000000000000e+02
2.830000000000000000e+03
2.781999000000000160e+04
7.521960000000000036e+03
1.980043999999999869e+04
4.344060000000000400e+03
7.600471000000000640e+04
6.380470000000000255e+03
2.496988000000000102e+04
9.510225000000000000e+04
9.383500000000000000e+03
9.566499999999999773e+02
1.089374600000000064e+05
1.631205999999999949e+04
1.710777999999999884e+04
1.393546999999999935e+04
1.167049999999999955e+03
1.017120000000000005e+03
1.733680000000000064e+03
3.787133000000000175e+04
1.934470999999999913e+04
3.864599999999999795e+02
5.250223000000000320e+04
4.945401999999999680e+04
1.022530999999999949e+04
1.085679999999999927e+04
8.600000000000000000e+03
7.968000000000000000e+03
4.392105999999999767e+04
1.888586999999999898e+04
1.224146999999999935e+04
8.326180999999999767e+04
3.708000000000000000e+04
6.723192999999999302e+04
2.194149100000000035e+05
2.696449000000000160e+04
3.611890000000000146e+04
1.390000000000000000e+04
4.582999999999999829e+01
9.670000000000000000e+02
4.158726999999999680e+04
6.643859999999999673e+03
1.118271999999999935e+04
2.230000000000000000e+04
4.860000000000000000e+03
6.512000000000000000e+04
3.532590000000000146e+03
2.153011000000000058e+04
6.672899999999999636e+02
7.200949999999999818e+03
2.219300000000000000e+04
6.209859999999999673e+03
8.718700000000000728e+03
2.652049600000000210e+05
2.645199999999999818e+02
1.510678000000000065e+04
1.571854999999999927e+04
1.599844000000000051e+04
1.533971999999999935e+04
1.126361000000000058e+04
2.375113999999999942e+04
8.762500000000000000e+04
1.309131999999999971e+04
2.809000000000000000e+03
5.080840000000000146e+03
1.268937000000000080e+04
2.040000000000000000e+04
2.817030000000000200e+03
1.870627600000000093e+05
1.551838999999999942e+04
8.719569999999999709e+03
2.374030700000000070e+05
4.190394999999999709e+04
2.161030000000000200e+03
5.510099999999999909e+02
5.785199999999999818e+02
1.498000000000000000e+04
2.048450000000000000e+04
3.596694000000000233e+04
3.320000000000000000e+02
3.856999999999999886e+02
1.704502000000000044e+04
1.550738999999999942e+04
2.677513999999999942e+04
8.142450000000000000e+04
6.200599999999999454e+02
1.920000000000000000e+03
3.590601999999999680e+04
5.534020000000000437e+03
3.808944000000000233e+04
5.044726999999999680e+04
7.301369999999999891e+03
1.747145000000000073e+04
2.551068999999999869e+04
2.504593000000000029e+04
3.002738000000000102e+04
3.160199999999999818e+02
2.086579999999999927e+04
3.801800000000000068e+02
2.501409999999999854e+03
6.741396000000000640e+04
1.052562000000000080e+04
1.641345000000000073e+04
1.800000000000000000e+03
1.310600000000000000e+04
9.313629999999999200e+03
5.842100000000000364e+03
3.164380000000000109e+03
1.296777000000000044e+04
1.189603099999999977e+05
8.404975999999999476e+04
6.221220000000000255e+03
6.761438999999999942e+04
9.917100000000000364e+02
2.834306000000000131e+04
2.013758000000000175e+04
1.538000000000000000e+03
1.998279999999999973e+03
9.982999999999999829e+01
3.172436999999999898e+04
1.792240999999999985e+04
1.679769999999999982e+03
2.800000000000000000e+03
2.416018000000000029e+04
4.259600000000000000e+04
2.000000000000000042e-02
8.866391000000000349e+04
5.526204000000000087e+04
1.127168000000000029e+04
3.671945999999999913e+04
7.860920000000000073e+03
3.144127000000000044e+04
1.353609999999999900e+03
1.993380000000000109e+03
1.103051000000000022e+04
9.293200000000000500e+02
1.280071999999999935e+04
1.901930000000000064e+03
3.403287000000000262e+04
3.273311999999999898e+04
2.033358000000000175e+04
5.792090000000000146e+03
2.148199999999999932e+02
2.479734000000000015e+04
2.322108000000000175e+04
4.305270000000000437e+03
2.703325999999999840e+04
5.653209999999999854e+04
1.793856999999999971e+04
1.658681999999999971e+04
5.234680000000000291e+04
4.164300000000000182e+03
1.498220000000000027e+03
1.725761000000000058e+04
5.970000000000000000e+02
7.272739999999999782e+03
5.287156999999999971e+04
7.179140000000000327e+03
4.408016000000000349e+04
4.877185200000000186e+05
1.402700000000000102e+02
2.130219999999999800e+03
9.289840000000000146e+03
1.859775000000000000e+04
1.777899000000000160e+04
2.964400000000000000e+04
3.054359999999999854e+04
1.473440000000000055e+03
5.189608999999999651e+04
7.315289999999999964e+03
1.418923999999999978e+04
3.935673000000000320e+04
2.936913999999999942e+04
3.545431999999999971e+04
2.890059999999999945e+03
7.831069999999999709e+03
1.949986999999999898e+04
2.020289999999999964e+03
8.243208999999999651e+04
1.253529999999999927e+04
5.940099999999999909e+02
3.415359999999999854e+04
2.300000000000000000e+03
5.834149999999999636e+03
6.792000000000000455e+02
1.897100000000000080e+02
2.917206000000000131e+04
1.277519999999999982e+03
1.216569999999999936e+03
1.200000000000000000e+04
6.944829999999999927e+03
1.992922000000000116e+04
2.419900000000000091e+02
4.826970000000000255e+03
4.323140000000000327e+03
1.162000000000000000e+04
9.496940000000000509e+03
2.982440999999999985e+04
1.043071999999999935e+04
4.437200000000000273e+02
4.259029000000000087e+04
8.245800000000000000e+04
7.380000000000000000e+02
1.160000000000000000e+04
1.814488999999999942e+04
4.306566999999999825e+04
1.253064999999999964e+04
2.009684999999999854e+04
1.806420000000000073e+03
1.534470000000000073e+04
1.175094000000000051e+04
5.641265000000000146e+04
6.708760000000000218e+03
1.002671999999999935e+04
6.605700000000000500e+02
7.647699999999999818e+02
3.282699999999999818e+02
1.840925000000000000e+04
1.438769999999999982e+03
4.310000000000000000e+02
1.501339999999999964e+04
2.799245000000000073e+04
4.887210000000000036e+03
3.719644000000000233e+04
6.610000000000000000e+02
4.959130000000000291e+04
3.186170000000000073e+04
7.436799999999999500e+02
2.323500999999999840e+04
4.826970000000000255e+03
1.831799999999999955e+03
1.303987000000000080e+04
4.343439999999999600e+03
1.959554000000000087e+04
2.628477999999999884e+04
3.200000000000000000e+02
5.953961000000000058e+04
1.936599999999999966e+02
1.698200000000000000e+04
5.000000000000000000e+03
3.087888999999999942e+04
1.562493000000000029e+04
4.028758999999999651e+04
8.900000000000000000e+01
4.847699999999999818e+03
4.919902299999999814e+05
7.413500000000000000e+03
7.173539999999999964e+03
4.431890000000000327e+03
2.373610000000000127e+03
3.136329000000000087e+04
4.620401000000000204e+04
3.776000000000000000e+03
9.658319999999999709e+03
3.712710000000000036e+03
6.973291000000000349e+04
2.429202000000000044e+04
1.868090999999999985e+04
2.101818900000000140e+05
4.402930000000000291e+03
1.645881999999999971e+04
1.475470000000000027e+03
7.823819999999999709e+03
2.861200000000000045e+02
7.415791000000000349e+04
8.376340000000000146e+03
1.305369000000000051e+04
1.050187000000000080e+04
5.996668000000000029e+04
1.511802000000000044e+04
3.750605999999999767e+04
1.602739999999999964e+04
2.283059999999999945e+03
3.042000000000000000e+03
6.001599999999999682e+02
2.360538000000000102e+04
2.003759999999999991e+03
1.031104000000000087e+04
4.055889999999999873e+03
6.247102999999999884e+04
1.410399999999999920e+02
1.420300000000000000e+04
1.164420000000000073e+03
2.700000000000000000e+04
1.428179000000000087e+04
7.790849000000000524e+04
1.034639999999999964e+04
7.737699999999999818e+03
7.227260000000000218e+03
6.163875000000000000e+04
1.477436000000000058e+04
1.066426000000000022e+04
1.470680000000000064e+03
2.568400000000000000e+04
1.979868000000000029e+04
4.907759999999999854e+04
5.407970000000000255e+03
1.152414999999999964e+04
1.157025000000000000e+04
1.117319999999999936e+03
3.509051000000000204e+04
2.381000000000000000e+03
1.634460000000000036e+04
2.585639999999999873e+03
1.282130999999999949e+04
5.514900000000000091e+02
6.426439999999999600e+03
6.083840000000000146e+03
8.632000000000000000e+03
1.039181999999999971e+04
7.422500000000000000e+02
4.842010000000000218e+03
1.149659000000000015e+04
2.046261999999999898e+04
1.021621900000000023e+05
1.222349499999999971e+05
4.336301000000000204e+04
7.833960000000000036e+03
4.571960000000000036e+03
3.575960000000000036e+03
7.929527000000000407e+04
2.320699999999999932e+02
3.283888999999999942e+04
1.464110000000000036e+04
4.845420000000000073e+03
2.746729000000000087e+04
1.168722999999999956e+04
2.015909999999999854e+04
2.350000000000000000e+03
1.118105000000000000e+05
3.911500000000000000e+04
8.782200000000000728e+03
1.563807999999999993e+04
1.917438999999999942e+04
1.291619999999999891e+03
2.200125999999999840e+04
4.198779999999999745e+03
2.456360000000000127e+03
3.773199999999999932e+02
6.967010000000000218e+03
8.164483999999999651e+04
1.585863999999999942e+04
2.274284000000000015e+04
1.477400000000000000e+04
2.005339999999999918e+03
2.272059999999999945e+03
2.285145999999999913e+04
1.767000000000000000e+04
5.082568000000000029e+04
8.019039999999999964e+03
1.318530999999999949e+04
4.111479999999999563e+03
3.888000000000000000e+03
1.105590999999999985e+04
6.517427999999999884e+04
3.266829999999999927e+03
7.400000000000000000e+03
2.975534999999999854e+04
6.167919000000000233e+04
6.365170000000000073e+03
1.302844000000000051e+04
9.282000000000000000e+03
1.359329999999999927e+03
4.793420000000000073e+03
1.859999000000000160e+04
1.695038000000000102e+04
1.298944000000000051e+04
6.535859999999999673e+03
4.206000000000000000e+04
5.999700000000000273e+02
5.285739999999999782e+03
9.312638999999999942e+04
4.061614699999999721e+05
1.822897000000000116e+04
1.647500000000000000e+04
2.069190000000000055e+03
3.154349999999999909e+03
5.804556999999999971e+04
1.436667000000000007e+04
1.536509100000000035e+05
7.191699999999999591e+02
5.289629000000000087e+04
5.145909999999999854e+03
9.988219999999999345e+03
6.792496000000000640e+04
5.251126999999999680e+04
3.334900000000000091e+02
3.277498000000000320e+04
1.079998999999999978e+04
2.882449999999999818e+03
4.302237000000000262e+04
4.729199999999999818e+03
1.022326000000000022e+04
1.419957999999999993e+04
3.396052999999999884e+04
1.123369999999999891e+03
4.474737999999999738e+04
1.983899999999999864e+02
2.176559000000000015e+04
1.007080000000000041e+03
2.590218000000000029e+04
1.093287999999999920e+04
3.337266000000000349e+04
2.652879999999999927e+04
4.914420599999999977e+05
4.634526000000000204e+04
1.239445000000000073e+04
1.221403000000000065e+04
9.407400000000000091e+02
1.636495000000000073e+04
8.880000000000000000e+03
3.588600000000000136e+02
7.918050000000000182e+03
1.590352399999999907e+05
1.320500000000000114e+02
1.087759999999999991e+03
4.948572000000000116e+04
2.133540999999999985e+04
2.809256000000000131e+04
1.781970000000000027e+03
1.504069000000000051e+04
8.745205000000000291e+04
1.552861000000000058e+04
1.171057999999999993e+04
9.023000000000000398e+01
1.247267899999999936e+05
2.139763999999999942e+04
4.262179000000000087e+04
2.752552999999999884e+04
1.376707999999999993e+04
4.461105999999999767e+04
3.370490000000000146e+04
6.885689999999999600e+03
2.711422999999999956e+04
1.499959000000000015e+04
1.442377000000000116e+05
1.518730999999999949e+04
8.559744000000000233e+04
2.465999999999999943e+02
2.673000000000000000e+03
2.053260000000000218e+03
2.330500000000000114e+02
4.842399999999999636e+03
1.598140000000000100e+03
1.067292799999999988e+05
6.099937999999999738e+04
4.178460000000000036e+03
4.590863999999999942e+04
1.067866399999999994e+05
3.116097999999999956e+04
3.168315000000000146e+04
6.324504000000000087e+04
6.289470000000000255e+03
1.740000000000000000e+04
1.325533800000000047e+05
4.022599999999999909e+03
4.604829999999999927e+03
3.318426999999999680e+04
1.668300000000000125e+02
8.592735000000000582e+04
1.496227699999999895e+05
3.283748000000000320e+04
1.067270000000000073e+04
3.514000000000000000e+04
2.957872000000000116e+04
8.547340000000000146e+03
1.691300000000000000e+04
5.348440000000000146e+04
1.657250999999999840e+04
4.738300000000000000e+04
3.450400000000000000e+04
4.252060000000000400e+03
1.084986000000000058e+04
3.373610000000000127e+03
1.101400800000000017e+05
1.328000000000000000e+04
7.831999999999999318e+01
1.157839999999999918e+03
2.203280000000000200e+03
4.556180999999999767e+04
2.033349999999999909e+03
1.794188999999999942e+04
1.767519999999999982e+03
6.323351999999999680e+04
5.124535800000000163e+05
7.084949999999999818e+03
2.029279999999999973e+03
5.573770000000000437e+03
4.615233099999999977e+05
1.818868000000000029e+04
1.200199999999999960e+02
6.960000000000000000e+03
3.292101000000000204e+04
1.411410000000000082e+03
3.563962000000000262e+04
9.243394999999999709e+04
2.758700000000000000e+04
4.790000000000000000e+02
2.896030000000000200e+03
5.444747000000000116e+04
8.140500000000000000e+04
1.181481999999999971e+04
6.145576999999999680e+04
4.682430000000000291e+03
3.184340999999999985e+04
8.815936999999999534e+04
5.360000000000000000e+03
1.415799999999999955e+03
2.035291999999999825e+04
1.084640700000000070e+05
7.902390000000000327e+03
1.906052999999999884e+04
5.633310000000000400e+03
7.450000000000000000e+02
1.054761000000000058e+04
1.156088200000000070e+05
1.538301000000000022e+04
4.751226999999999680e+04
5.255550000000000182e+03
2.200827000000000044e+04
1.537199999999999989e+02
8.046840000000000146e+03
1.825000000000000000e+04
2.655043000000000029e+04
3.737800000000000182e+03
1.285435099999999948e+05
3.394308999999999651e+04
2.331000000000000000e+03
9.088483999999999651e+04
1.792990999999999985e+04
7.140000000000000000e+02
1.396464999999999964e+04
2.763663999999999942e+04
5.228000000000000114e+01
3.500000000000000000e+04
5.905569999999999709e+03
6.674359999999999673e+03
1.368610000000000000e+05
2.105320999999999913e+04
5.735520000000000437e+03
9.231550999999999476e+04
1.008070000000000073e+04
1.585747999999999956e+04
1.435911000000000058e+04
1.180000000000000000e+04
3.330000000000000000e+04
6.732140000000000327e+03
1.769000000000000000e+04
3.241250000000000000e+03
5.650700000000000500e+02
3.122208000000000175e+04
4.200800000000000182e+03
1.113825700000000070e+05
1.945252000000000044e+04
1.041057200000000012e+05
1.689679000000000087e+04
4.267130000000000109e+03
4.529399999999999636e+03
4.876200000000000045e+02
2.356100000000000000e+04
7.180920000000000073e+03
7.312658000000000175e+04
2.497018999999999869e+04
1.673959000000000015e+04
9.193120000000000800e+03
4.781765000000000146e+04
2.544799999999999898e+02
1.801000000000000000e+04
7.881499999999999773e+02
3.596348000000000320e+04
1.137210000000000036e+03
1.113490000000000009e+03
2.113039999999999964e+03
1.494631999999999971e+04
9.497500000000000000e+02
3.261139999999999873e+03
6.054819999999999709e+04
4.198199999999999932e+02
7.558008999999999651e+04
1.405851000000000022e+04
1.569965999999999985e+04
6.017869999999999891e+03
9.679979999999999563e+03
2.304227000000000044e+04
8.880000000000000000e+03
9.000000000000000000e+03
4.786791999999999825e+04
2.346479999999999927e+04
1.235984000000000015e+04
1.392988999999999942e+04
1.152399999999999949e+02
5.480000000000000000e+03
1.191888999999999942e+04
5.804439999999999600e+03
5.124460000000000036e+03
2.903920999999999913e+04
8.723594999999999709e+04
2.170630000000000109e+03
8.090000000000000000e+02
3.652000000000000000e+03
3.808455000000000291e+04
9.342300000000000182e+02
9.777250000000000000e+03
2.702300000000000182e+02
2.414399999999999977e+02
1.454467000000000007e+04
1.200000000000000000e+03
5.262779999999999745e+03
8.546079999999999927e+03
8.648500000000000000e+03
2.311861999999999898e+04
1.214614799999999959e+05
2.179869999999999891e+03
5.411069999999999709e+04
3.982648599999999860e+05
1.034317000000000007e+04
1.251212999999999920e+04
1.252890000000000000e+05
4.436725000000000000e+04
1.494000000000000000e+03
1.028897999999999956e+04
4.785051999999999680e+04
5.521687999999999738e+04
1.284947999999999956e+04
7.313170000000000073e+03
6.229000000000000000e+03
3.208836999999999898e+04
9.225709999999999127e+03
1.786438000000000102e+04
1.100900000000000034e+02
6.918219000000000233e+04
1.546359999999999900e+03
3.712900000000000091e+03
4.873623999999999796e+04
1.715000000000000000e+04
3.873913999999999942e+04
4.809791000000000349e+04
3.186702999999999884e+04
1.907011999999999898e+04
5.092322000000000116e+04
1.267490999999999985e+04
1.552284000000000015e+04
1.856211000000000058e+04
5.000000000000000000e+02
1.442286000000000058e+04
1.069654999999999927e+04
1.078597999999999956e+04
7.313640000000000327e+03
5.800000000000000000e+03
8.015949999999999818e+03
9.078336999999999534e+04
8.611280999999999767e+04
1.095368000000000029e+04
4.942999999999999972e+01
3.263072000000000116e+04
1.198675000000000000e+04
1.847215000000000146e+04
1.116500000000000000e+03
1.399732999999999993e+04
3.594469999999999800e+03
5.299800000000000182e+03
5.541750000000000000e+04
6.831894000000000233e+04
1.000000000000000021e-02
2.560900999999999840e+04
1.360275000000000000e+05
3.742191999999999825e+04
6.804016000000000349e+04
2.058186000000000058e+04
2.777331000000000131e+04
7.254925000000000000e+04
2.296813999999999942e+04
3.177200000000000273e+02
8.448120000000000800e+03
8.926600000000000000e+04
2.920269999999999982e+03
1.131829999999999927e+04
3.552200000000000273e+02
1.782590000000000146e+04
1.219073999999999978e+04
8.420000000000000000e+03
1.000000000000000000e+03
1.199999999999999956e-01
5.530565000000000146e+04
1.186619999999999891e+03
3.878769999999999982e+03
1.232851000000000022e+04
3.346100000000000136e+02
1.473532900000000081e+05
1.369779999999999927e+04
5.280520000000000437e+03
8.193600000000000000e+04
2.522115499999999884e+05
4.344290000000000146e+04
9.260499999999999545e+02
5.673770000000000437e+03
3.307991000000000349e+04
1.695750000000000000e+03
1.127921999999999935e+04
1.419180999999999949e+04
1.320500000000000114e+02
1.371417000000000007e+04
6.895900000000000318e+02
2.270131999999999971e+04
4.383289999999999964e+03
2.569672000000000116e+04
3.621719999999999800e+03
9.002120000000000800e+03
2.150000000000000000e+03
1.952800000000000011e+02
4.250401000000000204e+04
6.767633999999999651e+04
1.435281999999999971e+04
1.266480999999999949e+04
1.652736000000000058e+04
1.078585299999999988e+05
6.582583000000000175e+04
6.575210000000000036e+03
1.421385000000000036e+04
7.689800000000000182e+02
1.365000000000000000e+04
1.039038999999999942e+04
8.898290000000000873e+03
3.233700000000000045e+02
2.400949999999999818e+03
6.531920000000000073e+03
1.090404000000000087e+04
1.710800000000000125e+02
1.226000000000000000e+04
3.851355999999999767e+04
4.102000000000000000e+03
4.484010000000000218e+03
5.418380000000000291e+04
1.572100000000000000e+04
8.013700000000000045e+02
1.473532900000000081e+05
7.740130000000000109e+03
1.863513999999999942e+04
3.170847999999999956e+04
4.985366999999999825e+04
3.000738999999999942e+04
3.801499999999999773e+02
1.146200000000000045e+02
9.421190000000000509e+03
2.210394700000000012e+05
8.268499000000000524e+04
3.438993000000000029e+04
3.307110000000000127e+03
4.956550000000000182e+03
3.534949999999999818e+03
3.300000000000000000e+03
4.134000000000000000e+04
3.491000000000000227e+02
2.667470499999999884e+05
1.217300000000000000e+04
1.814500000000000000e+04
9.888379999999999200e+03
1.940200000000000045e+03
1.404500000000000000e+04
1.955300000000000000e+04
4.041130000000000109e+03
5.114205000000000291e+04
8.857540000000000873e+03
1.029000000000000000e+04
3.345980999999999767e+04
1.840870000000000073e+04
1.687808000000000175e+04
6.777652999999999884e+04
5.739479999999999563e+03
4.619355999999999767e+04
5.813270000000000437e+03
9.600000000000000000e+02
2.353159000000000015e+04
1.064899400000000023e+05
6.716563999999999942e+04
6.667999999999999545e+02
9.660000000000000000e+02
6.319600000000000000e+04
8.408700000000000045e+02
3.331300000000000000e+04
1.745943000000000029e+04
5.017877999999999884e+04
1.310137999999999920e+04
1.862459000000000015e+04
1.146770299999999988e+05
3.689422000000000116e+04
9.158219999999999345e+03
4.821855999999999767e+04
3.719644000000000233e+04
6.080810000000000400e+03
3.143420999999999913e+04
2.832565999999999985e+04
1.039317000000000007e+04
2.800000000000000000e+03
6.101060000000000400e+03
2.776590000000000146e+03
1.240146999999999935e+04
1.235852000000000044e+04
3.123600000000000000e+04
3.122309999999999854e+04
5.765880000000000109e+03
2.884090000000000146e+03
2.340286999999999898e+04
8.534620000000000800e+03
2.296715000000000146e+04
5.305800000000000409e+02
3.391320000000000164e+03
8.109970000000000255e+03
2.759636000000000058e+04
3.318586000000000058e+04
7.904899999999999636e+03
2.091061999999999898e+04
3.602856999999999971e+04
4.997779999999999745e+03
3.116920000000000073e+03
1.179486100000000006e+05
4.228550000000000182e+03
1.391054000000000087e+04
1.147478000000000065e+04
1.049853000000000065e+04
1.340839999999999918e+03
1.210020000000000073e+04
3.511451999999999680e+04
5.153699999999999818e+03
1.137400000000000000e+04
2.904006999999999971e+04
2.652049600000000210e+05
4.967239999999999782e+03
1.259856999999999971e+04
5.868500000000000227e+02
1.110943200000000070e+05
1.982736900000000023e+05
7.398939999999999600e+03
7.540067999999999302e+04
4.141026000000000204e+04
5.200000000000000000e+03
1.527103000000000065e+04
4.820013999999999942e+04
1.873825000000000000e+04
6.852739999999999418e+04
3.187360000000000127e+03
3.600000000000000000e+03
4.529569999999999709e+03
5.968994000000000233e+04
6.167899999999999636e+03
9.171340000000000146e+03
2.920010000000000218e+03
1.586732999999999993e+04
8.700000000000000000e+03
6.248280999999999767e+04
2.272248900000000140e+05
1.979995999999999913e+04
2.193600000000000000e+04
3.219666999999999825e+04
1.197700000000000000e+04
1.824341900000000023e+05
3.460000000000000000e+04
3.059568000000000029e+04
1.110000000000000000e+02
4.101899999999999977e+02
1.639000000000000000e+03
1.082722500000000000e+05
3.579200000000000159e+02
9.219520000000000437e+03
2.225716999999999825e+04
2.576000000000000000e+04
3.287602999999999884e+04
7.260782000000000698e+04
9.960000000000000000e+03
9.255069999999999709e+03
3.628360000000000127e+03
2.290329000000000087e+04
6.475000000000000000e+04
3.700000000000000000e+03
2.182386000000000058e+04
1.585670000000000073e+04
6.013529999999999745e+03
3.815106999999999971e+04
2.352500000000000000e+04
8.353319999999999709e+03
2.400000000000000000e+03
9.293569999999999709e+03
7.817503999999999360e+04
1.296520000000000073e+04
5.012430000000000291e+03
8.000399999999999636e+02
1.368000000000000000e+03
5.381579999999999927e+03
2.928799999999999955e+02
6.423100000000000364e+03
3.177677999999999884e+04
2.661969999999999800e+03
2.396786000000000058e+04
9.548649999999999636e+03
2.453034999999999854e+04
1.253337999999999920e+04
4.471199999999999818e+03
3.113990000000000146e+04
2.792940999999999985e+04
1.436347999999999956e+04
1.472006999999999971e+04
2.241163000000000102e+04
1.003929100000000035e+05
6.011430000000000291e+03
5.199700000000000273e+02
8.062000000000000000e+04
5.550000000000000000e+04
9.759639999999999418e+03
2.231409999999999854e+03
5.905704000000000087e+04
5.245418000000000029e+04
6.593999999999999773e+02
4.440000000000000000e+04
1.758256999999999971e+04
1.433000000000000000e+03
1.713263999999999942e+04
3.759200000000000159e+02
8.325000000000000000e+02
4.731500000000000000e+03
1.335873999999999978e+04
5.728779999999999745e+03
4.508671099999999860e+05
1.641000000000000000e+03
6.071720000000000255e+03
6.246909999999999854e+03
3.041200000000000045e+02
3.145899000000000160e+04
5.490000000000000000e+02
8.193799999999999272e+03
2.620500000000000114e+02
2.179765999999999985e+04
3.000000000000000000e+03
4.172310000000000400e+03
3.773199999999999932e+02
8.906499999999999773e+02
3.609255000000000291e+04
9.965110000000000582e+03
2.981329999999999927e+03
1.657829999999999927e+03
1.085379000000000087e+04
1.454660000000000082e+03
1.493541099999999860e+05
3.906705000000000291e+04
2.115752000000000044e+04
2.585500000000000000e+04
3.024213000000000102e+04
1.096640000000000100e+03
4.480020000000000437e+03
1.726715000000000146e+04
2.068400000000000034e+02
1.289282200000000012e+05
9.874500000000000455e+02
4.625460000000000036e+03
1.123490999999999985e+04
2.435006999999999971e+04
1.583147999999999956e+04
3.110109000000000015e+04
1.157319999999999936e+03
4.216899999999999636e+03
2.536829999999999927e+03
2.216093999999999869e+04
1.950729999999999927e+04
1.005285000000000036e+04
1.048231999999999971e+04
4.340004000000000087e+04
3.821210000000000036e+03
9.171147000000000116e+04
2.985659999999999854e+03
2.297475000000000000e+04
2.306999999999999886e+02
3.542980000000000018e+03
8.323000000000000000e+03
2.993445000000000073e+04
5.176469999999999709e+04
7.500000000000000000e+02
2.497415999999999985e+04
2.728440000000000055e+03
8.962458999999999651e+04
1.964584000000000015e+04
2.661800000000000068e+02
4.570400000000000000e+04
4.064769999999999709e+04
8.393999999999999773e+02
3.968740000000000146e+04
8.709159999999999854e+03
6.224427999999999884e+04
3.207358000000000175e+04
7.647799999999999727e+02
8.579747999999999593e+04
4.040330000000000291e+04
7.080029999999999745e+03
6.196330000000000291e+04
1.995020000000000073e+04
5.240900000000000318e+02
1.935086000000000058e+04
1.076142000000000007e+04
2.571000000000000000e+04
2.000000000000000000e+03
1.634156999999999971e+04
1.507362000000000080e+04
4.133779999999999745e+03
1.012500000000000000e+03
1.684988000000000102e+04
9.645999999999999375e+01
3.069920000000000073e+04
2.920236999999999898e+04
7.960289999999999964e+03
4.578720000000000255e+03
5.818741000000000349e+04
5.613039999999999964e+03
6.293000000000000000e+03
1.970172999999999956e+04
7.967050000000000182e+03
2.531438000000000102e+04
1.100000000000000000e+03
1.485648800000000047e+05
1.534289999999999964e+03
1.407752000000000044e+04
1.476744000000000051e+04
1.000000000000000000e+03
5.743145999999999913e+04
1.050134000000000015e+04
2.843500000000000227e+02
6.251229999999999563e+03
1.296309000000000015e+04
1.400000000000000000e+02
9.588850000000000364e+03
1.116329000000000087e+04
6.705649999999999636e+03
3.198804999999999927e+04
1.244179999999999927e+04
1.913710000000000036e+03
2.098225000000000000e+04
4.191584999999999854e+04
1.250112400000000052e+05
2.000000000000000000e+02
2.430336999999999898e+04
7.123140000000000327e+03
9.692892999999999302e+04
1.129579999999999927e+04
3.200000000000000000e+03
6.975109999999999673e+03
3.452612399999999907e+05
4.599930000000000291e+03
1.588813999999999942e+04
1.380269999999999982e+03
7.486299999999999955e+02
4.326275000000000000e+04
7.685000000000000000e+04
3.472260000000000218e+03
3.238995999999999913e+04
2.242450000000000000e+04
2.020331000000000131e+04
2.821827000000000044e+04
4.312799999999999727e+02
5.334420999999999913e+04
8.409999999999999432e+01
8.060100000000000364e+03
6.525300000000000182e+03
6.159100000000000364e+03
9.221159999999999854e+03
4.578799999999999955e+02
6.299279999999999745e+03
1.956672000000000116e+04
1.413641499999999942e+05
6.767633999999999651e+04
2.781000000000000000e+04
4.235400000000000000e+04
3.150565000000000146e+04
1.189435000000000036e+04
3.908000000000000000e+03
1.306788999999999942e+04
1.714200000000000000e+04
2.394920100000000093e+05
2.582227000000000044e+04
3.123130000000000109e+03
4.420460000000000036e+03
6.710800000000000182e+03
6.670430000000000291e+03
7.773899999999999864e+02
1.397465999999999985e+04
1.368137999999999920e+04
3.581502999999999884e+04
3.371875000000000000e+04
3.469619999999999891e+03
1.070744000000000051e+04
6.420079999999999927e+03
1.141245000000000073e+04
4.774187999999999738e+04
1.956240000000000146e+04
2.450000000000000000e+03
3.859300000000000182e+03
2.076219999999999800e+03
3.666949999999999818e+03
2.438304999999999927e+04
6.386329999999999927e+03
3.976368000000000029e+04
1.482628699999999953e+05
8.156699999999999818e+03
4.575920000000000073e+03
7.617672000000000116e+04
1.468268000000000029e+04
2.482747999999999956e+04
1.764518000000000029e+04
6.735713999999999942e+04
6.512000000000000000e+04
7.850472999999999593e+04
1.757054999999999927e+04
1.050000000000000000e+04
2.443100000000000023e+02
2.271090999999999985e+04
2.330630899999999965e+05
5.321999999999999886e+01
8.183619999999999891e+03
2.205922000000000116e+04
9.290399999999999636e+02
6.594800000000000182e+02
3.132500000000000000e+02
2.628040999999999985e+04
6.698020000000000437e+03
1.320000000000000000e+03
3.833799999999999955e+02
9.511280000000000655e+03
4.013569000000000233e+04
6.897020000000000437e+03
2.346900000000000091e+03
1.067397999999999956e+04
1.057400000000000091e+03
2.225784999999999854e+04
3.440539999999999964e+03
2.607289999999999964e+03
2.228188000000000102e+04
3.500349999999999909e+03
7.548470000000000255e+03
1.143106999999999971e+04
7.229999999999999716e+01
1.232826000000000022e+04
1.354930000000000064e+03
2.053750000000000000e+04
2.555168000000000029e+04
3.120391999999999825e+04
2.705056999999999971e+04
3.213340999999999985e+04
2.474504000000000087e+04
4.323229999999999563e+03
2.577477999999999884e+04
1.476093800000000047e+05
6.064500000000000455e+02
9.095889999999999418e+03
1.360359999999999900e+03
3.074047299999999814e+05
8.697899999999999636e+02
1.214009999999999991e+03
1.004296999999999935e+04
1.870999999999999943e+02
2.127497999999999956e+04
2.392500000000000000e+02
9.111571000000000640e+04
1.000000000000000000e+04
2.054109100000000035e+05
9.736340000000000146e+03
1.764934999999999854e+04
2.255132600000000093e+05
1.389551000000000022e+04
1.743529999999999927e+04
2.624700000000000273e+02
2.870000000000000000e+02
2.100872999999999956e+04
2.370884999999999854e+04
7.819000000000000000e+03
1.216400000000000000e+04
6.900000000000000000e+02
2.297899999999999920e+02
1.975290000000000146e+04
1.126770999999999913e+04
7.177078999999999360e+04
4.863229999999999563e+03
1.668500000000000000e+03
8.701940000000000509e+03
5.984813999999999942e+04
1.193687999999999920e+04
1.387500000000000000e+04
8.136869999999999891e+03
4.509272000000000116e+04
9.233835000000000582e+04
6.730060000000000400e+03
4.476039999999999964e+03
1.584960000000000036e+03
8.206329999999999927e+03
4.813239999999999782e+03
1.697184200000000128e+05
4.956130000000000109e+03
4.155979999999999563e+03
1.126200000000000045e+02
5.044726999999999680e+04
2.270927999999999884e+04
1.746647000000000116e+04
1.216437999999999920e+04
2.040409000000000015e+04
7.271999999999999886e+01
2.405000000000000000e+02
4.157720000000000255e+03
5.282599999999999909e+02
2.998177999999999884e+04
1.040103000000000065e+04
1.000000000000000000e+03
3.451862999999999738e+04
5.943029999999999745e+03
5.525000000000000000e+02
3.994800000000000182e+02
2.734472999999999956e+04
7.440199999999999818e+02
6.667760000000000218e+03
4.794430000000000291e+03
2.136231999999999971e+04
1.200000000000000000e+03
4.094489999999999782e+03
2.274000000000000000e+03
1.977000000000000000e+03
3.189469999999999800e+03
1.280000000000000000e+03
2.073550000000000000e+04
4.311999999999999886e+02
9.664400000000000546e+02
3.892973999999999796e+04
1.280960000000000036e+03
5.440000000000000000e+03
1.970140000000000100e+03
3.012999999999999901e+01
2.450670000000000073e+04
8.734260000000000218e+03
5.960000000000000000e+02
6.224800000000000182e+02
3.356562000000000262e+04
3.697599999999999909e+03
5.801623000000000320e+04
6.608983000000000175e+04
2.306447000000000116e+04
1.414881999999999971e+04
2.758781999999999971e+04
3.953876999999999680e+04
8.679659999999999854e+03
5.266289999999999964e+03
4.000000000000000000e+02
2.021770999999999913e+04
1.083861000000000058e+04
5.450205000000000291e+04
1.672690000000000055e+03
1.005270000000000073e+04
2.407139999999999873e+03
8.096611999999999534e+04
7.736483000000000175e+04
1.207026000000000022e+04
1.892319999999999936e+03
3.080477999999999884e+04
3.045480000000000018e+03
2.135461999999999898e+04
5.300060000000000400e+03
2.327040999999999985e+04
1.706299999999999955e+02
2.598615999999999985e+04
9.721899999999999636e+03
1.587130000000000000e+05
7.042400000000000000e+04
4.332970000000000255e+03
7.000000000000000000e+03
1.370596999999999935e+04
7.456208000000000175e+04
8.224750000000000000e+03
4.920151999999999680e+04
4.739720999999999913e+04
1.072619999999999891e+03
3.261840999999999985e+04
1.920197699999999895e+05
3.783849999999999909e+03
1.941661000000000058e+04
1.625537999999999920e+04
2.332429999999999927e+04
2.700688000000000102e+04
7.506299999999999955e+02
2.002694800000000105e+05
5.000000000000000000e+03
1.675836000000000058e+04
1.312500000000000000e+03
4.136039000000000233e+05
1.508849999999999909e+03
8.159485000000000582e+04
2.035209000000000015e+04
2.318400000000000000e+04
5.228939999999999600e+03
3.854699999999999818e+03
4.341868000000000029e+04
7.411000000000000000e+03
1.275600000000000000e+04
7.326000000000000512e+01
7.754550000000000182e+03
7.376590000000000146e+03
2.114513999999999942e+04
1.717545999999999913e+04
8.563700000000000045e+02
1.974711000000000058e+04
8.073600000000000364e+03
2.224299000000000160e+04
3.151570000000000164e+03
3.663289999999999964e+03
2.375829999999999927e+03
6.934600000000000000e+04
5.930845999999999913e+04
6.845900000000000318e+02
1.914995000000000073e+04
5.912525000000000000e+04
4.962529999999999745e+03
1.494400000000000000e+04
8.715450000000000728e+03
2.951980000000000018e+03
7.936988999999999942e+04
1.673147000000000116e+04
1.014800000000000040e+02
9.804379999999999200e+03
4.736086000000000058e+04
9.641719999999999345e+03
6.333000000000000000e+03
7.285391000000000349e+04
1.100000000000000000e+03
1.732143000000000029e+04
2.703727999999999884e+04
2.484269999999999982e+03
1.496610499999999884e+05
2.200860700000000070e+05
8.499999999999999778e-01
3.334000000000000000e+03
7.004970000000000255e+03
2.531438000000000102e+04
5.164476999999999680e+04
1.040657999999999993e+04
9.130369000000000233e+04
3.161845999999999913e+04
1.358400000000000000e+04
1.360007999999999993e+04
2.656175000000000000e+04
2.749250000000000000e+03
1.972025000000000000e+04
1.932156999999999971e+04
9.844360000000000582e+03
2.117000000000000000e+03
2.913911999999999898e+04
2.535399999999999920e+02
4.777544000000000233e+04
7.068100000000000364e+03
2.454369999999999891e+03
7.929989999999999782e+03
2.240949000000000160e+04
7.123140000000000327e+03
3.999159999999999854e+03
6.162869999999999891e+03
3.394579999999999927e+03
4.732513999999999942e+04
5.799151000000000204e+04
1.835999999999999943e+02
1.210106999999999971e+04
1.219061000000000058e+04
2.581977000000000044e+04
3.565630000000000109e+03
5.100000000000000000e+04
6.695405999999999767e+04
1.816066999999999825e+04
1.711833000000000175e+04
1.110444000000000051e+04
2.340202999999999884e+04
1.450490000000000009e+03
3.321481999999999971e+04
2.621720000000000073e+04
4.800539999999999964e+03
2.784599999999999909e+03
5.888113999999999942e+04
3.223000000000000000e+04
2.172916300000000047e+05
1.395404999999999927e+04
1.584900000000000000e+04
1.455630700000000070e+05
7.954550000000000182e+03
2.698302000000000044e+04
2.557340000000000146e+03
5.260689999999999600e+03
3.436200000000000045e+02
2.923300000000000182e+03
9.022900000000000000e+04
3.607579999999999927e+03
1.201973999999999978e+04
1.043689999999999964e+04
9.027239999999999418e+04
8.211499999999999773e+02
6.594800000000000182e+02
5.665979999999999563e+03
1.166710000000000036e+03
6.284300000000000000e+04
3.714505000000000291e+04
4.159079999999999927e+03
4.890812000000000262e+04
7.305789999999999964e+03
2.597219999999999800e+03
1.155300000000000011e+02
4.598370999999999913e+04
2.133565400000000081e+05
2.667199999999999818e+03
1.087824100000000035e+05
1.359600000000000080e+02
5.551034999999999854e+04
8.641000000000000000e+03
5.222584999999999854e+04
4.147000000000000000e+03
6.916799999999999500e+02
2.900963999999999942e+04
7.801180000000000291e+03
6.744619999999999891e+03
2.601093000000000029e+04
1.395000000000000000e+04
7.439270000000000437e+03
6.296108000000000175e+04
1.335680000000000064e+03
4.349510000000000218e+03
4.003143000000000029e+04
1.421399999999999864e+02
2.240797000000000116e+04
6.561390000000000327e+03
2.700000000000000000e+04
4.583583599999999860e+05
3.444622000000000116e+04
1.100000000000000000e+03
2.049600000000000080e+02
1.375940000000000055e+03
3.460290000000000146e+04
7.011000000000000227e+02
4.752050000000000182e+03
1.003685000000000036e+04
2.454970999999999913e+04
3.167300000000000182e+03
6.756029999999999745e+03
2.468300000000000125e+02
1.152194000000000051e+04
1.285660000000000036e+04
9.715349000000000524e+04
2.620000000000000000e+04
3.000000000000000000e+03
5.905962000000000262e+04
1.075000000000000000e+04
1.242279999999999973e+03
1.854102000000000044e+04
3.147200000000000273e+02
3.482704000000000087e+04
9.617299999999999272e+03
3.390000000000000000e+02
1.501261199999999953e+05
1.446023999999999978e+04
4.109033000000000175e+04
1.194515999999999985e+04
8.194489999999999782e+03
1.908900000000000091e+03
4.440130000000000109e+03
3.713449999999999818e+03
1.469589999999999918e+03
4.468633999999999651e+04
2.241000000000000000e+04
3.954301999999999680e+04
1.860236000000000058e+04
1.355920999999999913e+04
6.250994000000000233e+04
2.555999999999999943e+02
9.068430000000000291e+03
5.624460000000000036e+03
1.158420999999999913e+04
2.259890000000000146e+04
1.231448999999999978e+04
7.426661000000000058e+04
9.092261999999999534e+04
3.950916000000000349e+04
4.913720000000000255e+03
1.069895999999999913e+04
1.160502299999999959e+05
5.565100000000000000e+04
1.485570000000000073e+04
1.269230000000000018e+03
5.223873999999999796e+04
1.600000000000000000e+03
1.051309999999999945e+03
6.333300000000000409e+02
1.560000000000000000e+04
2.492295000000000073e+04
2.160000000000000000e+04
1.670670000000000073e+04
3.458299999999999841e+02
6.439951000000000204e+04
5.999999999999999778e-02
2.203275000000000000e+04
1.570990000000000009e+03
9.984299999999999500e+02
2.061418999999999869e+04
6.700000000000000000e+03
9.137999999999999545e+01
2.506140000000000146e+04
4.130558000000000175e+04
4.229100000000000250e+02
6.329890000000000327e+03
8.779809999999999491e+03
3.663289999999999964e+03
2.721452000000000044e+04
4.218069000000000233e+04
1.104295999999999913e+04
1.072954000000000087e+04
8.562850000000000364e+03
1.884815999999999985e+04
9.101805999999999767e+04
1.143189999999999964e+04
4.732348000000000320e+04
3.562900000000000205e+02
1.682279999999999973e+03
5.680579999999999927e+03
2.549854999999999927e+04
5.981799999999999500e+02
2.597219999999999800e+03
7.960289999999999964e+03
2.472116300000000047e+05
1.034279999999999927e+04
2.190000000000000000e+03
3.788525800000000163e+05
6.597500000000000000e+03
4.856279999999999745e+03
9.628319999999999709e+03
1.002301499999999942e+05
1.863500000000000000e+04
7.040600000000000364e+03
2.766447999999999956e+04
1.346955999999999949e+04
1.643799999999999955e+02
2.538900000000000000e+04
9.107000000000000455e+02
2.436019999999999982e+03
1.410000000000000000e+04
1.983513999999999942e+04
1.252278000000000065e+04
2.620677999999999884e+04
3.570255000000000291e+04
5.087369999999999891e+03
3.594175000000000000e+04
1.205009000000000015e+04
1.409299999999999955e+03
3.491899999999999977e+02
1.087613800000000047e+05
4.800000000000000000e+03
1.581212000000000080e+04
1.665000000000000000e+03
2.966824000000000160e+04
3.559520999999999913e+04
2.032581000000000131e+04
2.798469999999999800e+03
6.606786999999999534e+04
4.596569999999999709e+03
2.835740000000000146e+04
3.860139999999999873e+03
1.374400000000000000e+04
4.958670000000000073e+03
3.284243000000000029e+04
2.494797000000000116e+04
4.944775000000000000e+04
9.577149999999999636e+03
3.183280000000000200e+03
1.519559000000000015e+04
4.599930000000000291e+03
7.438899999999999864e+02
1.197000000000000000e+03
1.149007599999999948e+05
1.280650000000000091e+03
6.703863000000000466e+04
1.764870000000000073e+04
2.934900000000000091e+02
5.893090000000000146e+03
7.546050000000000000e+04
2.555941999999999825e+04
7.501499999999999773e+02
6.501569999999999709e+03
1.712906000000000131e+04
2.497280000000000200e+03
7.237000000000000000e+03
4.286399999999999864e+02
1.993454000000000087e+04
9.645999999999999375e+01
1.933104000000000087e+04
5.791747000000000116e+04
8.357500000000000000e+02
2.023838999999999942e+04
4.743359999999999673e+03
1.487650000000000000e+04
1.050000000000000000e+04
1.231319000000000051e+04
5.445250000000000000e+03
1.033329999999999927e+03
6.013340000000000146e+03
9.180120000000000800e+03
1.633660000000000082e+03
2.463763999999999942e+04
1.284950000000000000e+04
9.258870000000000800e+03
6.334460000000000036e+03
7.981499999999999773e+02
6.916430000000000291e+03
1.003022999999999956e+04
1.141629000000000087e+04
5.479500000000000455e+02
3.417000000000000000e+03
1.576907500000000000e+05
6.010480999999999767e+04
3.211499999999999773e+02
1.038001000000000022e+04
9.901340000000000146e+03
7.370800000000000409e+02
7.638979999999999563e+03
8.732500000000000000e+03
1.326352000000000044e+04
6.400100000000000364e+03
4.488810000000000400e+03
3.340000000000000000e+02
1.398710000000000036e+03
1.384904999999999927e+04
4.805479999999999563e+03
1.052264999999999964e+04
9.499264999999999418e+04
4.840419999999999709e+04
1.928191999999999825e+04
2.808050000000000182e+03
2.900484000000000015e+04
1.846775000000000000e+04
1.931027999999999884e+04
9.050452000000000407e+04
1.937354999999999927e+04
1.811259999999999854e+04
5.570020000000000437e+03
2.782790999999999985e+04
8.272410000000000582e+04
2.563754000000000087e+04
2.128850000000000000e+04
6.771635000000000582e+04
3.065130000000000109e+03
1.194181999999999971e+04
1.795359999999999900e+03
1.920300000000000000e+04
4.349279999999999745e+03
3.269036000000000058e+04
2.851620999999999913e+04
2.788900000000000000e+04
1.662890000000000100e+03
2.030925999999999840e+04
1.958431600000000035e+05
1.439109299999999930e+05
3.000000000000000000e+04
4.943973000000000320e+04
6.584677000000000407e+04
1.105207999999999993e+04
1.172259999999999991e+03
3.447744999999999709e+04
8.676897999999999593e+04
3.348905000000000291e+04
2.431000000000000000e+03
5.781499999999999773e+02
4.914439999999999600e+03
4.376299999999999955e+02
2.872950000000000000e+04
6.462663999999999942e+04
5.064479999999999563e+03
2.640000000000000000e+03
5.411204300000000512e+05
2.645004999999999927e+04
6.909030999999999767e+04
9.389103999999999360e+04
1.398277000000000044e+04
8.718000000000000000e+03
2.241770000000000073e+04
1.831993000000000029e+04
1.988263000000000102e+04
1.289293000000000029e+04
3.367054000000000087e+04
1.765152000000000044e+04
7.758799999999999955e+02
8.159439999999999600e+03
9.255459999999999127e+03
8.833770000000000437e+03
1.999579999999999927e+03
2.585639999999999873e+03
2.613409999999999854e+03
1.740474899999999907e+05
4.740720999999999913e+04
4.133539999999999964e+03
4.170704500000000116e+05
3.229070999999999913e+04
1.447995000000000073e+04
6.710800000000000182e+03
2.923484999999999854e+04
2.354159999999999854e+03
4.001823999999999796e+04
4.691950000000000000e+04
9.593999999999999773e+01
7.926050000000000182e+03
1.378506799999999930e+05
3.000000000000000000e+04
9.679999999999999716e+01
5.608409999999999854e+03
3.799009999999999854e+04
6.538409999999999854e+03
2.820315000000000146e+04
1.502800000000000000e+04
1.409686000000000058e+04
3.795960000000000036e+03
1.532000000000000028e+01
1.186859999999999900e+03
1.608029999999999973e+03
8.965700000000000500e+02
3.966680000000000291e+04
2.130219999999999800e+03
6.003304000000000087e+04
2.057050000000000182e+03
1.740000000000000000e+03
1.378900599999999977e+05
5.297689999999999600e+03
3.004480000000000018e+03
8.987610000000000582e+03
2.638190999999999985e+04
8.900452999999999884e+04
6.808005000000000291e+04
1.711663000000000102e+04
5.077520000000000437e+03
2.476100000000000136e+02
1.916463000000000102e+04
2.229841999999999825e+04
6.809900000000000091e+02
1.517478000000000065e+04
2.652480000000000018e+03
1.068683099999999977e+05
1.131854999999999927e+04
6.193300000000000409e+02
5.556869999999999891e+03
1.665550000000000000e+04
2.780995499999999884e+05
3.801659999999999854e+03
2.009601099999999860e+05
1.896459999999999854e+04
8.160000000000000000e+03
1.290854999999999927e+04
1.310000000000000000e+04
2.390000000000000000e+02
4.400000000000000000e+02
2.801670000000000073e+03
1.765359999999999854e+04
6.193300000000000409e+02
8.890000000000000000e+03
2.611718999999999869e+04
1.090910000000000036e+04
2.241074000000000160e+04
4.291569999999999709e+03
5.907799999999999727e+02
1.270480000000000018e+03
2.610395000000000073e+04
5.246995999999999913e+04
1.289470000000000073e+04
2.161030000000000200e+03
3.700590000000000146e+03
5.610562000000000262e+04
5.083130000000000109e+03
1.876199000000000160e+04
1.080980000000000018e+03
2.010688599999999860e+05
3.870000000000000000e+02
1.227980000000000018e+03
8.080000000000000000e+03
4.930710000000000036e+03
5.826689999999999600e+03
8.914829999999999927e+03
5.220340000000000146e+03
4.579739999999999782e+03
2.968899999999999864e+02
3.442519999999999982e+03
7.357000000000000000e+03
1.556678000000000065e+04
2.104909999999999854e+03
7.580000000000000000e+03
1.104660000000000082e+03
2.801700000000000000e+04
3.711323999999999796e+04
1.658097000000000116e+04
5.213899999999999864e+02
5.095518499999999767e+05
2.172575000000000000e+04
7.200909999999999854e+03
4.291170000000000073e+03
1.195754000000000087e+04
1.201549999999999955e+03
5.119852999999999884e+05
9.622340000000000146e+03
2.905172999999999956e+04
4.375300000000000182e+03
3.787970999999999913e+04
1.000000000000000056e-01
2.150659000000000015e+04
1.667358000000000175e+04
5.084956999999999971e+04
8.838229999999999563e+03
6.759999999999999787e+00
9.581699000000000524e+04
8.427999999999999545e+02
1.904099999999999966e+02
1.227980000000000018e+03
7.573999999999999773e+02
2.370697999999999956e+04
8.214798100000000559e+05
2.148513999999999942e+04
1.357569999999999936e+03
6.741744999999999709e+04
4.842399999999999636e+03
1.148119999999999891e+03
4.389600000000000000e+04
1.074685000000000036e+04
4.895979999999999563e+03
1.587512000000000080e+04
9.308069999999999709e+03
9.033200000000000728e+03
1.432127000000000044e+04
1.908000000000000000e+03
6.077420000000000073e+03
3.294558000000000175e+04
3.762719999999999800e+03
2.835713000000000102e+04
3.846347000000000116e+04
2.267459999999999854e+04
1.278744000000000051e+04
2.839043999999999869e+04
3.011875000000000000e+04
1.606899999999999977e+02
2.280999999999999943e+02
2.013600000000000000e+04
6.871919999999999709e+04
7.896199999999999818e+03
2.198769999999999982e+03
3.068500999999999840e+04
6.799272999999999593e+04
2.325418999999999869e+04
7.230119999999999891e+03
2.107020999999999913e+04
3.484769999999999982e+03
3.931719999999999709e+04
8.564139999999999418e+03
5.100000000000000000e+02
3.074047299999999814e+05
3.180000000000000000e+03
1.726715000000000146e+04
3.195400000000000000e+04
6.000000000000000000e+02
3.613989999999999782e+03
1.514087999999999920e+04
5.185140000000000327e+03
1.248150000000000091e+03
3.378909999999999854e+03
3.679945999999999913e+04
1.267000000000000028e+02
6.406862999999999738e+04
1.109500000000000000e+04
6.110250000000000000e+04
3.458500000000000227e+02
2.878100000000000023e+02
6.025543000000000029e+04
7.747609999999999673e+03
1.695710000000000036e+03
4.045799999999999841e+02
1.541198999999999978e+04
6.583463000000000466e+04
1.593264999999999964e+04
4.788479999999999563e+03
2.095536999999999898e+04
1.424628000000000065e+04
3.064605900000000256e+05
6.826799999999999500e+02
1.292881999999999971e+04
2.676299999999999955e+02
8.000000000000000000e+03
8.266511999999999534e+04
2.071222999999999956e+04
1.092000000000000000e+05
3.183090000000000146e+04
1.103614999999999964e+04
2.871441999999999825e+04
6.710000000000000000e+04
2.636322000000000116e+04
4.015000000000000000e+03
1.272206999999999971e+05
2.630000000000000000e+02
2.594710000000000036e+03
8.840550000000000000e+04
1.133300000000000000e+04
2.541718000000000029e+04
3.984980000000000018e+03
2.710913200000000070e+05
1.578347999999999956e+04
1.017340000000000032e+03
3.860962000000000262e+04
7.664096000000000640e+04
6.643939999999999600e+03
6.037241999999999825e+04
1.289229999999999927e+04
9.046496000000000640e+04
3.518600000000000136e+02
4.052851999999999680e+04
1.501250000000000000e+03
3.043119999999999891e+03
2.600000000000000000e+02
3.205400000000000205e+02
4.814771199999999953e+05
2.684449999999999818e+03
1.092359000000000015e+04
3.328851999999999680e+04
1.338839999999999918e+03
3.077995000000000073e+04
6.237500000000000000e+02
9.563629999999999200e+03
2.528334000000000015e+04
5.348159999999999854e+03
4.005297000000000116e+04
1.698759999999999854e+04
4.338700000000000000e+04
3.200059999999999945e+03
7.042610000000000582e+04
1.684000999999999840e+04
2.209000000000000000e+03
1.239998999999999978e+04
1.763433000000000175e+04
4.434891000000000349e+04
8.890000000000000000e+03
2.094063000000000102e+04
1.952759999999999854e+04
1.379200000000000000e+04
1.819983000000000175e+04
4.250023000000000320e+04
1.277830999999999949e+04
2.337279999999999927e+04
2.082149000000000160e+04
3.283748000000000320e+04
1.866200000000000000e+04
6.871460000000000036e+03
2.830000000000000000e+03
9.018799999999999272e+03
2.040000000000000000e+03
1.390901000000000022e+04
8.619600000000000364e+02
5.725000000000000000e+03
4.469411000000000058e+04
1.384350000000000000e+05
1.372578200000000070e+05
4.501190000000000146e+04
1.000338800000000047e+05
2.695989999999999782e+03
2.505363999999999942e+04
1.331100000000000000e+04
1.240705999999999949e+04
3.315475000000000000e+04
3.395679999999999836e+03
7.586299999999999955e+02
2.763727000000000044e+04
3.500000000000000000e+03
2.219677999999999884e+04
1.004762000000000080e+04
1.110623099999999977e+05
5.960800000000000000e+04
4.793918000000000029e+04
1.114429999999999927e+04
3.196019999999999982e+03
1.491944000000000051e+04
8.068899999999999636e+03
8.000399999999999636e+02
3.408304000000000087e+04
5.118899999999999636e+03
1.770000000000000000e+03
4.369789999999999964e+03
3.915241000000000349e+04
1.510240000000000009e+03
2.573039999999999964e+03
1.320004999999999927e+04
8.715219999999999345e+03
1.728345000000000073e+04
1.150412000000000080e+04
1.530402000000000044e+04
2.513369999999999891e+03
6.570461999999999534e+04
3.614563999999999942e+04
2.319820000000000073e+04
9.984600000000000364e+02
9.770325999999999476e+04
1.454699999999999989e+02
9.816319999999999709e+03
2.500443000000000029e+04
3.624130999999999767e+04
3.961341000000000349e+04
6.678739999999999418e+04
1.921966999999999825e+04
6.363999999999999773e+02
6.307105999999999767e+04
3.718056999999999971e+04
1.272131999999999971e+04
1.013350000000000023e+03
9.382000000000000000e+03
2.796381000000000131e+04
4.076863999999999942e+04
4.427998999999999796e+04
1.327815400000000081e+05
6.609989999999999782e+03
9.050452000000000407e+04
2.493066999999999825e+04
1.258601000000000022e+04
4.130199999999999818e+02
4.648998000000000320e+04
1.093820000000000000e+05
2.273159999999999854e+03
1.374140000000000100e+03
4.964020000000000437e+03
2.676420999999999913e+04
6.928539999999999964e+03
3.534001000000000204e+04
1.510000000000000000e+04
1.324100000000000000e+04
2.102586000000000058e+04
6.869600000000000364e+02
1.789959000000000015e+04
1.534213999999999942e+04
2.029438000000000102e+04
1.667630000000000109e+03
1.060269999999999982e+03
1.239000000000000000e+03
1.800000000000000000e+03
8.571000000000000000e+04
2.088610000000000127e+03
4.520900000000000000e+04
6.777605999999999767e+04
9.491613000000000466e+04
4.316200000000000045e+02
3.745710000000000036e+03
2.734624000000000160e+04
1.533320000000000000e+05
1.640031999999999971e+04
6.378294000000000233e+04
5.765510000000000218e+03
1.860890000000000100e+03
8.100000000000000000e+04
8.750000000000000000e+02
1.171164999999999964e+04
9.600000000000000000e+02
3.985500000000000114e+02
7.260289999999999964e+03
1.837460000000000036e+03
1.176369999999999891e+03
1.445726000000000022e+04
1.099977200000000012e+05
2.086220000000000073e+04
2.850000000000000000e+02
5.194058999999999651e+04
4.680130000000000109e+03
1.093700000000000000e+04
2.490010000000000218e+03
5.612319999999999709e+03
2.139791999999999825e+04
2.894033000000000175e+04
1.611343000000000029e+04
6.752188999999999942e+04
5.359533000000000175e+04
2.081200000000000000e+04
1.530509000000000015e+04
4.130199999999999818e+03
1.667004999999999927e+04
4.558000000000000114e+02
2.492265999999999985e+04
1.917768999999999869e+04
6.111680000000000291e+03
3.100795900000000256e+05
3.902210000000000036e+03
1.376253000000000065e+04
1.771713999999999942e+04
4.493399999999999750e+02
1.414009999999999991e+03
1.349114100000000035e+05
1.584730999999999949e+04
1.108344000000000051e+04
1.742413999999999942e+04
1.109100000000000000e+04
1.343370999999999913e+04
4.856000000000000227e+01
1.025039999999999964e+03
1.167315540000000037e+06
2.033354999999999927e+04
1.500009000000000015e+04
1.299769999999999982e+03
1.454589999999999918e+03
4.126499999999999773e+02
1.200000000000000000e+03
4.400659999999999854e+04
1.231210000000000036e+03
1.950399999999999920e+02
2.414245000000000073e+04
1.927910000000000082e+03
2.851250000000000000e+03
8.303680000000000291e+03
5.482770000000000437e+03
1.042000000000000000e+04
2.886184999999999854e+04
1.862109000000000015e+04
2.652172999999999956e+04
1.096369000000000051e+04
1.830020000000000073e+04
2.906461000000000058e+04
1.815366999999999825e+04
1.071579000000000087e+04
3.136319899999999907e+05
7.151299999999999955e+02
3.328851999999999680e+04
1.908000000000000000e+03
1.183503000000000065e+04
2.065699999999999932e+02
3.065600000000000000e+04
3.011899999999999977e+02
1.411998999999999978e+04
2.465000000000000000e+03
7.768580000000000291e+04
4.303223999999999796e+04
5.850808999999999651e+04
2.685296400000000140e+05
4.773199999999999932e+02
2.702127999999999884e+04
2.728440000000000055e+03
3.147554000000000087e+04
3.440600000000000023e+02
1.482969000000000051e+04
1.491759999999999991e+03
1.346405299999999988e+05
5.228127999999999884e+04
2.870584999999999854e+04
2.792984999999999854e+04
1.663500000000000000e+04
3.303300000000000182e+03
4.005632800000000279e+05
8.105877999999999884e+04
3.197880000000000109e+03
1.428190000000000055e+03
1.624306799999999930e+05
1.413734100000000035e+05
2.405286000000000058e+04
7.288250000000000000e+03
9.205909999999999854e+03
2.362680799999999872e+05
1.287231999999999971e+04
8.255000000000000000e+04
2.136941999999999825e+04
3.137038000000000102e+04
1.541869000000000051e+04
1.411887500000000000e+05
6.149206999999999971e+04
3.883889999999999873e+03
1.936604999999999927e+04
1.965258000000000175e+04
1.939509999999999991e+03
2.361988999999999942e+04
1.333330999999999949e+04
1.090308600000000006e+05
1.539213999999999942e+04
9.260000000000000000e+04
6.782609999999999673e+03
2.084742699999999895e+05
1.649099999999999966e+02
3.600000000000000000e+03
6.563779999999999745e+03
2.158765999999999985e+04
1.997309999999999945e+03
7.675000000000000000e+03
2.718519999999999982e+03
3.259980000000000018e+03
2.593570000000000164e+03
7.703550000000000182e+03
1.923230000000000018e+03
7.150989999999999782e+03
1.041500000000000000e+04
7.607060000000000400e+03
1.322299999999999898e+02
5.704970000000000255e+03
2.646000000000000227e+02
3.016313999999999942e+04
2.570522999999999956e+04
9.932479999999999563e+03
3.891130700000000070e+05
1.908000000000000000e+03
1.571939999999999964e+04
9.698770000000000437e+03
7.542489999999999782e+03
7.366699999999999591e+02
3.425710000000000036e+03
2.999999999999999889e-02
2.570597999999999956e+04
6.000000000000000000e+02
8.467340000000000146e+03
2.977852999999999884e+04
3.513387999999999738e+04
1.551455899999999965e+05
2.402197999999999956e+04
4.566816500000000233e+05
1.374376000000000022e+04
1.148819999999999936e+03
3.137565999999999985e+04
2.867416999999999825e+04
2.109099999999999966e+02
6.732530999999999767e+04
7.329039999999999964e+03
3.144127000000000044e+04
2.579713000000000102e+04
4.106583999999999651e+04
8.000000000000000000e+03
7.987999999999999545e+02
2.388920000000000073e+03
1.794152000000000044e+04
3.702480000000000018e+03
2.314350999999999840e+04
5.388010000000000218e+03
8.659149999999999636e+03
7.089149999999999636e+03
1.207429999999999927e+04
1.380117000000000007e+04
1.729789999999999964e+03
3.700000000000000000e+03
1.418469000000000051e+04
1.682166999999999825e+04
1.065992000000000007e+04
2.377193999999999869e+04
1.389012999999999920e+04
4.435063999999999942e+04
1.775627000000000044e+04
2.541631000000000131e+04
7.094640000000000327e+03
1.640269999999999982e+03
8.360979999999999563e+03
5.869489999999999782e+03
7.115979999999999563e+03
5.666730999999999767e+04
5.147999999999999545e+02
4.214390000000000327e+03
1.772202999999999884e+04
1.408480000000000018e+03
1.497467000000000007e+04
1.740804000000000087e+04
9.850879999999999200e+03
4.845380000000000109e+03
2.101631000000000131e+04
1.128822999999999956e+04
4.258776999999999680e+04
1.410001000000000022e+04
3.686137000000000262e+04
1.903643000000000029e+04
3.094300000000000068e+02
5.553720999999999913e+04
7.400000000000000000e+03
4.436000000000000227e+02
3.899180999999999767e+04
6.226975000000000000e+04
1.485948999999999978e+04
2.879615000000000146e+04
8.049700000000000273e+02
2.716800000000000000e+04
8.000000000000000000e+03
7.636867999999999302e+04
3.023999999999999773e+02
3.259365000000000146e+04
2.770354000000000087e+04
6.598200000000000500e+02
7.054850000000000364e+03
4.326491999999999825e+04
2.800229999999999927e+04
2.593570000000000164e+03
6.238922000000000116e+04
9.668799999999999272e+03
6.507752999999999884e+04
2.160908000000000175e+04
3.393199999999999818e+03
3.996119999999999891e+03
1.360500000000000000e+04
1.767588000000000102e+04
1.094000000000000000e+03
1.531399999999999864e+02
6.552994999999999709e+04
1.044150000000000000e+05
2.456440000000000055e+03
1.340910000000000036e+04
7.473700000000000045e+02
8.074590000000000146e+03
2.501409999999999854e+03
8.106699999999999591e+02
1.245100000000000000e+04
1.614670000000000073e+03
6.500822000000000116e+04
5.642760000000000218e+03
1.112088999999999942e+04
7.268250000000000000e+03
5.343800000000000000e+04
1.584284000000000015e+04
8.120202999999999884e+04
1.131740999999999985e+04
1.117194000000000051e+04
4.402699999999999818e+02
4.200000000000000000e+03
8.179930000000000291e+03
5.514840000000000146e+03
1.240420000000000073e+03
4.732710000000000036e+03
4.577238999999999942e+04
7.121999999999999886e+01
3.394579999999999927e+03
1.741039299999999930e+05
4.233130000000000291e+04
3.617755000000000291e+04
3.080000000000000000e+03
1.920000000000000000e+04
3.330858999999999651e+04
6.700558999999999651e+04
1.960709999999999854e+04
3.019400000000000000e+04
2.312000000000000000e+04
1.513689999999999964e+04
4.769844999999999709e+04
1.698888000000000102e+04
4.984369999999999891e+03
2.888799999999999955e+02
2.766129999999999927e+04
8.942059999999999491e+03
1.612068000000000029e+04
6.600000000000000000e+02
2.500000000000000000e+03
9.797770000000000437e+03
5.004649999999999636e+03
8.580399999999999636e+02
1.570743000000000029e+04
2.210611400000000140e+05
1.951572999999999956e+04
1.029000000000000000e+04
2.103795000000000073e+04
1.354160000000000000e+05
1.140478000000000065e+04
2.751929999999999927e+04
3.055799999999999841e+02
9.148000000000000000e+03
1.062019000000000051e+04
1.327000000000000000e+03
4.070480000000000018e+03
9.091040000000000873e+03
1.337686000000000058e+04
4.555420999999999913e+04
3.500000000000000000e+04
9.203250000000000000e+03
4.669609999999999673e+03
6.539891600000000326e+05
1.943331000000000131e+04
2.659513999999999942e+04
1.850640000000000146e+04
1.129262999999999920e+04
1.844350999999999840e+04
2.554929999999999836e+03
9.690780000000000655e+03
5.200000000000000000e+03
1.389607999999999993e+04
4.376299999999999955e+02
7.948609999999999673e+03
6.161020000000000437e+03
1.040068000000000029e+04
2.489820000000000164e+03
7.183455999999999767e+04
4.337723000000000320e+04
2.335404999999999927e+04
5.108120999999999913e+04
1.207000000000000000e+03
1.213170000000000073e+03
1.197243000000000029e+04
8.842000000000000455e+02
2.468366999999999825e+04
6.043000000000000000e+03
1.373704999999999927e+04
1.154994000000000051e+04
1.304588999999999942e+05
5.150338999999999942e+04
7.562400000000000091e+02
1.377000000000000000e+04
3.356643000000000029e+04
1.002806999999999971e+05
1.456666400000000140e+05
2.592000000000000000e+03
2.565480000000000018e+03
6.237859999999999673e+03
9.348000000000000398e+01
3.506466999999999825e+04
7.518760000000000218e+03
3.807940000000000055e+03
1.344600000000000000e+04
1.249091999999999971e+05
2.191440000000000146e+04
4.290989999999999782e+03
1.267618000000000029e+04
3.722070999999999913e+04
1.570399999999999920e+02
2.748700000000000045e+02
8.972879999999999200e+03
1.284540999999999985e+04
4.207840000000000146e+04
2.702781000000000131e+04
1.774022000000000116e+04
7.757100000000000364e+03
7.083100000000000364e+03
1.113100000000000000e+04
1.218487999999999920e+04
5.248000000000000000e+03
3.692766000000000349e+04
9.621299999999999955e+02
3.157122999999999956e+04
4.603109999999999854e+04
3.850000000000000000e+03
4.914805000000000291e+04
6.027260000000000218e+03
1.595000000000000000e+04
2.864388000000000102e+04
5.727960000000000036e+03
9.512959999999999127e+03
4.775699999999999932e+02
9.972200000000000273e+02
1.000000000000000021e-02
2.578888000000000102e+04
1.095868000000000029e+04
4.452337000000000262e+04
5.856100000000000364e+03
2.736179000000000087e+04
3.960039999999999964e+03
1.881799999999999955e+03
7.252308999999999651e+04
3.470400000000000091e+03
4.702850000000000364e+03
1.317332999999999993e+04
2.059172999999999956e+04
1.435553200000000070e+05
7.786260000000000218e+03
6.048000000000000000e+03
1.531410000000000082e+03
8.400000000000000000e+02
3.835369999999999891e+03
1.183700000000000045e+02
1.053878000000000065e+04
1.983720000000000027e+03
1.491846999999999935e+04
2.581659999999999854e+03
7.318399999999999636e+03
1.900000000000000000e+03
2.204250999999999840e+04
1.068337700000000041e+05
3.260600000000000023e+02
5.875800000000000182e+03
5.130000000000000000e+04
7.756852000000000407e+04
4.493284999999999854e+04
5.581020000000000437e+03
2.207460000000000036e+03
8.954899999999999636e+03
1.587289999999999964e+03
4.365019000000000233e+04
2.394230000000000018e+03
4.198779999999999745e+03
5.106551999999999680e+04
3.817866999999999825e+04
2.844045000000000073e+04
2.251500000000000000e+04
1.012363999999999942e+04
1.384561000000000058e+04
3.960000000000000000e+03
3.616800000000000182e+03
9.432000000000000000e+03
9.541569999999999709e+03
3.068139999999999873e+03
4.840090000000000146e+03
2.067788000000000102e+04
2.056969999999999800e+03
1.012080999999999949e+04
1.377787000000000080e+04
6.831750000000000000e+03
1.669100000000000000e+04
9.354075999999999476e+04
6.846130000000000109e+03
7.845677999999999884e+04
3.420031999999999971e+04
5.011999999999999886e+02
3.147440999999999985e+04
6.146870999999999913e+04
4.054579999999999927e+03
6.663989999999999782e+03
4.206544000000000233e+04
1.536823999999999978e+04
1.620907999999999993e+04
4.530500000000000000e+03
1.102515399999999936e+05
5.355560100000000093e+05
5.823230999999999767e+04
2.996456999999999971e+04
1.028929199999999983e+05
1.782321499999999942e+05
8.015939999999999600e+03
5.402840000000000146e+03
9.610299999999999727e+02
9.577610000000000582e+03
4.215352999999999884e+04
4.916443000000000029e+04
5.241898999999999796e+04
1.984410100000000093e+05
8.374209999999999127e+03
5.518948999999999796e+04
1.472750000000000000e+03
4.967100000000000364e+03
1.314000000000000000e+04
1.860200000000000045e+03
1.080000000000000000e+04
8.396049999999999272e+03
6.630000000000000000e+03
1.224968099999999977e+05
4.971409999999999854e+04
2.466760000000000218e+03
2.184562900000000081e+05
7.500000000000000000e+03
4.714659999999999854e+03
6.005016999999999825e+04
4.628127999999999884e+04
3.403068000000000029e+04
5.479340000000000146e+03
3.924268000000000029e+04
5.414149999999999636e+03
8.277350000000000364e+03
2.000000000000000000e+03
1.090820999999999913e+04
1.747910000000000082e+03
4.841800000000000182e+03
4.817340000000000146e+03
1.951004000000000087e+04
2.046957799999999988e+05
1.420295000000000073e+04
8.252450000000000728e+03
1.146000000000000000e+04
5.655430000000000291e+03
3.956088999999999942e+04
2.237559999999999945e+03
9.322400000000000000e+04
4.046599999999999909e+03
2.409800000000000000e+04
3.600000000000000000e+03
2.564800000000000182e+02
4.380830000000000291e+04
4.420579999999999927e+03
9.185933000000000175e+04
1.336943000000000029e+04
1.670411999999999898e+04
2.545502999999999884e+04
8.904719999999999345e+03
4.701023000000000320e+04
1.950000000000000000e+02
2.205190999999999985e+04
3.675308000000000175e+04
8.696809999999999491e+03
1.891240000000000009e+03
9.331409999999999854e+03
4.980000000000000000e+03
2.337911000000000058e+04
2.688000000000000114e+02
1.509868000000000029e+04
1.529000000000000057e+02
3.195370999999999913e+04
5.832130000000000109e+03
1.831000000000000000e+03
1.103628300000000017e+05
1.952843000000000029e+04
1.704990999999999985e+04
2.209061000000000058e+04
6.255026999999999680e+04
1.852458000000000175e+04
3.415090000000000146e+04
5.202960000000000036e+03
7.650099999999999909e+02
1.612640000000000100e+03
9.647400000000000091e+02
3.138804000000000087e+04
6.600000000000000000e+03
1.655254000000000087e+04
2.052633000000000175e+04
1.873400000000000034e+02
9.180000000000000000e+02
2.696260000000000218e+03
1.779810000000000000e+05
6.847486000000000058e+04
1.838661000000000058e+04
5.113479999999999563e+03
2.145688000000000102e+04
4.316000000000000000e+04
3.689690000000000146e+04
4.675699999999999818e+03
3.531360000000000127e+03
3.119775999999999840e+04
3.413287000000000262e+04
2.160000000000000000e+03
4.550000000000000000e+04
4.586399999999999636e+03
5.057659999999999854e+04
3.412361000000000058e+04
4.834300000000000182e+03
1.003725000000000000e+04
6.278780000000000291e+04
1.369778000000000065e+04
7.387590000000000146e+03
2.244702999999999884e+04
6.517680000000000291e+03
1.218285000000000036e+04
1.225560000000000036e+04
9.669440000000000509e+03
9.263040000000000873e+03
1.631389999999999964e+04
4.382000000000000000e+03
3.306110000000000127e+03
5.277899999999999636e+02
6.258340000000000146e+03
1.315780000000000000e+05
1.464110000000000036e+04
1.164160000000000082e+03
6.925899999999999636e+03
2.523800000000000182e+03
6.058620999999999913e+04
4.270810000000000400e+03
4.133156999999999971e+04
2.687360000000000127e+03
6.586739999999999782e+03
1.377432999999999993e+04
2.022500000000000000e+03
8.810129999999999200e+03
1.151899999999999977e+02
9.142000000000000000e+03
9.315139999999999418e+03
2.624200000000000159e+02
5.103119999999999891e+03
3.602063999999999942e+04
1.855086999999999898e+04
3.298500000000000227e+02
1.726211999999999898e+04
3.590756999999999971e+04
2.585934000000000015e+04
3.214545000000000073e+04
1.675722999999999956e+04
7.545579999999999927e+03
8.271209999999999127e+03
1.219602000000000044e+04
2.214154999999999927e+04
1.105450000000000000e+04
1.105549999999999955e+03
2.183710000000000036e+03
3.459363999999999942e+04
1.397553000000000065e+04
1.000000000000000000e+04
1.812195000000000073e+04
2.859869999999999891e+03
6.742000000000000000e+03
5.411159999999999854e+03
1.407752000000000044e+04
4.800000000000000000e+03
4.482475000000000000e+04
2.653786000000000058e+04
2.578699000000000160e+04
2.068100000000000000e+04
4.567900000000000205e+02
1.239998999999999978e+04
2.397199999999999818e+03
8.292522999999999593e+04
7.083420000000000073e+03
7.457699000000000524e+04
8.800219000000000233e+04
4.886000000000000000e+03
3.066722000000000116e+04
2.848000000000000114e+02
5.449600000000000364e+02
2.208925999999999840e+04
2.920445999999999913e+04
6.257420000000000073e+03
1.437100000000000000e+05
2.308950999999999840e+04
2.647900000000000205e+02
3.195343000000000029e+04
1.226729000000000087e+04
1.303900000000000000e+04
1.069500000000000000e+04
1.906052999999999884e+04
1.255676000000000022e+04
2.768300000000000000e+04
2.258372000000000116e+04
9.752000000000000000e+03
5.281010000000000218e+03
1.010016000000000058e+05
1.641599999999999966e+02
7.780700000000000500e+02
5.215211000000000058e+04
1.593369000000000051e+04
1.916038000000000102e+04
2.795900000000000091e+03
8.416613999999999942e+04
1.817150000000000000e+05
2.329059999999999945e+03
1.422739999999999964e+04
5.079000000000000000e+03
3.139449999999999818e+03
7.621900000000000546e+02
2.629316999999999825e+04
1.221105700000000070e+05
1.000000000000000021e-02
1.904404000000000087e+04
5.058355000000000291e+04
1.854659999999999854e+04
1.526169000000000051e+04
1.385231600000000035e+05
1.868134000000000015e+04
8.925000000000000000e+03
5.431250000000000000e+03
1.418660000000000082e+03
3.116100000000000000e+04
7.364779999999999745e+03
4.742800000000000182e+03
1.291529999999999973e+03
3.955864600000000210e+05
3.071000000000000227e+02
5.998630999999999767e+04
1.903388000000000102e+04
5.600000000000000000e+03
1.298944000000000051e+04
5.769760000000000218e+03
3.743868000000000029e+04
8.566850000000000364e+03
3.844400000000000091e+03
7.525650999999999476e+04
1.678552999999999884e+04
2.355477999999999884e+04
1.752090000000000146e+04
1.161029999999999927e+04
3.600000000000000000e+03
3.938449999999999818e+03
7.562461999999999534e+04
3.820655999999999767e+04
6.750678999999999360e+04
2.672177999999999884e+04
1.060000000000000000e+03
3.467130000000000109e+03
2.547139999999999873e+03
2.300000000000000000e+03
1.762500000000000000e+04
3.607393000000000029e+04
1.858958200000000070e+05
8.868469999999999345e+03
1.204920000000000073e+04
5.490233000000000175e+04
8.022760000000000218e+03
1.394430700000000070e+05
1.072210000000000036e+03
2.114229000000000087e+04
1.742095999999999913e+04
3.266699999999999818e+03
2.135279999999999927e+04
1.579211600000000035e+05
5.740436000000000058e+04
3.354298999999999796e+04
8.037189999999999600e+03
3.288780000000000200e+03
9.368099999999999454e+02
3.929280000000000291e+04
9.922699999999999818e+02
7.874400999999999476e+04
1.722279999999999973e+03
5.405989999999999782e+03
1.588000000000000000e+03
1.030000000000000000e+04
7.840500000000000000e+04
6.733419999999999709e+04
4.840000000000000000e+02
5.210000000000000000e+02
1.643800999999999840e+04
1.334207999999999993e+04
7.092000000000000000e+03
7.479279999999999745e+03
4.196000000000000227e+02
4.318470000000000255e+03
1.588000000000000114e+02
1.680000000000000000e+03
2.399054999999999927e+04
2.312270000000000073e+04
2.963493000000000029e+04
3.150579999999999927e+03
4.881612000000000116e+05
1.650399999999999920e+02
4.130199999999999818e+02
5.388823999999999796e+04
2.002070000000000073e+04
9.642972999999999593e+04
2.158559000000000015e+04
4.462079999999999927e+03
1.000000000000000000e+04
8.008032000000000698e+04
2.052718000000000029e+04
2.345219999999999800e+03
4.614240000000000146e+04
5.652000000000000455e+02
1.126067000000000007e+04
6.799800000000000182e+02
1.522884000000000015e+04
1.440000000000000000e+04
1.353099999999999909e+03
1.402680000000000064e+03
1.336596999999999935e+04
2.115900000000000034e+02
1.109553000000000065e+04
2.720000000000000000e+02
2.266670000000000073e+03
2.672200000000000273e+02
5.721729999999999563e+03
1.202800000000000000e+04
1.579272999999999956e+04
2.277559999999999945e+03
3.600000000000000000e+04
1.786970999999999913e+04
4.135199999999999818e+02
9.555290000000000873e+03
5.256599999999999682e+02
3.148600000000000136e+02
2.666800000000000182e+03
2.729790000000000146e+04
3.218654000000000087e+04
4.015376000000000204e+04
6.584869999999999891e+03
1.023139999999999986e+03
1.212288999999999942e+04
6.549020000000000437e+03
3.541999999999999886e+02
4.599109999999999673e+03
6.128366000000000349e+04
9.683600000000000364e+03
4.414169999999999709e+04
8.018916999999999825e+04
7.106988000000000466e+04
2.697429000000000087e+04
3.044800000000000182e+02
8.550780000000000655e+03
1.046226000000000022e+04
3.717820000000000164e+03
7.994479999999999563e+03
6.097359999999999673e+03
6.493289999999999964e+03
8.000029999999999745e+03
2.250239999999999782e+03
1.758740000000000009e+03
3.920019999999999982e+03
4.595365000000000146e+04
6.196833000000000175e+04
9.843241999999999825e+04
2.279388000000000102e+04
9.267100000000000364e+02
4.152994000000000233e+04
2.577011999999999898e+04
2.807225999999999840e+04
5.760000000000000000e+02
3.254772999999999956e+04
5.453144000000000233e+04
3.240000000000000000e+03
1.572400000000000000e+04
5.134260000000000218e+03
7.206000000000000227e+01
1.000050000000000000e+04
3.591429999999999836e+03
1.525000000000000000e+04
9.202950000000000728e+03
3.000000000000000000e+03
2.709229000000000087e+04
1.321782999999999993e+04
4.324800000000000000e+04
1.604844000000000051e+04
8.763299999999999272e+03
8.438180000000000291e+03
1.663116999999999825e+04
8.755100000000000364e+03
4.286270000000000437e+03
2.227190000000000146e+04
3.443840000000000146e+04
3.136627000000000044e+04
1.905699000000000160e+04
1.672850999999999840e+04
4.088998999999999796e+04
4.066341999999999825e+04
3.650320000000000164e+03
6.264290000000000146e+04
8.568000000000000000e+03
8.866909999999999854e+03
1.092669600000000064e+05
1.747481999999999971e+04
1.211327000000000044e+04
1.135273999999999978e+04
3.692766000000000349e+04
1.685954000000000087e+04
2.551438999999999942e+04
1.250720000000000027e+03
2.358270999999999913e+04
2.161010000000000218e+03
2.076758000000000175e+04
2.664086999999999898e+04
2.276659999999999854e+04
2.300000000000000000e+04
7.305779999999999745e+03
4.200970000000000255e+03
3.130099999999999909e+02
3.393199999999999818e+03
7.908260000000000218e+03
1.327905999999999949e+04
2.943715999999999985e+04
2.488153399999999965e+05
1.177705999999999949e+04
1.681752999999999884e+04
1.426586000000000058e+04
1.364736400000000140e+05
4.695550000000000182e+03
1.093411900000000023e+05
1.421930999999999949e+04
1.658254000000000087e+04
1.200012999999999920e+04
5.088440000000000146e+04
9.618280000000000655e+03
1.044470000000000073e+04
3.054652999999999884e+04
4.301541999999999825e+04
2.903280000000000200e+03
4.856816999999999825e+04
2.537750000000000000e+04
4.916060000000000400e+03
8.593614999999999418e+04
1.300267000000000007e+04
3.923999999999999773e+02
3.403700000000000000e+04
3.502800000000000000e+04
2.588061799999999930e+05
4.333550000000000182e+03
4.710750000000000000e+03
1.350600000000000000e+04
9.026559999999999491e+03
1.145592000000000007e+04
6.955900000000000318e+02
2.008350000000000000e+04
8.656530000000000655e+03
3.468214000000000233e+05
1.209895999999999913e+04
3.252118999999999869e+04
3.110739999999999782e+03
5.661270000000000437e+03
2.400000000000000000e+03
1.560029999999999973e+03
2.357834999999999854e+04
6.795819999999999709e+03
1.607400000000000091e+02
2.868052000000000044e+04
4.222951999999999680e+04
6.800039999999999964e+03
3.759113999999999942e+04
2.036950000000000000e+04
8.063919999999999709e+04
2.584559999999999854e+04
7.343630000000000109e+03
2.041927999999999884e+04
7.067569999999999709e+03
1.493856000000000058e+05
1.593056999999999971e+04
2.154293999999999869e+04
6.299279999999999745e+03
4.193479999999999563e+03
4.200000000000000000e+02
5.296670000000000073e+03
3.076825999999999840e+04
2.171547000000000116e+04
1.252190099999999948e+05
6.630000000000000000e+04
1.578052000000000044e+04
3.326219999999999709e+04
1.109587000000000080e+04
4.670143699999999953e+05
3.649656999999999971e+04
3.775000000000000000e+02
1.296070999999999913e+04
2.114775000000000000e+04
1.161970999999999913e+04
3.999030000000000291e+04
5.364359999999999673e+03
1.337049999999999955e+03
2.000000000000000000e+04
3.996065000000000146e+04
7.492800000000000000e+04
1.276500000000000057e+02
1.859091999999999825e+04
4.606770999999999913e+04
1.532900000000000091e+03
2.725124000000000160e+04
2.977130000000000000e+05
1.004674499999999971e+05
1.300000000000000000e+05
2.741118999999999869e+04
1.388499999999999943e+02
3.140480000000000018e+03
3.649700000000000273e+02
1.442750000000000000e+04
6.618569000000000233e+04
9.163979999999999563e+03
1.882647000000000116e+04
7.865720000000000255e+03
3.751996599999999744e+05
5.278301000000000204e+04
1.840854000000000087e+04
1.343925400000000081e+05
2.338300000000000000e+04
5.962531999999999971e+04
4.763088999999999942e+04
1.914000000000000000e+03
7.298479999999999563e+03
1.112670000000000073e+03
3.015495000000000073e+04
4.190394999999999709e+04
1.385552000000000044e+04
1.552509999999999991e+03
3.531048000000000320e+04
1.203869999999999891e+03
5.999999999999999778e-02
8.587500000000000000e+03
1.770159000000000015e+04
8.956850000000000364e+03
2.729702000000000044e+04
1.007029999999999927e+04
9.993477000000000407e+04
2.305780000000000200e+03
3.208543999999999869e+04
1.960000000000000000e+04
2.926131999999999971e+04
4.809713999999999942e+04
2.839119999999999891e+03
5.677409999999999854e+03
1.478943000000000029e+04
9.141000000000000000e+03
5.940039999999999964e+03
1.655884999999999854e+04
7.000000000000000000e+02
1.594337300000000105e+05
1.901920000000000073e+03
1.658681999999999971e+04
1.186739999999999964e+04
9.282000000000000000e+03
5.999999999999999778e-02
4.958670000000000073e+03
1.757054999999999927e+04
3.883216000000000349e+04
1.693831999999999971e+04
2.405279000000000087e+04
4.091480000000000018e+03
2.521563999999999942e+04
2.819138000000000102e+04
1.477653000000000065e+04
2.852340000000000146e+03
8.305599999999999454e+02
3.269886999999999898e+04
1.298000000000000114e+02
5.077529999999999745e+03
1.600800000000000125e+02
5.264600000000000364e+02
4.375300000000000182e+03
1.920990000000000009e+03
2.532249000000000160e+04
4.323119999999999891e+03
2.831900999999999840e+04
5.685000000000000142e+01
8.059909999999999854e+03
9.092261999999999534e+04
5.255068000000000029e+04
4.663591000000000349e+04
5.163310000000000400e+03
5.509841000000000349e+04
1.052659000000000015e+04
4.503750000000000000e+03
1.000000000000000021e-02
5.732100000000000364e+02
1.902848099999999977e+05
2.262549000000000160e+04
5.124880000000000109e+03
1.711690000000000055e+03
1.607700000000000102e+02
6.484400000000000546e+02
2.846787100000000210e+05
7.491400000000000000e+04
5.206600000000000364e+03
1.783147000000000116e+04
5.989055000000000291e+04
2.270639999999999873e+03
1.265337999999999920e+04
6.281600000000000364e+03
7.042049000000000524e+04
6.542699999999999818e+03
1.500000000000000000e+04
9.725819999999999709e+03
1.873720000000000027e+03
1.759300000000000068e+02
4.750105000000000291e+04
1.131943000000000029e+04
7.062810000000000400e+03
2.243679999999999836e+03
5.388400000000000318e+02
4.620523999999999796e+04
1.983000000000000000e+03
1.320796999999999935e+04
6.324504000000000087e+04
2.057000000000000000e+03
2.376599999999999966e+02
2.162422999999999956e+04
5.986300000000000182e+03
1.620000000000000000e+03
6.144965000000000146e+04
5.105000000000000000e+02
4.058099999999999909e+03
3.916476999999999680e+04
1.214799999999999955e+03
4.535319999999999709e+03
4.849890000000000146e+04
8.750690000000000509e+03
1.358859000000000015e+04
6.868560000000000400e+03
2.842679000000000087e+04
3.401008999999999651e+04
1.676000000000000000e+04
1.337599999999999909e+03
1.985250000000000000e+03
8.914790000000000873e+03
4.647008000000000175e+04
1.849277000000000044e+04
5.659900000000000091e+02
1.473265999999999985e+04
1.898906999999999971e+04
8.313513999999999942e+04
1.747268000000000029e+04
9.945000000000000000e+03
2.042761000000000058e+04
2.398300000000000125e+02
1.080000000000000000e+02
1.474080999999999949e+04
1.969556999999999971e+04
6.035351999999999680e+04
3.672000000000000000e+03
3.237599999999999909e+02
5.460684999999999854e+04
5.184448999999999796e+04
1.250073600000000006e+05
6.337544999999999709e+04
1.792534999999999854e+04
1.269906199999999953e+05
5.680599999999999454e+02
1.300665999999999985e+04
1.768450000000000045e+03
3.911909999999999854e+03
1.076089999999999918e+03
3.354298999999999796e+04
1.409231700000000128e+05
2.262470000000000073e+04
1.471893200000000070e+05
7.160997199999999721e+05
2.407354999999999927e+04
9.376307000000000698e+04
4.462079999999999927e+03
6.741859999999999673e+03
2.571900999999999840e+04
1.862034000000000015e+04
4.953799999999999955e+02
6.885670000000000073e+03
1.505055999999999949e+04
3.069872999999999956e+04
8.634700000000000273e+02
3.757766999999999825e+04
1.202145999999999913e+04
2.348725000000000000e+04
8.291682000000000698e+04
3.743868000000000029e+04
1.529740000000000009e+03
2.578600000000000000e+04
5.384837999999999738e+04
1.215006999999999971e+04
1.709540999999999985e+04
9.589840000000000146e+03
2.214772000000000116e+04
3.840000000000000000e+03
2.292929000000000087e+04
2.257084999999999854e+04
2.337911000000000058e+04
1.987089999999999918e+03
1.897100000000000080e+02
8.077699999999999818e+02
1.114212999999999920e+04
9.308400000000000318e+02
6.749861999999999534e+04
5.060800000000000182e+03
4.045619999999999891e+03
1.692206000000000131e+04
1.423678200000000070e+05
2.274709000000000015e+04
5.373720000000000255e+03
1.046586000000000058e+04
7.811414999999999418e+04
3.580000000000000071e+00
5.960101000000000204e+04
1.884583000000000175e+04
1.461515999999999985e+04
1.129918000000000029e+04
1.345000000000000000e+04
1.225738999999999942e+04
5.403504000000000087e+04
1.290000000000000000e+02
1.696379999999999927e+04
3.696000000000000000e+04
6.556199999999999818e+03
1.793460000000000036e+03
5.359920000000000073e+03
3.306798999999999796e+04
1.091925000000000000e+04
2.989416999999999825e+04
3.817869999999999709e+04
1.078186100000000006e+05
1.891900000000000091e+03
3.046363000000000102e+04
8.302039999999999418e+04
7.083375000000000000e+04
1.194300000000000068e+02
8.184999999999999432e+01
3.425145999999999913e+04
3.885409999999999854e+04
2.832119999999999891e+03
4.787869999999999891e+03
2.260000000000000000e+02
4.804710000000000036e+03
3.976039999999999964e+03
8.025000000000000000e+03
1.628899999999999864e+02
1.575000000000000000e+03
5.428547000000000116e+04
1.250002000000000044e+04
8.498000000000000000e+03
6.026289999999999964e+03
3.565851000000000204e+04
1.359329999999999927e+03
1.867059000000000015e+04
2.673849999999999909e+03
2.728899999999999864e+02
1.646500000000000000e+04
4.126499999999999773e+02
6.767010000000000218e+03
1.270597999999999956e+04
1.098100000000000023e+02
1.226057899999999936e+05
4.779201000000000204e+04
3.043699999999999818e+03
3.345770999999999913e+04
2.329049400000000023e+05
2.641200999999999840e+04
2.731322000000000116e+04
3.155100000000000000e+04
1.065668000000000029e+04
2.631299999999999955e+02
1.515148999999999978e+04
2.000000000000000000e+05
3.248727000000000044e+04
4.014737000000000262e+04
1.066845999999999913e+04
3.716280000000000291e+04
3.463820999999999913e+04
1.189220000000000027e+03
3.032059999999999945e+03
3.409050300000000279e+05
8.807200000000000273e+02
2.329400000000000091e+03
3.996000000000000227e+02
3.859062999999999738e+04
6.000000000000000000e+02
4.083999999999999773e+02
2.565204999999999927e+04
1.231644000000000051e+04
2.645252000000000044e+04
2.976299999999999955e+02
1.705779999999999973e+03
3.255530000000000200e+03
2.933804000000000087e+04
2.208340000000000146e+03
6.937000000000000000e+03
4.420000000000000000e+03
6.426729999999999563e+03
2.721575999999999840e+04
5.000100000000000364e+03
2.888359999999999854e+04
4.294200000000000159e+02
5.546930000000000291e+03
2.632200000000000000e+04
1.354984500000000116e+05
5.440000000000000000e+03
2.633706000000000131e+04
8.877899999999999636e+02
2.216829999999999927e+03
3.878550000000000000e+04
9.968711999999999534e+04
2.128136000000000058e+04
1.149699999999999989e+02
8.693799999999999955e+02
2.782060000000000000e+05
2.551588000000000102e+04
1.058879999999999927e+04
1.327825000000000000e+04
2.084239999999999782e+03
5.923999999999999773e+02
3.607791000000000349e+04
1.535210000000000036e+03
6.907594999999999709e+04
2.693088499999999767e+05
8.206000000000000227e+01
7.827699999999999818e+02
1.022809000000000015e+04
4.352710000000000036e+03
3.027731000000000131e+04
6.434252999999999884e+04
1.846130000000000109e+03
2.029184999999999854e+04
5.166800000000000000e+04
2.160000000000000000e+03
6.534341000000000349e+04
1.634334000000000015e+04
5.752199999999999818e+03
8.806900000000000546e+02
8.547739999999999782e+03
3.984980000000000018e+03
4.663458000000000175e+04
4.060000000000000000e+03
1.996045000000000073e+04
5.827973999999999796e+04
2.410909000000000015e+04
2.523510000000000218e+03
8.718700999999999476e+04
8.840000000000000000e+02
9.478469999999999345e+03
4.282069999999999709e+03
2.000000000000000042e-02
3.762750000000000000e+04
3.656398000000000320e+04
1.346955999999999949e+04
1.858960000000000036e+03
3.146999999999999886e+02
3.875500000000000000e+04
1.456050000000000000e+04
7.400000000000000000e+04
4.758083999999999651e+04
9.231999999999999318e+01
4.500840000000000146e+03
1.307000000000000000e+04
3.018900000000000000e+04
3.286312000000000262e+04
2.547409000000000015e+04
6.081000000000000000e+04
4.678501000000000204e+04
2.053999999999999915e+01
8.462840000000000146e+03
1.851099000000000160e+04
1.657695999999999913e+04
8.981709999999999127e+03
4.590863999999999942e+04
6.940800000000000182e+03
5.474463999999999942e+04
1.038135000000000036e+04
1.366545999999999913e+04
3.698059999999999945e+03
1.153599999999999994e+02
5.656000000000000227e+02
1.180800000000000000e+04
1.599443399999999965e+05
1.549637000000000080e+04
1.201295000000000073e+04
2.020295999999999913e+04
7.616260000000000218e+03
1.446075000000000000e+04
3.216502000000000044e+04
1.430690999999999985e+04
1.264189999999999964e+04
1.372642000000000007e+04
6.727799999999999727e+02
8.045130000000000291e+04
3.157397999999999956e+04
1.031142000000000007e+04
1.078940000000000055e+03
1.200000000000000000e+04
6.596000000000000227e+02
6.586359999999999673e+03
3.764886000000000058e+04
3.321427199999999721e+05
3.161799000000000160e+04
8.400000000000000000e+02
1.406903999999999942e+05
3.155000000000000000e+04
6.530800000000000409e+02
1.500000000000000000e+04
7.280770000000000437e+03
1.438245999999999913e+04
3.903631999999999971e+04
4.261397000000000116e+04
9.007500000000000000e+02
1.140059999999999945e+03
1.731916999999999825e+04
1.778174500000000116e+05
3.020000000000000000e+04
1.134559199999999983e+05
4.830408999999999651e+04
4.265134999999999854e+04
2.775091999999999825e+04
8.064069999999999709e+03
3.305699999999999932e+02
4.039499999999999886e+02
9.062389999999999418e+03
5.132529999999999745e+03
2.983506999999999971e+04
2.550019999999999982e+03
2.592000000000000000e+03
3.498139999999999873e+03
1.589420000000000073e+03
2.299574000000000160e+04
7.054850000000000364e+03
2.293489999999999782e+03
4.999000000000000000e+03
3.141738999999999942e+04
5.137601000000000204e+04
3.267702999999999884e+04
5.334399999999999636e+03
2.205168999999999869e+04
7.000000000000000000e+03
2.634781999999999971e+04
4.005030999999999767e+04
8.456590000000000146e+03
1.057839999999999918e+03
1.093288699999999953e+05
6.610000000000000000e+02
3.204800000000000182e+03
8.109000000000000000e+04
3.539043000000000029e+04
8.000399999999999636e+02
3.997429999999999836e+03
1.150100000000000051e+02
5.775909999999999854e+04
2.294739999999999782e+03
1.824240000000000009e+03
5.955736000000000058e+04
7.542200000000000273e+02
3.593999999999999773e+02
3.282344000000000233e+04
3.378491999999999825e+04
7.284949999999999818e+03
2.946154999999999927e+04
8.949829999999999927e+03
2.415931000000000131e+04
1.231210000000000036e+03
1.723178500000000058e+05
2.839918000000000029e+04
9.302402999999999884e+04
2.608570000000000164e+03
1.042788999999999942e+04
3.001039999999999964e+03
1.108995999999999913e+04
5.377962999999999738e+04
1.643802000000000044e+04
1.440553000000000065e+04
3.147200000000000273e+02
5.000000000000000000e+03
2.110306099999999860e+05
3.172097000000000116e+04
6.031599999999999682e+02
2.843665999999999985e+04
4.402699999999999818e+02
2.015811999999999898e+04
1.562656999999999971e+04
1.604812000000000080e+04
1.254736000000000058e+04
2.088158000000000175e+04
4.536200000000000045e+02
7.950270000000000437e+03
2.919856999999999971e+04
4.699300000000000182e+03
3.480000000000000000e+04
2.211949100000000035e+05
2.109940000000000055e+03
1.876191199999999953e+05
1.924700000000000000e+04
7.540067999999999302e+04
5.058062000000000262e+04
6.460100000000000000e+04
1.839152000000000044e+04
1.166599999999999966e+02
5.653739999999999782e+03
3.969788999999999942e+04
3.012168999999999869e+04
1.927347999999999956e+04
6.658227000000000407e+04
3.331500000000000000e+04
9.782741999999999825e+04
2.597536000000000058e+04
3.870500000000000114e+02
2.289911000000000058e+04
2.342263699999999953e+05
1.615875000000000000e+04
1.718600000000000136e+02
8.688438000000000466e+04
1.641345000000000073e+04
1.160000000000000000e+04
2.968600999999999840e+04
8.269999999999999574e+00
8.660603999999999360e+04
3.219134000000000015e+04
4.493060000000000400e+03
8.706670000000000073e+03
1.663505499999999884e+05
2.050320000000000073e+04
1.470384000000000015e+04
3.522190000000000055e+03
2.212470000000000073e+04
4.065151000000000204e+04
2.477800000000000011e+02
3.893650000000000000e+04
5.786259999999999854e+04
1.347100000000000080e+02
2.526699999999999875e+02
1.643799999999999955e+02
6.208200000000000500e+02
2.296747000000000116e+04
1.671079999999999927e+03
7.092140000000000327e+03
2.639517800000000279e+05
1.169210000000000000e+05
1.283350000000000000e+04
1.430493000000000029e+04
7.545579999999999927e+03
4.428829999999999927e+03
2.429654000000000087e+04
1.076539999999999964e+03
2.482190000000000055e+03
1.516809999999999945e+03
6.772800000000000182e+03
3.433219999999999800e+03
4.583340000000000146e+03
4.065151000000000204e+04
1.109022999999999956e+04
2.988449999999999818e+03
1.838958000000000175e+04
3.000000000000000000e+04
1.038887999999999920e+04
1.719981999999999971e+04
1.652145000000000073e+04
8.404530999999999767e+04
8.467370000000000800e+03
1.107210000000000036e+04
1.325000000000000000e+03
1.350319800000000105e+05
5.646000000000000085e+01
3.661879000000000087e+04
4.455266000000000349e+04
8.025250000000000000e+03
5.350579999999999927e+03
1.552069999999999936e+03
4.199989999999999782e+03
2.154086000000000058e+04
9.134899999999999636e+03
8.623902000000000407e+04
3.051659999999999854e+04
8.161159999999999854e+03
3.891899999999999977e+02
1.435210000000000036e+03
1.496599999999999966e+02
1.166888000000000029e+05
7.026229999999999563e+03
5.699560000000000400e+03
4.441000000000000227e+02
6.315858000000000175e+04
1.311009999999999991e+03
3.875000000000000000e+03
5.545310000000000400e+03
1.893347999999999956e+04
2.666800000000000068e+02
3.210106000000000131e+04
7.165588999999999942e+04
1.054300399999999936e+05
5.305000000000000000e+02
2.057591999999999825e+04
3.579200000000000159e+02
2.446900000000000000e+04
1.357454800000000105e+05
1.344399999999999977e+02
5.583283000000000175e+04
1.539998999999999978e+04
2.109997999999999956e+04
2.557025000000000000e+04
6.331649999999999636e+03
2.149847999999999956e+04
1.444912000000000080e+04
2.544857600000000093e+05
2.812000000000000000e+03
5.782000000000000028e+01
1.389810000000000000e+05
2.392500000000000000e+03
1.288240000000000000e+05
3.315487000000000262e+04
1.740500000000000000e+03
1.288345299999999988e+05
5.230800000000000000e+04
6.024939999999999600e+03
1.127251600000000035e+05
1.101329999999999927e+03
2.521413999999999942e+04
1.242517000000000007e+04
1.467809999999999945e+03
1.107000000000000028e+02
3.729987000000000262e+04
1.733195000000000073e+04
2.062641999999999825e+04
7.516522000000000116e+04
5.000000000000000000e+00
1.491160000000000082e+03
3.548794999999999709e+04
3.960000000000000000e+04
2.059629000000000087e+04
9.021900000000000546e+02
4.956130000000000109e+03
5.318450400000000373e+05
4.796200000000000045e+02
1.493288999999999942e+04
4.634630000000000109e+03
2.104186999999999898e+04
4.224700000000000273e+02
1.320526000000000022e+04
6.613500000000000000e+03
1.659375000000000000e+04
1.136279999999999973e+03
3.389758999999999651e+04
1.491370000000000000e+05
2.750000000000000000e+04
1.634000000000000057e+02
6.904299999999999500e+02
1.076176000000000022e+04
1.608829999999999927e+03
8.221159999999999854e+03
5.305310000000000400e+03
3.417000000000000000e+03
5.454529999999999745e+03
2.045480000000000018e+03
1.872480000000000018e+03
8.316370000000000800e+03
1.327395000000000073e+04
1.204290999999999985e+04
1.608727000000000044e+04
3.458804000000000087e+04
2.700015000000000146e+04
1.103202000000000044e+04
3.810044000000000233e+04
1.246218000000000029e+04
1.487269999999999982e+03
1.234670000000000073e+04
4.819362000000000262e+04
2.915199999999999818e+03
2.438454000000000087e+04
8.157590000000000146e+03
1.285890000000000100e+03
2.527380000000000109e+03
1.682099999999999909e+03
1.080000000000000000e+04
9.996900000000000546e+02
1.617237900000000081e+05
1.810538000000000102e+04
5.766797000000000116e+04
3.442169400000000023e+05
2.679750000000000000e+04
4.407181999999999971e+04
3.044380000000000109e+03
1.697663000000000102e+04
1.396184000000000015e+04
2.363539999999999964e+03
4.751399999999999636e+03
5.376710000000000036e+03
4.945000000000000000e+02
4.309900000000000091e+02
5.462200000000000273e+02
7.581229999999999563e+03
8.557510000000000218e+03
3.139188999999999942e+04
5.119319999999999709e+04
2.560000000000000000e+04
1.658413999999999942e+04
1.704279999999999973e+03
1.760500000000000114e+02
6.708380000000000109e+03
1.310118500000000058e+05
5.602661000000000058e+04
4.123688999999999942e+04
1.414000000000000000e+03
2.606670000000000073e+04
1.246329999999999927e+03
3.277880000000000109e+03
1.304838099999999977e+05
8.393999999999999773e+02
2.477545000000000073e+04
2.887240000000000146e+04
2.493969999999999800e+03
3.523039999999999964e+03
6.400000000000000000e+03
1.488008099999999977e+05
4.521402999999999884e+04
1.198499999999999943e+02
7.400000000000000000e+03
1.935338000000000102e+04
3.723500000000000227e+02
8.489128999999999360e+04
5.938180000000000291e+03
4.090000000000000000e+03
2.229139999999999873e+03
3.870500000000000114e+02
7.043189999999999600e+03
3.937308000000000175e+04
4.572083999999999651e+04
2.647627000000000044e+04
3.153700000000000045e+02
7.508633999999999651e+04
2.030747900000000081e+05
2.934815000000000146e+04
2.824260000000000218e+03
6.137365000000000146e+04
8.459010000000000218e+03
1.641025999999999840e+04
1.913706000000000131e+04
1.014600000000000023e+03
2.189499999999999886e+02
6.116579999999999927e+03
1.464155999999999949e+04
2.560980000000000018e+03
4.920519999999999709e+04
5.844619999999999891e+03
6.190942900000000373e+05
1.591610000000000036e+04
2.250648500000000058e+05
2.979945999999999913e+04
8.901280000000000655e+03
1.995000000000000000e+03
5.898937000000000262e+04
1.169344000000000051e+04
3.670960000000000036e+03
1.247200000000000045e+03
9.560000000000000000e+03
2.185380000000000109e+03
6.902397000000000116e+04
6.640000000000000000e+02
5.227699999999999818e+02
1.247315999999999985e+04
9.922902999999999884e+04
8.947100000000000364e+02
1.200000000000000000e+03
3.123449999999999818e+03
1.461607999999999993e+04
1.918000000000000114e+02
3.942297000000000116e+04
1.563270000000000073e+04
1.024301000000000022e+04
1.699759999999999991e+03
1.261878999999999942e+05
8.349629999999999200e+03
8.150930000000000291e+03
6.432310000000000400e+03
6.442169999999999709e+04
2.082718000000000029e+04
3.193800000000000182e+03
8.959889999999999418e+03
5.370000000000000000e+02
4.631600000000000250e+02
2.304300000000000000e+04
7.200000000000000000e+03
1.542296999999999935e+04
3.351280100000000093e+05
4.490130000000000109e+03
3.730880999999999767e+04
9.562020000000000437e+03
1.769700000000000000e+04
1.206394000000000051e+04
4.253033999999999651e+04
2.922315000000000146e+04
2.468074000000000160e+04
1.578989999999999964e+04
4.973000000000000000e+03
6.300000000000000000e+03
3.392034999999999854e+04
8.807000000000000000e+03
3.234679999999999836e+03
2.154293999999999869e+04
1.917920000000000073e+03
6.138100000000000364e+03
8.167838000000000466e+04
1.100239999999999964e+04
3.823300000000000182e+03
8.568099999999999454e+02
7.192269999999999709e+04
3.671260000000000218e+03
3.960358000000000175e+04
2.212159999999999854e+04
1.203647299999999959e+05
3.330000000000000000e+02
1.484900000000000091e+03
1.259450700000000070e+05
4.445420000000000073e+03
2.800000000000000000e+04
1.532245999999999913e+04
5.654210000000000036e+03
2.129315999999999985e+04
6.157200000000000273e+02
5.334399999999999636e+03
1.205617000000000007e+04
2.500000000000000000e+03
1.508353000000000065e+04
9.423459999999999127e+03
2.694165999999999985e+04
1.048990099999999948e+05
2.581981000000000131e+04
1.870999999999999943e+02
1.135570000000000073e+04
1.861959000000000015e+04
7.947583999999999651e+04
1.222511399999999994e+05
2.430000000000000000e+02
3.836972000000000116e+04
8.060970000000000255e+03
1.194815999999999985e+04
8.507510000000000218e+03
1.009239999999999964e+04
5.670350000000000364e+03
9.596000000000000000e+03
1.032900000000000000e+04
3.978300000000000000e+04
9.512752999999999884e+04
3.270090000000000146e+03
8.224670000000000073e+03
7.399199999999999591e+02
1.413890000000000100e+03
5.284069000000000233e+04
9.705133000000000175e+04
8.550909999999999854e+03
8.833877000000000407e+04
7.000000000000000000e+03
1.365721099999999860e+05
2.026109999999999900e+03
4.260294000000000233e+04
3.467823000000000320e+04
4.130000000000000000e+03
2.046279999999999973e+03
4.712819000000000233e+04
5.406165000000000146e+04
9.520999999999999375e+01
2.894311999999999898e+04
2.160700999999999840e+04
2.324190000000000055e+03
9.670519000000000233e+04
4.654890000000000327e+03
6.477100000000000364e+02
1.406171999999999935e+04
1.529609000000000015e+04
1.277999999999999972e+02
5.362480999999999767e+04
1.766279999999999927e+04
3.941198000000000320e+04
4.816500000000000000e+04
1.048020000000000073e+04
9.853061000000000058e+04
5.661260000000000218e+03
2.970833000000000175e+04
3.384019999999999982e+03
2.637438000000000102e+04
5.220130000000000109e+03
1.006179999999999950e+03
9.840100000000000364e+03
2.703615999999999985e+04
9.278180000000000291e+03
8.553672999999999593e+04
5.473859999999999673e+03
1.550000000000000000e+03
1.960565000000000146e+04
1.780331000000000131e+04
2.437527000000000044e+04
1.314532999999999993e+04
9.365489999999999782e+03
8.277599999999999909e+02
2.546206000000000131e+04
2.695791999999999825e+04
1.564563999999999942e+04
6.971840000000000146e+03
5.191098099999999977e+05
1.798875000000000000e+04
7.991299999999999955e+02
5.555960000000000036e+03
1.277999999999999972e+02
2.585934000000000015e+04
5.661920000000000073e+03
6.627500000000000000e+03
8.235099999999999909e+02
6.995088999999999942e+04
3.364633000000000175e+04
2.598402999999999884e+04
6.336000000000000000e+04
2.892727000000000044e+04
2.968675000000000000e+04
1.804354000000000087e+04
2.336802000000000044e+04
3.062650000000000091e+03
1.380432600000000093e+05
2.270754000000000087e+04
2.733813000000000102e+04
2.836449999999999818e+03
3.230950999999999840e+04
2.678579999999999927e+03
1.064800000000000000e+04
8.259510000000000582e+04
5.661260000000000218e+03
8.219000000000000000e+03
1.339610799999999872e+05
7.530480000000000291e+04
1.543861000000000058e+04
1.580725000000000000e+04
2.380054000000000087e+04
1.850220000000000073e+04
3.267000000000000000e+04
6.470000000000000000e+04
8.650299999999999727e+02
1.104578099999999977e+05
3.627698000000000320e+04
1.582943000000000029e+04
2.580447999999999956e+04
8.404280000000000655e+03
6.303858000000000175e+04
7.508300000000000409e+02
3.753420000000000073e+03
2.608854000000000087e+04
3.837519999999999982e+03
1.306501499999999942e+05
2.135884999999999854e+04
2.081200000000000000e+04
1.374799999999999898e+02
4.060055000000000000e+05
4.726484999999999854e+04
8.634700000000000273e+02
1.153092000000000007e+04
1.550079999999999927e+03
3.120489999999999782e+03
3.626066999999999825e+04
7.434416000000000349e+04
1.942911999999999898e+04
6.295109999999999854e+04
4.676159999999999854e+04
1.862975999999999840e+04
1.080915999999999985e+04
5.993029999999999745e+03
1.694480000000000018e+03
9.352590000000000146e+03
1.060881999999999971e+04
1.341412999999999920e+04
5.357245999999999913e+04
3.805930000000000291e+04
1.252481999999999971e+04
4.242500000000000000e+04
8.373180000000000291e+03
1.512526000000000022e+04
1.436621999999999935e+04
6.633010000000000218e+03
3.260600000000000023e+02
1.792609999999999900e+03
2.972039999999999964e+03
5.864120999999999913e+04
3.708334999999999854e+04
4.469818000000000029e+04
3.200000000000000000e+03
1.549000000000000000e+03
2.444177000000000044e+04
3.859300000000000182e+03
1.340980000000000018e+03
7.671060000000000400e+03
3.049640000000000146e+04
3.600000000000000000e+03
7.801699999999999591e+02
4.800000000000000000e+03
2.049570000000000073e+04
6.436000000000000000e+04
6.494069999999999709e+03
2.779283000000000175e+04
9.120000000000000284e+01
7.968000000000000000e+03
1.441549999999999955e+03
1.730283000000000175e+04
1.103289999999999964e+04
2.231409999999999854e+03
4.831560000000000400e+03
7.200000000000000000e+02
7.691000000000000227e+02
2.009715999999999985e+04
5.856200000000000045e+02
2.156738999999999942e+04
9.418200000000000500e+02
2.114275999999999840e+04
2.908793999999999869e+04
2.943909999999999854e+03
8.972775000000000000e+04
3.920058000000000175e+04
6.701847000000000116e+04
7.772999999999999545e+02
8.711170000000000073e+03
1.378929999999999927e+04
3.777712999999999738e+04
1.323386000000000058e+04
8.634700000000000273e+02
5.826090000000000146e+03
1.044121999999999935e+04
1.916038000000000102e+04
5.045988800000000047e+05
8.998211999999999534e+04
8.287860000000000582e+03
1.350710000000000036e+04
8.398000000000000398e+01
1.836809999999999945e+03
1.200000000000000000e+03
8.375566999999999825e+04
3.609929999999999836e+03
5.154981999999999971e+04
2.352969999999999800e+03
6.501733999999999651e+04
1.456454000000000087e+04
1.810000000000000000e+02
3.819200000000000159e+02
8.574169999999999709e+04
1.342296700000000128e+05
3.540137000000000262e+04
8.777149999999999636e+03
1.966299999999999955e+02
2.030250000000000000e+03
9.925700000000000500e+02
5.120094000000000233e+04
1.326119000000000051e+04
4.462416000000000349e+04
1.043632999999999993e+04
5.627250000000000000e+03
4.790600000000000023e+02
5.730119999999999891e+03
9.584710000000000582e+04
8.179500000000000455e+02
4.138399999999999750e+02
4.892619999999999709e+04
2.565236000000000058e+04
1.528468699999999953e+05
7.210260000000000218e+03
5.610000000000000000e+03
7.600000000000000000e+03
2.615427000000000044e+04
1.978538999999999942e+04
1.827179999999999927e+04
6.111699999999999818e+03
1.576109999999999900e+03
1.414499999999999886e+02
1.486599999999999966e+02
2.129900000000000091e+02
1.085708099999999977e+05
2.026770000000000073e+04
5.433659999999999854e+03
4.750200000000000000e+04
2.162649000000000160e+04
2.075809000000000015e+04
1.538985000000000036e+04
4.120525000000000000e+04
1.443500000000000000e+03
1.892150000000000091e+03
2.519090999999999985e+04
1.000000000000000000e+04
7.445949999999999818e+03
1.829752999999999884e+04
1.705300000000000000e+04
2.621061999999999898e+04
9.885440000000000509e+03
3.400398999999999796e+04
7.011288000000000466e+04
2.858775000000000000e+04
8.708511000000000058e+04
4.311408000000000175e+04
4.728000000000000000e+03
5.350109999999999673e+03
8.045755999999999767e+04
9.234855999999999767e+04
3.040000000000000000e+02
4.200000000000000000e+03
6.505189999999999600e+03
4.800000000000000000e+03
3.524979000000000087e+04
1.369834000000000015e+04
7.537382000000000698e+04
5.410119999999999891e+03
1.371119999999999891e+03
1.491750000000000000e+04
3.366740000000000146e+04
1.200000000000000000e+02
1.500000000000000000e+02
9.627882000000000698e+04
4.800000000000000000e+03
2.492722999999999956e+04
4.987609999999999673e+03
4.612500000000000000e+03
6.388200000000000000e+04
1.778150000000000091e+03
5.316816999999999825e+04
9.732649999999999636e+03
4.310000000000000000e+02
2.532179999999999836e+03
1.890016999999999825e+04
4.809451999999999680e+04
9.686799999999999500e+02
1.448490000000000009e+03
2.522115499999999884e+05
1.579929000000000087e+04
6.480159999999999854e+03
1.587992000000000007e+04
2.750659999999999854e+03
1.734300999999999840e+04
8.396516999999999825e+04
4.723000000000000000e+03
2.764000000000000000e+04
2.115384999999999854e+04
2.786495000000000073e+04
1.900022999999999956e+04
2.854636999999999898e+04
3.835519999999999982e+03
3.593945999999999913e+04
3.852909999999999854e+03
5.563020000000000437e+03
1.205685000000000000e+05
1.112153000000000065e+04
3.297855000000000291e+04
1.464028000000000065e+04
7.497200000000000000e+04
2.518320000000000073e+04
6.605000000000000000e+02
1.200000000000000000e+03
2.913397999999999956e+04
6.341560000000000400e+03
3.685170000000000073e+03
5.204262000000000262e+04
1.028000000000000000e+03
3.277052999999999884e+04
8.066329999999999927e+03
5.458337999999999738e+04
2.681381000000000131e+04
1.284792000000000007e+04
9.262260000000000218e+03
2.281200000000000045e+02
5.903529999999999745e+03
1.567477000000000044e+04
7.725289999999999964e+03
1.972061999999999898e+04
4.975899999999999750e+02
5.908500000000000000e+04
2.400000000000000000e+03
9.709860000000000582e+03
1.909690000000000055e+03
1.454699999999999989e+02
1.194300000000000068e+02
2.836081999999999971e+04
4.822000000000000000e+03
2.361134000000000015e+04
1.267564100000000035e+05
4.194013999999999942e+04
5.553720999999999913e+04
7.584027000000000407e+04
4.784399999999999977e+02
1.992963999999999942e+04
1.694988999999999942e+04
1.074861000000000058e+04
5.206630000000000109e+03
9.099800000000000182e+02
1.165349999999999909e+03
2.704213000000000102e+04
2.927409999999999854e+03
7.157400000000000091e+02
1.792259999999999854e+04
1.168161000000000058e+04
8.387450000000000728e+03
2.581599999999999909e+03
5.122205000000000291e+04
2.675536000000000058e+04
4.518101999999999680e+04
3.001260000000000218e+03
9.652829999999999927e+03
8.941228999999999360e+04
7.871369999999999891e+03
2.325190000000000055e+03
4.288602999999999884e+05
2.833500000000000227e+02
1.687422000000000116e+04
5.641683000000000175e+04
6.408099999999999454e+02
4.111340000000000146e+03
1.760399999999999920e+02
1.231452000000000044e+04
2.767099000000000160e+04
1.345000000000000000e+04
1.119000000000000000e+03
2.149570000000000164e+03
8.214927999999999884e+04
7.899275000000000000e+04
7.283409999999999854e+03
1.889804999999999927e+04
3.343900000000000091e+03
1.196809000000000015e+04
2.703000000000000000e+03
2.776199999999999818e+03
8.100000000000000000e+02
2.644795000000000000e+05
2.380988999999999942e+04
4.479191599999999744e+05
2.707229000000000087e+04
5.455199999999999818e+02
8.217170000000000073e+03
2.873039999999999964e+03
7.362110000000000582e+04
5.420456999999999971e+04
2.612865999999999985e+04
1.421761000000000058e+04
3.181963999999999942e+04
6.462733000000000175e+04
1.025178000000000029e+05
3.097184999999999854e+04
2.938243999999999869e+04
4.400659999999999854e+04
6.451655999999999767e+04
1.070284000000000015e+04
5.168000000000000000e+03
5.197149999999999636e+03
4.800000000000000000e+03
2.626619999999999891e+03
2.158823900000000140e+05
1.574927000000000044e+04
1.840163999999999942e+04
2.431321300000000047e+05
1.633475000000000000e+04
6.333649999999999636e+03
1.298000000000000000e+03
1.299769999999999982e+03
8.274800000000000182e+02
1.404480000000000000e+05
2.456586000000000058e+04
7.674400000000000546e+02
1.575500000000000000e+04
9.460260000000000218e+03
1.030559400000000023e+05
3.101670000000000073e+03
5.637400000000000091e+02
4.800000000000000000e+02
2.301291999999999825e+04
2.348884000000000015e+04
6.113899999999999864e+02
5.462399999999999636e+03
4.526759999999999854e+04
2.832550000000000000e+04
2.183847000000000116e+04
3.178500000000000000e+04
5.653670000000000073e+03
1.715372000000000116e+04
1.980890000000000146e+04
1.373650000000000091e+03
1.407318000000000029e+04
5.999329999999999927e+03
4.194069999999999709e+03
1.333940000000000055e+03
1.469734000000000015e+04
6.392569999999999709e+03
2.910000000000000000e+04
1.740640999999999985e+04
2.052559999999999945e+03
1.982980000000000018e+03
1.129663999999999942e+04
1.034817200000000012e+05
1.400990000000000009e+03
3.069000000000000000e+04
6.962000000000000000e+03
5.428415000000000146e+04
7.354649999999999636e+03
8.647479999999999563e+03
2.463260000000000218e+03
1.422334000000000015e+04
2.071300000000000182e+03
2.559186000000000058e+04
5.720723000000000320e+04
3.250650000000000091e+03
2.871100000000000136e+02
2.517289999999999964e+03
2.236000000000000000e+04
1.473480000000000018e+03
1.930313999999999942e+04
4.547850000000000364e+03
1.922900000000000091e+03
1.084518000000000029e+04
2.614886999999999898e+04
5.936529999999999745e+03
1.277760000000000036e+04
7.000000000000000000e+02
7.351939999999999600e+03
4.974220000000000255e+03
4.920390000000000146e+04
1.103550000000000000e+04
2.383059999999999945e+03
1.821009000000000015e+04
1.182996999999999935e+04
8.857200000000000273e+02
9.000000000000000000e+01
8.295921000000000640e+04
1.610594200000000128e+05
2.521929000000000087e+04
2.370929999999999836e+03
1.063832899999999936e+05
6.925619999999999891e+03
2.599900000000000000e+04
1.385876000000000022e+04
1.195539999999999964e+03
1.590287000000000080e+04
1.514145999999999913e+04
1.985852999999999884e+05
2.272219999999999800e+03
1.000000000000000021e-02
1.325390000000000100e+03
3.244679999999999927e+04
6.290000000000000036e+00
4.765300000000000182e+03
9.641899999999999636e+03
9.750000000000000000e+03
4.334390000000000146e+04
1.992652999999999884e+04
5.604526000000000204e+04
7.461439999999999418e+04
6.803939999999999600e+03
1.317734000000000015e+04
1.374400000000000091e+03
1.949099999999999909e+03
2.114520000000000073e+04
1.767420000000000073e+03
2.889999999999999858e+01
5.164476999999999680e+04
1.188196999999999935e+04
2.115900000000000034e+02
2.621559000000000015e+04
3.052722000000000116e+04
3.416000000000000000e+04
1.440278000000000065e+04
2.747245000000000073e+04
4.453988999999999942e+04
2.284610000000000127e+03
1.728430000000000064e+03
2.126800499999999884e+05
4.932112999999999738e+04
4.200000000000000000e+04
8.071000000000000000e+03
1.938000000000000000e+04
9.347819999999999709e+03
1.996699999999999875e+02
2.093368999999999869e+04
3.052338999999999942e+04
2.054600000000000000e+05
1.120000000000000000e+03
1.446195999999999913e+04
1.755958000000000175e+04
4.532326999999999680e+04
3.022372399999999907e+05
6.812467999999999302e+04
1.877208000000000175e+04
6.285000000000000000e+02
1.429420000000000073e+04
3.146000000000000227e+02
1.384469000000000051e+04
1.157000000000000028e+02
2.596000000000000085e+01
4.279340000000000146e+03
3.594658000000000175e+04
1.829781999999999971e+04
3.848070999999999913e+04
1.088754000000000087e+04
1.550476000000000022e+04
2.293993999999999869e+04
2.461599999999999966e+02
3.690986000000000058e+04
4.000494000000000233e+04
7.855000000000000000e+03
6.131420000000000073e+03
9.548283000000000175e+04
4.727893000000000029e+04
2.583111099999999860e+05
1.081670000000000073e+04
1.847704999999999927e+04
1.093750000000000000e+03
2.047413000000000102e+04
3.407659999999999854e+03
1.085708099999999977e+05
3.200359199999999837e+05
3.967099999999999795e+02
2.115400000000000091e+03
1.703013999999999942e+04
6.431969000000000233e+04
6.071699999999999818e+03
6.101659999999999854e+03
2.968899999999999864e+02
1.041322999999999956e+04
4.583611000000000058e+04
2.331949999999999818e+03
3.361143000000000029e+04
1.318544000000000051e+04
1.400000000000000000e+02
3.940130000000000109e+03
1.516412999999999920e+04
5.343770000000000437e+03
2.096838000000000102e+04
9.786533999999999651e+04
1.841000000000000000e+03
1.535943999999999942e+05
3.423363999999999942e+04
1.010008800000000047e+05
5.903400000000000318e+02
3.402233000000000175e+04
1.994169500000000116e+05
2.063900000000000091e+03
3.911239999999999782e+03
1.167049999999999955e+03
2.947191999999999825e+04
1.943809999999999854e+04
9.827999999999999545e+02
6.271319999999999709e+03
3.963323000000000320e+04
3.267038999999999942e+04
2.298061999999999898e+04
1.560000000000000000e+04
2.378595000000000073e+04
2.119634999999999854e+04
7.734200000000000000e+04
6.300000000000000000e+03
2.149399999999999977e+02
1.571214599999999919e+05
1.408100000000000023e+02
3.054949000000000160e+04
1.233391699999999983e+05
1.200000000000000000e+03
1.560000000000000000e+04
1.408354999999999927e+04
4.659520000000000000e+05
2.078302999999999884e+04
1.626610000000000036e+04
1.188020000000000073e+04
2.388000000000000000e+04
3.177934999999999854e+04
2.924020999999999913e+04
9.570999999999999375e+01
3.378844999999999709e+04
1.139232999999999993e+04
1.102687999999999920e+04
4.427000000000000313e+01
6.125570999999999913e+04
5.568730000000000291e+04
1.342813999999999942e+04
1.226630000000000109e+03
9.803360000000000582e+03
9.167379999999999200e+03
1.517565799999999872e+05
3.334481999999999971e+04
4.021090000000000146e+03
3.821969000000000233e+04
3.917300000000000182e+02
2.700141999999999825e+04
1.719259999999999854e+04
3.524190000000000055e+03
2.039029999999999973e+03
1.755500000000000000e+04
6.614899999999999636e+03
1.052897999999999956e+04
1.462103000000000065e+04
2.608427999999999884e+04
2.865000000000000000e+02
1.349543999999999942e+05
1.478439999999999964e+04
7.668000000000000000e+03
5.981850000000000364e+03
1.553616400000000140e+05
3.526898999999999796e+04
8.044230000000000291e+04
1.374011000000000058e+04
8.277599999999999909e+02
7.445949999999999818e+03
5.206600000000000364e+03
1.471526099999999860e+05
3.667099999999999795e+02
8.400000000000000000e+03
3.334079000000000087e+04
5.671000000000000000e+03
1.130121999999999935e+04
5.369402999999999884e+04
5.368899999999999864e+02
9.042113999999999942e+04
1.643802000000000044e+04
3.719700000000000273e+02
4.222159999999999854e+03
4.065208000000000175e+04
2.198880000000000109e+03
2.582995999999999913e+04
1.761654000000000087e+04
2.490040000000000146e+04
3.790794000000000233e+04
6.459199999999999818e+03
2.400000000000000000e+03
6.000000000000000000e+02
4.186479000000000087e+04
1.270285299999999988e+05
1.062500000000000000e+04
2.346610000000000127e+03
2.792530000000000200e+03
1.121349999999999909e+03
5.532955000000000291e+04
1.847363999999999942e+04
1.753181999999999971e+04
1.970250000000000000e+03
2.603289999999999964e+03
1.083490000000000009e+03
3.329500000000000000e+04
1.077603000000000065e+04
1.840459999999999854e+04
4.203200000000000000e+04
4.045500000000000114e+02
2.474600000000000080e+02
8.813299000000000524e+04
2.076629999999999927e+04
6.712859999999999673e+03
9.459170000000000073e+03
1.163296999999999935e+04
2.877172000000000116e+04
3.193761999999999898e+04
2.928250000000000000e+03
2.831827999999999884e+04
1.944700000000000000e+04
3.569106999999999971e+04
4.121418000000000029e+04
9.179639999999999418e+03
1.798100999999999840e+04
1.864461999999999898e+04
2.402865999999999985e+04
1.297688999999999942e+04
1.472006999999999971e+04
3.973688999999999942e+04
5.372691999999999825e+04
5.012979999999999563e+03
2.777809999999999945e+03
1.824947000000000116e+04
1.682400000000000000e+04
4.851726000000000204e+04
3.858570000000000164e+03
9.576139999999999418e+03
2.862256000000000131e+04
9.481530000000000655e+03
8.867000000000000000e+03
3.834619199999999837e+05
3.448869999999999891e+03
1.313940000000000055e+03
1.698440000000000055e+03
1.363559999999999945e+03
2.106679999999999836e+03
1.832429000000000087e+04
9.530603999999999360e+04
6.915999999999999659e+01
1.398750000000000000e+03
2.076143000000000029e+04
7.069039999999999964e+03
1.298959600000000064e+05
1.335920000000000073e+03
7.192210000000000036e+03
1.855356999999999971e+04
8.975209999999999127e+03
1.034700000000000000e+04
2.793500000000000227e+02
2.977900000000000205e+02
1.946134000000000015e+04
3.508849999999999909e+03
6.104100000000000364e+03
1.147079999999999927e+03
9.395199999999999818e+02
3.731389999999999873e+03
3.547139999999999873e+03
5.181340000000000146e+03
1.458260000000000036e+04
1.410399999999999920e+02
3.284370999999999913e+04
5.279309999999999854e+04
1.453412999999999920e+04
9.926158999999999651e+04
3.072420999999999913e+04
1.361779999999999973e+03
3.783730999999999767e+04
1.837800000000000011e+02
3.546079999999999927e+03
1.560000000000000000e+04
1.324039999999999964e+03
9.095688000000000466e+04
2.143300000000000125e+02
1.569912000000000080e+04
9.600000000000000000e+02
1.893722200000000012e+05
9.120000000000000000e+02
3.448926999999999680e+04
3.038320000000000164e+03
4.280010000000000218e+03
5.241211000000000058e+04
4.289900000000000000e+04
2.743354000000000087e+04
3.317800000000000182e+03
2.760647000000000116e+04
1.744093999999999942e+05
5.548025000000000000e+04
7.801900000000000546e+02
2.083797000000000116e+04
7.736600999999999476e+04
1.540304000000000087e+04
5.371079999999999927e+03
8.376620000000000800e+03
5.996569999999999709e+03
1.222270000000000073e+04
3.294000000000000000e+04
7.500000000000000000e+03
2.254759000000000015e+04
1.929630000000000109e+03
7.989400000000000546e+02
9.583340000000000146e+03
4.104652999999999884e+04
1.629327000000000044e+04
5.240770000000000437e+03
2.626634999999999854e+04
6.947200000000000273e+02
5.328830000000000000e+05
3.658095999999999913e+04
1.854377999999999884e+04
1.008149999999999977e+03
9.157599999999999909e+02
9.368099999999999454e+02
2.673793000000000029e+04
1.332747999999999956e+04
9.755700000000000500e+02
8.458502999999999884e+04
1.245025000000000000e+04
4.514500000000000000e+03
6.744000000000000000e+04
2.961999000000000160e+04
5.479340000000000146e+03
2.146954999999999927e+04
2.187465999999999985e+04
1.340604999999999927e+04
1.448000000000000000e+03
3.615469999999999800e+03
1.253593200000000070e+05
1.570937000000000080e+04
3.570000000000000000e+03
6.969982000000000698e+04
2.131788000000000102e+04
3.514823000000000320e+04
3.900000000000000000e+03
4.087039999999999964e+03
9.720000000000000000e+02
8.136819999999999709e+03
4.720938999999999942e+04
3.770000000000000000e+02
5.100000000000000000e+03
1.494490000000000009e+03
7.699989999999999782e+03
1.771465999999999985e+04
2.514377999999999884e+04
2.152663999999999942e+04
7.804308000000000175e+04
1.666800000000000068e+02
1.697800899999999965e+05
1.293054000000000087e+04
2.098345999999999913e+04
2.703615999999999985e+04
2.639222000000000116e+04
1.111132999999999993e+04
5.407599999999999909e+02
2.870000999999999840e+04
5.980000000000000000e+03
1.740454000000000087e+04
2.682039999999999964e+03
5.358106999999999971e+04
9.472340000000000146e+03
1.625228000000000065e+04
5.584427999999999884e+04
2.430050000000000182e+03
2.348679999999999836e+03
1.538057999999999993e+04
3.985529000000000087e+04
4.325299999999999727e+02
1.219500000000000000e+03
5.744501999999999680e+04
1.211787400000000052e+05
1.522569000000000051e+04
1.440359999999999900e+03
4.084633000000000175e+04
4.778966999999999825e+04
1.669623800000000047e+05
1.052576900000000023e+05
1.484168000000000029e+04
5.864926099999999860e+05
2.131479000000000087e+04
1.100000000000000006e-01
8.422438000000000466e+04
4.891619999999999891e+03
1.181000000000000000e+03
1.076811499999999942e+05
1.450610000000000036e+04
1.080000000000000000e+04
1.106099999999999909e+03
1.826445999999999913e+04
5.475739999999999782e+03
5.030559999999999854e+04
3.288319999999999709e+04
1.742816999999999825e+04
7.712800000000000182e+03
2.200256999999999971e+04
5.376577999999999884e+04
2.415710000000000036e+03
1.608950000000000000e+05
2.561263999999999942e+04
2.308418999999999869e+04
1.997575000000000000e+04
6.277350000000000000e+04
1.048783399999999965e+05
3.281009999999999854e+04
1.416545000000000073e+04
1.418678699999999953e+05
3.416508000000000175e+04
8.763379999999999200e+03
2.768425000000000000e+04
1.028735000000000036e+04
4.725210000000000036e+03
1.499400000000000000e+04
4.375220999999999913e+04
2.528400000000000091e+03
9.026229999999999563e+03
7.294079999999999927e+03
8.141399999999999864e+02
2.754602999999999884e+05
3.663250000000000000e+03
1.961097999999999956e+04
1.044676000000000022e+04
4.490616999999999825e+04
6.620188999999999942e+04
2.254978200000000070e+05
1.661872000000000116e+04
4.874869999999999891e+03
1.540453800000000047e+05
5.198329999999999927e+03
1.053262000000000080e+04
8.140050000000000182e+03
1.667000000000000000e+03
1.455312000000000080e+04
6.618970000000000255e+03
3.401008999999999651e+04
2.390073599999999860e+05
2.454970999999999913e+04
1.023820000000000050e+03
6.704500000000000455e+02
1.864479000000000087e+04
5.237700000000000000e+04
4.519949999999999818e+03
1.654320999999999913e+04
9.710599999999999454e+02
9.462809999999999491e+03
3.468999999999999773e+02
2.733333000000000175e+04
2.563836999999999898e+04
1.042000000000000028e+02
3.353147000000000116e+04
1.078039999999999964e+03
9.791499999999999773e+02
1.182063999999999942e+04
8.897400000000000000e+04
1.069500000000000000e+04
1.287045000000000073e+04
1.923502999999999884e+04
6.100000000000000000e+03
4.533837000000000262e+04
1.549000000000000057e+02
1.223140000000000100e+03
4.008965000000000146e+04
4.542230999999999767e+04
2.322495999999999913e+04
7.504550000000000182e+03
1.776931999999999971e+04
3.673929999999999836e+03
1.577629999999999927e+04
5.451476000000000204e+04
1.304612000000000080e+04
2.154699999999999989e+02
3.059236999999999898e+04
2.996820000000000164e+03
1.191276000000000022e+04
2.806600000000000250e+02
3.911909999999999854e+03
4.690454000000000087e+04
3.244475000000000000e+04
1.980099999999999909e+02
1.605439999999999964e+04
1.493888999999999942e+04
2.255604999999999927e+04
8.307229999999999563e+03
1.687275000000000000e+04
4.366752999999999884e+04
1.303900000000000000e+04
1.410759999999999991e+03
4.600000000000000000e+03
2.517481999999999971e+04
2.438239999999999782e+03
5.087709999999999854e+04
1.862819999999999936e+03
1.800000000000000000e+04
4.181500000000000000e+04
1.900647000000000116e+04
4.520197000000000116e+04
1.646466600000000035e+05
4.706000000000000000e+04
4.459395999999999913e+04
2.077361000000000058e+04
9.158219999999999345e+03
5.404689999999999600e+03
3.283639999999999873e+03
4.643475000000000000e+04
1.007521999999999935e+04
4.947022000000000116e+04
8.119529999999999745e+03
1.790206000000000131e+04
5.923862999999999738e+04
4.098509999999999854e+04
7.540000000000000000e+03
7.546599999999999682e+02
1.277510000000000036e+04
4.409059999999999854e+04
7.106994999999999709e+04
1.770304000000000087e+04
5.613220999999999913e+04
1.800000000000000000e+04
2.703552999999999884e+04
3.250863000000000102e+04
1.943809999999999854e+04
3.531360000000000127e+03
1.306220000000000000e+05
1.379769000000000051e+04
2.621779999999999927e+04
2.139099999999999966e+02
1.033748899999999994e+05
1.842865000000000146e+04
7.568849000000000524e+04
4.536200000000000045e+02
1.290999999999999943e+02
3.164058000000000175e+04
7.380944000000000233e+04
2.010000000000000000e+03
7.130770000000000437e+03
3.188409999999999854e+03
8.367200000000000273e+02
1.264836000000000058e+04
3.065600000000000000e+04
1.488000000000000000e+03
1.258799999999999955e+03
2.329719400000000023e+05
1.700000000000000000e+03
1.935363000000000102e+04
8.001600000000000364e+03
5.858035400000000373e+05
1.502299999999999955e+03
5.804560000000000400e+03
6.460250000000000000e+03
5.524997000000000116e+04
7.610325999999999476e+04
2.216030000000000200e+03
5.933194000000000233e+04
1.621264999999999964e+04
1.248176000000000022e+04
1.765988000000000102e+04
1.450313900000000140e+05
4.665104500000000116e+05
9.831399999999999864e+02
4.462799999999999727e+02
1.342160000000000036e+04
3.835843000000000029e+04
1.619670999999999913e+04
7.645036000000000058e+04
1.590968000000000029e+04
5.980100000000000364e+03
5.001000000000000227e+02
1.880420000000000073e+03
6.880640000000000327e+03
3.382900000000000000e+04
2.742590000000000146e+04
1.823609000000000015e+04
6.609760000000000218e+03
6.081797000000000116e+04
2.097215000000000146e+04
1.516019999999999982e+03
3.984995999999999913e+04
5.419399999999999636e+03
8.110954399999999441e+05
2.443949999999999818e+03
5.484400000000000546e+02
1.600000000000000033e-01
1.907500000000000000e+03
5.004400000000000000e+04
4.529350000000000364e+03
5.499516000000000349e+04
1.534694000000000051e+04
9.021829999999999927e+03
3.114036999999999898e+04
3.138449000000000160e+04
4.099752999999999884e+04
6.837000000000000455e+02
2.486262399999999907e+05
2.612809999999999945e+03
3.952055999999999767e+04
1.158400700000000070e+05
1.564099999999999966e+02
1.152500000000000000e+04
2.410420000000000073e+03
1.320627000000000044e+04
1.084133699999999953e+05
2.073295999999999913e+04
3.001699000000000160e+04
3.741299999999999955e+02
8.589360000000000582e+04
2.884800000000000000e+04
1.924513000000000102e+04
6.670409999999999854e+03
1.234412000000000080e+04
1.600155999999999949e+04
2.749900000000000091e+02
8.151360000000000582e+04
6.832257000000000698e+04
1.053596600000000035e+05
8.714930000000000291e+03
3.331933999999999651e+04
1.037784000000000015e+04
5.390819999999999709e+04
2.534975999999999840e+04
6.013170000000000073e+03
1.224146999999999935e+04
1.798522999999999956e+04
1.167920000000000073e+03
1.155497999999999956e+04
2.788300000000000000e+04
2.174311000000000058e+04
5.992000000000000455e+02
1.405530000000000000e+05
9.300000000000000000e+02
6.635199999999999818e+03
5.337600000000000364e+03
2.262802000000000044e+04
3.550168000000000029e+04
4.131101000000000204e+04
2.990270999999999913e+04
5.036499999999999773e+02
2.030250000000000000e+03
4.343994999999999709e+04
3.726041000000000349e+04
1.425160000000000082e+03
1.462865999999999985e+04
3.035136999999999898e+04
5.084300000000000068e+02
1.580521999999999935e+04
7.177039999999999964e+03
9.234100000000000000e+04
1.584692000000000007e+04
1.774477999999999884e+04
1.220082999999999993e+04
1.017837000000000080e+04
6.668239999999999782e+03
7.958799999999999955e+02
8.392699999999999818e+02
2.061847000000000116e+04
1.180596999999999935e+04
5.475000000000000000e+03
1.010054000000000087e+04
1.837518000000000029e+04
7.010000000000000000e+03
5.206500000000000000e+04
1.763100999999999840e+04
1.123360000000000036e+04
1.211259999999999991e+03
4.226149999999999636e+03
6.144739999999999782e+03
4.054619999999999709e+04
4.870859999999999673e+03
1.787979299999999930e+05
1.580180000000000064e+03
8.056500000000000000e+04
7.750399999999999636e+03
1.102187999999999920e+04
8.599600000000000364e+02
2.011068999999999869e+04
4.210791000000000349e+04
4.100299999999999727e+02
2.027039999999999964e+03
6.147351000000000204e+04
6.206399999999999864e+02
4.441086799999999930e+05
7.056210000000000036e+03
1.124060000000000000e+05
7.448099999999999454e+02
1.970140000000000100e+03
7.679000000000000625e+01
1.063779999999999973e+03
2.965199000000000160e+04
1.432586000000000058e+04
2.210394700000000012e+05
1.587526000000000022e+04
8.363500000000000227e+02
3.826187999999999738e+04
8.218340000000000146e+03
2.340120000000000073e+04
1.580250599999999977e+05
1.990000000000000000e+02
2.185000000000000000e+03
6.175713999999999942e+04
1.080000000000000000e+04
2.565425999999999840e+04
2.764000000000000000e+04
7.097249599999999627e+05
1.502695400000000081e+05
8.750000000000000000e+02
1.890940000000000146e+04
7.191789999999999964e+03
5.785808000000000175e+04
4.759065000000000146e+04
1.877597999999999956e+04
2.892699999999999818e+02
6.592659999999999854e+03
8.611280999999999767e+04
2.081694100000000035e+05
1.862947000000000116e+04
5.515594999999999709e+04
2.658299999999999841e+02
1.499999999999999944e-01
7.340000000000000000e+03
1.738897000000000116e+04
9.006489999999999418e+04
1.752881999999999971e+04
3.161500000000000000e+04
2.936145999999999913e+04
3.435355999999999767e+04
1.575872999999999956e+04
1.450000000000000000e+02
1.837625199999999895e+05
6.610621000000000640e+04
9.520999999999999375e+01
1.786985799999999872e+05
1.654031000000000131e+04
7.640689999999999600e+03
1.454589999999999918e+03
4.396676000000000204e+04
1.038000000000000000e+04
2.045646099999999860e+05
5.479659999999999854e+03
4.342099999999999795e+02
8.032390000000000327e+03
7.220390000000000327e+03
7.500000000000000000e+03
9.240327000000000407e+04
1.131380999999999949e+04
7.131246800000000512e+05
1.240000000000000000e+04
9.621340000000000146e+03
1.850654000000000087e+04
1.523549999999999955e+03
8.686817999999999302e+04
6.976599999999999682e+02
6.980499999999999545e+02
7.436799999999999500e+02
8.141569999999999709e+03
4.403926999999999680e+04
2.327869999999999891e+03
6.454329999999999927e+03
2.716129000000000087e+04
4.299159999999999854e+03
4.094000000000000000e+03
6.082606999999999971e+04
6.215560000000000400e+03
4.892500000000000000e+04
2.616070000000000164e+03
2.934563000000000102e+04
6.221220000000000255e+03
5.368050300000000279e+05
5.128520000000000437e+03
3.814969999999999800e+03
1.145978000000000065e+04
1.201188999999999942e+04
8.592200000000000273e+02
2.177900000000000000e+04
1.259380999999999949e+04
2.272006000000000131e+04
3.337791999999999825e+04
3.682769999999999982e+03
7.192300000000000182e+02
4.257600000000000364e+03
3.389480000000000291e+04
2.720000000000000000e+02
5.811200000000000045e+02
1.525359000000000015e+04
3.273616999999999825e+04
2.441643999999999869e+04
1.129754000000000087e+04
5.673923999999999796e+04
3.450506999999999971e+04
1.798318999999999869e+04
1.651900000000000091e+03
1.651399999999999864e+02
2.233784999999999854e+04
3.200500000000000000e+03
2.000000000000000000e+02
1.323300000000000125e+02
7.001217999999999302e+04
4.432319999999999709e+03
5.216799999999999500e+02
8.360549999999999272e+03
8.777760000000000218e+03
5.437720999999999913e+04
2.290559999999999945e+03
2.149006999999999971e+04
5.917670000000000073e+03
1.539213999999999942e+04
4.453323999999999796e+04
1.290001000000000022e+04
1.911899999999999977e+02
8.638000000000000000e+03
9.354199999999999591e+02
3.727200000000000000e+04
2.782518699999999953e+05
2.735379999999999927e+04
9.052239999999999418e+04
2.656672800000000279e+05
4.485416999999999825e+04
2.698084999999999854e+04
9.957049999999999272e+03
5.128700000000000045e+02
1.060660000000000036e+04
5.721100000000000364e+03
9.300000000000000000e+03
2.607800000000000000e+04
3.705559999999999945e+03
2.296113000000000102e+04
1.631289999999999964e+03
4.785000000000000000e+02
2.630083000000000175e+04
5.847044999999999709e+04
4.954999999999999716e+01
5.998569999999999709e+03
3.714976000000000204e+04
2.202838999999999942e+04
6.578399999999999636e+03
1.050014999999999964e+04
1.723178500000000058e+05
1.611981999999999971e+04
7.560130000000000109e+03
3.217306999999999971e+04
3.864808000000000175e+04
4.068340000000000146e+04
1.512200000000000045e+03
1.581295999999999913e+04
2.720000000000000000e+04
4.320310000000000400e+03
1.623044000000000051e+04
3.899989999999999782e+03
8.201190000000000509e+03
1.416000000000000000e+04
6.085019000000000233e+04
1.217925000000000000e+04
7.090248199999999488e+05
3.575790000000000146e+04
8.171350000000000364e+03
5.000000000000000000e+02
6.319748000000000320e+04
9.040186999999999534e+04
4.836800000000000182e+03
5.051733000000000175e+04
1.046586000000000058e+04
2.071445999999999913e+04
2.730806000000000131e+04
7.795100000000000364e+03
1.016100000000000000e+05
3.583809999999999945e+03
1.664525999999999840e+04
5.312473999999999796e+04
1.242197500000000000e+05
2.527380000000000109e+03
1.389785000000000036e+04
3.561145999999999913e+04
4.190000000000000000e+02
3.412199999999999818e+03
3.402161000000000058e+04
3.712900000000000091e+03
1.411784000000000015e+04
8.036340000000000146e+03
4.647013999999999942e+04
1.161952500000000000e+05
4.869061000000000058e+04
2.946993000000000029e+04
6.714974000000000524e+04
2.319499000000000160e+04
5.431154000000000087e+04
2.064356999999999971e+04
1.344482999999999993e+04
8.646100000000000136e+02
4.958670000000000073e+03
8.635930000000000291e+03
2.821039999999999964e+03
1.838016999999999825e+04
2.703140000000000146e+04
2.021531000000000131e+04
1.220631999999999971e+04
3.075277999999999884e+04
2.027050999999999840e+04
1.468745999999999913e+04
2.674499999999999886e+02
7.550000000000000000e+01
5.445780000000000291e+04
8.641229999999999563e+03
2.363554000000000087e+04
2.572670999999999913e+04
5.623972000000000116e+04
3.410489999999999782e+03
8.205388999999999942e+04
4.829960000000000036e+03
4.765300000000000182e+03
2.208217999999999884e+05
5.072954000000000087e+04
5.352699999999999818e+02
1.358619999999999891e+03
5.418666000000000349e+04
2.624710000000000036e+03
2.964770000000000073e+04
1.835099999999999909e+03
1.528910000000000082e+03
5.873512999999999738e+04
6.607469999999999709e+04
1.975786000000000058e+04
7.984000000000000000e+03
1.267000000000000028e+02
6.666530999999999767e+04
2.524343000000000029e+04
1.836875000000000000e+04
1.009599999999999937e+02
6.472765000000000146e+04
8.119529999999999745e+03
8.306499999999999773e+02
1.750029999999999927e+04
8.750132000000000698e+04
3.381599999999999909e+03
3.498322000000000116e+04
1.060000000000000000e+04
3.673400000000000091e+03
2.532179999999999836e+03
1.364312999999999920e+04
3.734599999999999795e+02
9.918000000000000000e+03
4.579900000000000091e+02
5.555609999999999673e+03
3.382605999999999767e+04
6.876175000000000000e+04
3.510294999999999709e+04
1.194800000000000000e+05
7.725289999999999964e+03
1.349997999999999956e+04
1.995200000000000045e+03
9.909309999999999491e+03
1.783481000000000131e+04
3.359758000000000175e+04
2.136450000000000000e+04
7.908529999999999745e+03
2.881440000000000055e+03
1.032799999999999955e+03
6.819680000000000291e+03
4.302033000000000175e+04
3.351679999999999836e+03
9.982999999999999829e+01
7.379716000000000349e+04
8.573040000000000873e+03
2.941872999999999956e+04
4.841100000000000136e+02
9.688260000000000218e+03
5.000000000000000000e+03
8.367200000000000273e+02
2.360420999999999913e+04
3.282648999999999796e+04
8.542858000000000175e+04
5.494579999999999927e+03
8.769430999999999767e+04
3.100008000000000175e+04
4.810000000000000000e+02
1.396500000000000057e+02
7.265975000000000000e+04
4.397510000000000218e+03
7.223057000000000698e+04
4.500000000000000000e+04
1.557720000000000073e+04
2.263677999999999884e+04
1.600000000000000000e+04
9.178850000000000364e+03
1.853397000000000116e+05
7.086709399999999441e+05
2.991500000000000000e+03
4.628000000000000000e+03
2.599777000000000044e+04
2.762500000000000000e+03
4.310239999999999782e+03
4.644699999999999818e+03
4.000000000000000000e+03
2.054999000000000160e+04
5.342699999999999818e+03
2.287811999999999898e+04
3.580000000000000071e+00
1.722309999999999945e+03
4.617829999999999927e+03
2.831364699999999721e+05
2.282320000000000164e+03
2.020000000000000000e+04
2.118729999999999927e+04
5.072687999999999738e+04
7.806100000000000000e+04
1.661047999999999956e+04
1.136857400000000052e+05
6.890449999999999818e+03
8.210400000000000000e+04
3.079083000000000175e+04
6.047479999999999563e+03
1.762100000000000000e+04
2.647920999999999913e+04
1.099096999999999935e+04
1.277510000000000036e+04
6.082699999999999818e+03
6.779791000000000349e+04
3.518923999999999796e+04
2.144150000000000000e+04
6.164380000000000109e+03
1.042414999999999964e+04
3.675019999999999982e+03
2.846949999999999818e+03
5.040020000000000437e+03
6.902971000000000640e+04
8.836499999999999773e+02
2.692952000000000044e+04
2.408159999999999854e+04
1.383100000000000000e+04
5.503159999999999854e+04
2.960722000000000116e+04
1.339610799999999872e+05
2.419000000000000000e+04
6.772200000000000273e+02
1.056200000000000045e+02
6.200000000000000000e+02
1.124940899999999965e+05
5.200000000000000000e+02
9.612200000000000273e+02
3.708000000000000000e+04
1.559220000000000027e+03
1.048940000000000055e+03
8.194540000000000873e+03
1.767947999999999956e+04
3.449276000000000204e+04
5.443044999999999709e+04
1.858081000000000131e+04
3.377281999999999971e+04
3.945230000000000018e+03
4.674479999999999563e+03
9.040680000000000291e+03
1.792813000000000102e+04
5.319876999999999680e+04
1.616299999999999955e+03
2.390174000000000160e+04
1.646786000000000058e+04
6.113386000000000058e+04
5.907002999999999884e+04
1.777774000000000160e+04
2.019447000000000116e+04
5.392510000000000218e+03
2.250822000000000116e+04
4.795093000000000029e+04
7.952279999999999745e+03
3.118665999999999985e+04
4.949544999999999709e+04
1.442400000000000000e+04
1.130289999999999964e+03
8.043199999999999818e+03
3.510826000000000204e+04
1.356423999999999978e+04
3.970205000000000291e+04
1.485378000000000065e+04
2.534261999999999898e+04
7.089279999999999745e+03
1.989065999999999985e+04
6.010000000000000000e+02
2.244652999999999884e+04
1.004613699999999953e+05
4.390994500000000116e+05
2.030250000000000000e+03
2.680954000000000087e+04
1.615557999999999884e+05
1.616037000000000080e+04
8.851200000000000728e+03
2.338475999999999840e+04
8.357090000000000146e+03
8.106699999999999591e+02
1.003286000000000058e+04
1.105081600000000035e+05
4.494800000000000000e+04
2.459269999999999982e+03
1.413913800000000047e+05
6.690380000000000109e+03
2.230000999999999840e+04
1.569220000000000027e+03
1.186206999999999971e+04
7.950270000000000437e+03
2.506086400000000140e+05
4.120859999999999673e+03
1.812131000000000131e+04
3.060056000000000131e+04
2.659306000000000131e+04
2.928313999999999942e+04
3.061889999999999873e+03
2.762662399999999907e+05
1.718599999999999909e+03
2.397511999999999898e+04
7.851720000000000255e+03
6.610299999999999727e+02
7.663229999999999563e+03
9.698430000000000291e+03
4.399600000000000364e+03
5.245000000000000284e+01
8.820360000000000582e+03
1.898059999999999945e+03
4.041999999999999886e+02
4.186000000000000000e+03
2.090372999999999956e+04
1.918100000000000000e+04
5.720000000000000000e+02
1.500000000000000000e+04
4.472380000000000109e+03
6.197899999999999636e+02
2.105984000000000015e+04
1.800000000000000000e+04
4.880312000000000262e+04
1.319925000000000000e+04
1.135210000000000036e+03
1.073235000000000036e+04
1.001000000000000000e+04
9.672610000000000582e+03
3.248481000000000131e+04
1.920000000000000000e+04
1.258900200000000041e+05
2.752280000000000200e+03
1.224041699999999983e+05
9.241024000000000524e+04
1.751849999999999909e+03
6.400000000000000000e+03
1.610168000000000029e+04
2.289777999999999884e+04
3.427911000000000058e+04
1.569979000000000087e+04
7.488799999999999955e+02
4.750200000000000000e+04
2.111477999999999884e+04
5.771281999999999971e+04
6.069960000000000036e+03
2.080200000000000000e+04
5.491449999999999818e+03
1.072007899999999936e+05
8.698110000000000582e+03
2.412534999999999854e+04
1.871402000000000044e+04
6.965000000000000000e+02
4.661439999999999600e+03
1.624069999999999936e+03
3.635260000000000218e+03
9.365239999999999782e+03
2.974730000000000018e+03
7.512599999999999909e+02
1.034504299999999930e+05
6.861717999999999302e+04
3.026263000000000102e+04
5.478574200000000419e+05
1.458000000000000000e+04
4.780310000000000400e+03
1.501469000000000051e+04
2.363554000000000087e+04
8.326899999999999636e+03
1.580000000000000000e+03
2.965725999999999840e+04
6.015329999999999927e+03
3.041635499999999884e+05
3.389070000000000164e+03
1.405200000000000045e+03
2.843811000000000058e+04
3.700000000000000000e+01
3.711923999999999796e+04
1.133440000000000055e+03
2.430300000000000182e+03
9.991661999999999534e+04
7.286020000000000437e+03
1.183561000000000058e+04
2.526699999999999875e+02
1.456385000000000036e+04
6.159710000000000036e+03
1.938658000000000175e+04
2.709900000000000091e+03
1.875034999999999854e+04
2.755894500000000116e+05
2.422009000000000015e+04
3.934300000000000068e+02
5.590000000000000000e+02
1.677375000000000000e+04
6.561711999999999534e+04
1.541269999999999982e+03
2.636029999999999927e+04
4.252847000000000116e+04
2.905799999999999841e+02
9.680838000000000466e+04
3.819200000000000159e+02
3.795550000000000182e+03
4.428848999999999796e+04
8.595000000000000000e+02
6.189000000000000000e+03
5.245520000000000437e+03
3.910840000000000146e+04
1.545711000000000058e+04
4.527412999999999738e+04
3.765619999999999891e+03
3.821655000000000291e+04
1.741836000000000058e+04
9.517319999999999709e+03
6.308039999999999964e+03
7.568489999999999782e+03
2.064399999999999977e+02
1.285119000000000051e+04
9.103500000000000227e+02
2.534199999999999875e+02
1.431461000000000058e+04
1.322656999999999971e+04
3.635699999999999932e+02
5.042881999999999971e+04
4.701000000000000000e+03
1.880699000000000160e+04
2.375520999999999913e+04
7.055220000000000255e+03
1.871291999999999825e+04
4.207727999999999884e+04
4.876200000000000045e+02
6.838600000000000364e+03
3.329699999999999818e+03
1.132272999999999956e+04
3.827431999999999971e+04
1.196200000000000045e+02
1.333940899999999965e+05
1.951020999999999913e+04
3.585280000000000291e+04
2.672200000000000273e+02
2.654399000000000160e+04
6.237859999999999673e+03
8.301699999999999591e+02
2.580886000000000058e+04
8.890000000000000000e+03
2.986750000000000000e+03
4.065805999999999767e+04
1.112851000000000022e+04
1.173113999999999942e+04
5.335409999999999854e+03
2.484663000000000102e+04
8.242671000000000640e+04
4.056506999999999971e+04
2.780400000000000000e+04
5.739819999999999709e+03
3.209760200000000186e+05
1.311565999999999985e+04
4.214658999999999651e+04
1.240000000000000000e+03
8.292590000000000146e+03
1.785020999999999913e+04
1.160000000000000000e+04
6.315000000000000000e+03
1.156279999999999927e+04
1.785000000000000000e+04
9.239614999999999418e+04
1.874859999999999854e+04
4.917729999999999563e+03
1.949434000000000015e+04
3.433412000000000262e+04
1.017830999999999949e+04
1.200000000000000000e+03
4.692090000000000146e+03
2.744599999999999795e+02
1.166900000000000000e+04
3.122491999999999825e+04
3.148838000000000102e+04
1.068337500000000000e+05
4.211029999999999745e+03
4.186800000000000068e+02
1.879640000000000100e+03
2.247849000000000160e+04
1.592173999999999978e+04
1.111742000000000007e+04
1.512918000000000029e+04
5.631448000000000320e+04
9.369659999999999854e+03
1.222200000000000000e+04
5.368026000000000204e+04
8.833877000000000407e+04
4.461672999999999884e+05
3.390787999999999738e+04
2.272086000000000058e+04
7.234600000000000000e+04
1.181750000000000000e+05
1.585529999999999973e+03
3.795599999999999909e+03
2.304315999999999985e+04
9.045000000000000000e+02
1.428490000000000009e+03
5.808100000000000364e+03
5.660590000000000146e+03
2.845318000000000029e+04
1.079400000000000091e+03
5.081800000000000068e+02
3.721550000000000182e+03
2.900274000000000160e+04
2.656380000000000109e+03
3.315110000000000127e+03
2.520000000000000000e+03
2.202700000000000000e+04
1.148569000000000051e+04
4.940600000000000023e+02
2.772316999999999825e+04
7.230739999999999782e+03
2.039754000000000087e+04
9.426677999999999884e+04
7.447107000000000698e+04
7.392609999999999673e+03
3.185510000000000218e+03
2.634679999999999836e+03
1.600000000000000000e+04
9.899340000000000146e+03
1.755710000000000036e+03
3.338730000000000018e+03
5.400000000000000000e+01
9.858200000000000500e+02
3.427126999999999680e+04
1.883725999999999840e+04
3.667100000000000000e+04
2.282015000000000146e+04
2.630306999999999971e+04
3.063300000000000000e+05
1.844124000000000160e+04
5.243088999999999942e+04
1.131200000000000045e+03
5.989210000000000036e+03
7.044578999999999360e+04
6.495869999999999891e+03
4.551567199999999721e+05
2.467041999999999825e+04
2.485000000000000000e+04
1.102631999999999971e+04
1.552284800000000105e+05
2.391822000000000116e+05
1.432697999999999956e+04
2.338475999999999840e+04
1.660271300000000047e+05
2.129938000000000102e+04
2.312500000000000000e+04
4.009111000000000058e+04
9.857000000000000455e+02
1.698595999999999913e+04
3.400000000000000000e+03
1.542170000000000073e+03
2.310699999999999932e+02
4.894215000000000146e+04
2.620918999999999869e+04
5.064522999999999884e+05
4.257561000000000058e+04
1.480460000000000036e+03
2.057179000000000087e+04
1.415500000000000000e+04
5.649600000000000364e+02
5.070500000000000000e+04
8.324520000000000437e+03
2.721388999999999942e+04
4.620908999999999651e+04
9.600000000000000000e+03
2.821577000000000044e+04
2.424099999999999966e+02
3.800000000000000000e+03
1.556846999999999935e+04
8.588700000000000045e+02
5.263300000000000182e+03
5.800000000000000000e+02
4.724054000000000087e+04
3.312500000000000000e+03
5.000000000000000000e+03
1.278153000000000065e+04
3.961000000000000000e+03
3.210879999999999927e+04
7.827289999999999964e+03
4.053800000000000000e+04
2.767352000000000044e+04
4.574372000000000116e+04
1.950000000000000000e+03
5.031473000000000320e+04
9.902489999999999782e+03
1.155300000000000011e+02
2.687360000000000127e+03
6.500000000000000000e+03
2.165360000000000127e+03
7.170499999999999545e+02
9.070090000000000146e+03
2.062515999999999985e+04
4.775337000000000262e+04
2.457570000000000164e+03
2.124516999999999825e+04
5.218449999999999818e+03
1.560000000000000000e+04
1.877225999999999840e+04
1.439131999999999971e+04
1.007460000000000000e+05
2.817199999999999818e+03
2.040430000000000064e+03
1.111826000000000022e+04
2.576239999999999782e+03
8.704591000000000349e+04
1.721388000000000102e+04
3.020029000000000087e+04
6.483890000000000327e+03
7.336659999999999854e+03
9.888000000000000000e+04
9.388500000000000000e+04
2.069399999999999977e+02
2.669499999999999886e+02
8.521000000000000000e+03
3.807837999999999738e+04
9.090299999999999727e+02
1.390588999999999942e+04
2.329059999999999945e+03
4.000000000000000000e+03
2.842679000000000087e+04
5.733000000000000000e+03
1.292930000000000064e+03
7.668000000000000000e+03
7.412525000000000000e+04
1.311039999999999964e+04
3.358369999999999891e+03
3.207847999999999956e+04
2.395461000000000058e+04
3.757000000000000000e+03
5.920570999999999913e+04
1.906220000000000027e+03
2.042208000000000175e+04
2.359400000000000000e+04
9.245299999999999727e+02
1.153500000000000000e+03
7.002590000000000146e+03
5.679199999999999591e+02
1.709522000000000116e+04
3.085199999999999818e+03
1.300267000000000007e+04
8.321500000000000000e+03
7.630840000000000146e+03
4.491151999999999680e+04
5.271702999999999884e+04
5.078869999999999891e+03
7.443449999999999818e+03
1.429255999999999949e+04
1.116512000000000080e+04
1.686820999999999913e+04
2.578999999999999915e+01
3.199440000000000055e+03
1.029864999999999964e+04
1.608354999999999927e+04
4.858000000000000000e+03
6.902047999999999593e+04
1.666000000000000000e+03
9.970329999999999927e+03
1.637420000000000073e+03
2.500000000000000000e+03
2.935436000000000058e+04
1.821575000000000000e+04
7.590569999999999709e+03
1.083000000000000000e+04
2.289300000000000068e+02
1.553752000000000044e+04
7.114699999999999818e+03
1.000000000000000000e+04
3.815608000000000175e+04
2.280158000000000175e+04
5.003926999999999680e+04
7.754930000000000291e+03
9.293010000000000582e+04
3.428276000000000204e+04
7.773099999999999454e+02
9.421479999999999563e+03
7.748875000000000000e+04
3.328351000000000204e+04
6.700340000000000146e+03
2.911750000000000000e+04
4.259470000000000255e+03
8.338079999999999927e+03
5.120010000000000218e+03
5.287449999999999818e+03
2.212190999999999985e+04
1.193401000000000022e+04
1.205131799999999930e+05
1.650000000000000000e+04
4.794600000000000000e+04
5.214700000000000273e+02
1.452899999999999920e+02
4.792905999999999767e+04
7.989108999999999651e+04
3.709326999999999680e+04
1.405500000000000114e+02
4.565939999999999600e+03
7.848680000000000291e+03
1.600000000000000000e+03
1.118642000000000007e+04
6.376609999999999673e+03
6.678739999999999418e+04
2.053999999999999915e+01
6.796299000000000524e+04
3.479665000000000146e+04
1.083925899999999965e+05
5.936277999999999884e+04
3.293509999999999854e+04
4.756891000000000349e+04
3.321000000000000227e+02
1.338400000000000091e+03
7.037899999999999636e+02
7.135310000000000400e+03
5.381220000000000255e+03
3.076729999999999927e+04
1.396500000000000057e+02
4.308208400000000256e+05
1.895000000000000000e+02
3.678210000000000036e+03
1.240994000000000051e+04
8.855870000000000800e+03
8.284950000000000728e+03
1.847190000000000055e+03
9.469450000000000728e+03
1.144254000000000087e+04
1.982199999999999989e+02
1.064250000000000000e+03
5.134909999999999854e+03
2.739000000000000000e+03
6.080941999999999825e+04
7.879109999999999673e+03
8.076482000000000698e+04
6.676189999999999600e+03
1.766849999999999909e+03
1.239723600000000006e+05
3.600070000000000164e+03
5.069460000000000036e+03
1.236088999999999942e+04
1.222100000000000000e+04
3.988087999999999738e+04
4.311755999999999767e+04
3.381098999999999796e+04
3.500349999999999909e+03
4.131800000000000068e+02
1.428145000000000000e+05
5.839999999999999858e+00
5.056200000000000000e+04
3.069405599999999977e+05
2.718315000000000146e+04
1.350410000000000082e+03
3.124000000000000000e+04
1.200332999999999993e+04
4.562705200000000186e+05
3.319800000000000182e+02
7.363424000000000524e+04
7.903670000000000073e+03
1.924068999999999869e+04
1.964318999999999869e+04
2.234699999999999989e+02
5.152312999999999738e+04
1.396571999999999935e+04
2.457070000000000164e+03
1.216000000000000000e+03
3.618580000000000291e+04
1.414731999999999971e+04
7.957150000000000000e+04
9.869530000000000655e+03
8.219020000000000437e+03
4.873856999999999971e+04
1.265337999999999920e+04
3.584519999999999709e+04
3.415018000000000029e+04
4.692090000000000146e+03
6.045640000000000327e+03
9.174286999999999534e+04
2.490000000000000000e+04
2.718519999999999982e+03
9.670000000000000000e+02
5.461075000000000000e+04
1.278153000000000065e+04
4.289000000000000000e+03
1.335717799999999988e+05
1.101306999999999971e+04
1.845529999999999927e+04
1.474010000000000036e+04
7.809369999999999891e+03
3.750394000000000233e+04
7.254899999999999636e+03
1.973820000000000073e+04
8.617200000000000728e+03
2.486400000000000091e+03
1.246560000000000036e+04
1.616037000000000080e+04
4.492668000000000029e+04
5.945319999999999709e+03
1.915895999999999913e+04
1.756338999999999942e+04
3.836739999999999782e+03
3.289626999999999680e+04
1.848472999999999956e+04
3.863901999999999680e+04
2.300389999999999873e+03
7.661550000000000182e+03
3.369168000000000029e+04
1.334496999999999935e+04
5.522977999999999884e+04
3.111070999999999913e+04
1.599847999999999956e+04
6.668239999999999782e+03
5.393748999999999796e+04
3.643176000000000204e+04
8.135180000000000291e+03
3.779998999999999796e+04
3.328000000000000000e+03
3.113434000000000015e+04
6.940609999999999673e+03
2.950000000000000000e+04
2.187809999999999854e+04
2.492663900000000140e+05
8.093300000000000409e+02
4.675962199999999721e+05
5.163600000000000364e+03
1.854659999999999854e+04
2.904320000000000164e+03
1.668000000000000000e+04
4.660949999999999818e+03
1.236557999999999993e+04
1.516869999999999891e+03
5.822623000000000320e+04
1.946279999999999927e+04
2.558262699999999895e+05
3.172159999999999854e+03
1.080817700000000041e+05
7.585109999999999673e+03
9.627100000000000364e+02
3.220697999999999956e+04
2.700004000000000087e+04
5.034720000000000255e+03
1.500000000000000000e+03
6.144099999999999682e+02
2.176693399999999965e+05
5.407799999999999727e+02
1.215211399999999994e+05
1.878145000000000073e+04
8.630000000000000782e+00
3.368036000000000058e+04
1.526543000000000029e+04
4.415584999999999854e+04
4.249630000000000109e+03
3.695995999999999913e+04
1.308145399999999936e+05
4.294862999999999738e+04
5.868260000000000218e+03
3.503780000000000200e+03
1.100640000000000100e+03
6.552602999999999884e+04
3.827000000000000000e+03
1.509761000000000058e+04
2.820550000000000182e+03
1.509059999999999945e+03
3.378219999999999709e+04
4.661439999999999600e+03
1.076479999999999927e+04
7.398939999999999600e+03
1.166300000000000000e+04
1.441367000000000007e+04
9.923999999999999773e+02
4.693212999999999738e+04
2.478515999999999985e+04
3.160639999999999873e+03
6.038649999999999636e+03
2.344888999999999942e+04
7.630840000000000146e+03
6.863713999999999942e+04
3.330900000000000091e+03
1.863488999999999942e+04
4.899999999999999911e-01
1.570303000000000065e+04
5.779600000000000364e+02
6.650700000000000500e+02
6.101030000000000291e+04
1.748800000000000000e+04
2.236709999999999854e+04
2.027084599999999919e+05
7.358010000000000218e+03
2.208814899999999907e+05
3.779639999999999873e+03
2.479340000000000146e+03
7.801699999999999591e+02
4.034083000000000175e+04
1.382386000000000058e+04
2.042959999999999854e+04
1.072693000000000029e+04
2.359808000000000175e+04
3.163404899999999907e+05
4.390299999999999727e+02
4.152399999999999636e+03
1.209846999999999935e+04
5.019800000000000000e+04
3.443000000000000114e+02
3.702115000000000146e+04
6.243250000000000000e+03
1.652869999999999891e+03
2.841663000000000102e+04
5.767400000000000000e+04
4.000000000000000000e+03
2.028783000000000175e+04
4.501527999999999884e+04
4.450000000000000000e+04
5.273000000000000000e+03
5.856200000000000045e+02
7.949000000000000000e+03
4.419000000000000000e+04
1.863524000000000160e+04
3.915797000000000116e+05
3.356901000000000204e+04
9.543229999999999563e+03
2.656709999999999854e+04
2.802631000000000131e+04
4.351600000000000250e+02
2.293489999999999782e+03
6.242209999999999854e+04
8.800010000000000218e+03
2.781940000000000055e+03
1.617504100000000035e+05
1.467952000000000044e+04
1.067998999999999978e+04
7.762400000000000091e+02
1.021950000000000000e+04
4.748000000000000000e+03
3.000000000000000000e+02
3.584460000000000036e+03
1.567100000000000000e+04
3.784289999999999964e+03
8.788575999999999476e+04
9.845536999999999534e+04
1.099539999999999964e+03
2.133868000000000029e+04
7.087677000000000407e+04
3.333600000000000136e+02
2.265719999999999800e+03
1.560419599999999919e+05
8.335000000000000000e+02
1.495050000000000000e+04
1.172680999999999949e+04
2.916775000000000000e+04
8.782200000000000728e+03
7.641069000000000233e+04
8.131670000000000073e+03
2.860000000000000000e+02
8.361499999999999773e+02
2.740000000000000000e+03
2.629699999999999818e+03
5.944199999999999591e+02
2.395963000000000102e+04
2.802895999999999913e+04
4.773999999999999773e+02
2.264920000000000073e+04
2.575369999999999891e+03
9.900000000000000000e+01
1.567745599999999977e+05
1.676000000000000000e+04
2.313281000000000131e+04
5.959820999999999913e+04
6.135825000000000000e+04
8.841430000000000291e+03
1.076029999999999973e+03
3.504716999999999825e+04
5.366499999999999773e+02
2.258243099999999977e+05
1.106378800000000047e+05
5.280099999999999909e+02
6.345949999999999818e+03
4.405444000000000233e+04
1.193404999999999927e+04
2.844825999999999840e+04
4.726470000000000255e+03
1.169112999999999920e+04
3.093384999999999854e+04
7.183340000000000146e+03
4.190993000000000029e+04
1.556129999999999927e+04
7.988097999999999593e+04
1.697983000000000175e+04
3.929139999999999873e+03
9.179528999999999360e+04
5.296689999999999600e+03
6.477100000000000364e+02
7.817599999999999909e+02
1.902940000000000055e+03
2.784911000000000058e+04
1.634992300000000105e+05
5.382000000000000455e+02
2.309999000000000160e+04
1.409189599999999919e+05
1.493428500000000058e+05
1.256001000000000022e+04
1.080842000000000007e+04
1.701769999999999982e+03
2.430365999999999985e+04
4.830393000000000029e+04
3.168181999999999971e+04
1.452829999999999927e+03
5.612100000000000000e+04
4.861159999999999854e+03
5.024529999999999745e+03
4.958680000000000291e+03
9.728300000000000409e+02
2.256609999999999854e+04
3.299675000000000000e+04
1.560236000000000058e+04
3.649239999999999782e+03
1.300482700000000041e+05
7.451899999999999636e+03
1.018163899999999994e+05
1.354709000000000015e+04
1.995000000000000000e+03
2.384539999999999964e+03
1.980016999999999825e+04
4.697595999999999913e+04
5.261765000000000146e+04
1.296480000000000018e+03
1.385809999999999945e+03
3.583799999999999955e+02
5.937699999999999818e+02
1.741099999999999909e+03
3.536238999999999942e+04
9.275272999999999593e+04
7.529744999999999709e+04
3.259700000000000273e+02
9.366639999999999418e+03
1.276385000000000036e+04
6.010000000000000000e+02
1.315992000000000007e+04
1.298292500000000000e+05
1.771511999999999898e+04
8.380000000000000000e+02
1.008600000000000000e+04
8.812767999999999302e+04
4.063000000000000000e+04
2.075672000000000116e+04
2.246125000000000000e+04
3.687419000000000233e+04
2.167099999999999909e+03
9.660000000000000000e+02
3.800000000000000000e+03
2.118570000000000164e+03
2.473111999999999898e+04
4.687519000000000233e+04
5.661270000000000437e+03
2.622700999999999840e+04
3.169519999999999982e+03
2.578699000000000160e+04
1.575500000000000000e+04
9.654500000000000000e+03
1.236711000000000058e+04
7.958460000000000036e+03
1.510342000000000007e+04
7.629500000000000000e+03
3.371499999999999773e+02
1.854466999999999825e+04
5.542060000000000400e+03
1.477972999999999956e+04
9.600000000000000000e+03
3.569230000000000291e+04
9.111699999999999591e+02
9.045959999999999127e+03
2.254150000000000000e+04
3.038986000000000058e+04
1.373400000000000091e+03
1.418693000000000029e+04
3.038399999999999750e+02
6.530800000000000409e+02
1.091750000000000000e+03
2.884743000000000029e+04
3.675120999999999913e+04
3.827904000000000087e+04
3.000000000000000000e+03
6.659400000000000000e+04
1.921255000000000000e+05
8.986950000000000000e+04
3.766794999999999709e+04
3.490627999999999884e+04
2.822140000000000146e+04
4.597599999999999909e+02
2.853924000000000160e+04
3.230149000000000160e+04
5.239800000000000182e+03
1.893350999999999840e+04
3.788430000000000291e+04
1.522410000000000036e+04
4.690000000000000000e+03
3.124000000000000000e+04
3.142150000000000000e+04
2.603289999999999964e+03
7.385600000000000000e+04
2.283552000000000044e+04
9.853467999999999302e+04
3.536880000000000109e+03
1.430000000000000000e+03
1.642122000000000116e+04
2.159477000000000044e+04
3.560094000000000233e+04
6.459830000000000291e+04
3.397876000000000204e+04
8.300000000000000000e+03
2.184000000000000000e+03
3.793491000000000349e+04
7.758380000000000109e+03
6.114454000000000087e+04
2.481365000000000146e+04
8.839139999999999418e+03
6.036330999999999767e+04
1.067633999999999942e+05
1.866079999999999927e+03
1.080000000000000000e+04
1.900839999999999918e+03
1.486176400000000140e+05
1.873227000000000044e+04
4.200800000000000182e+03
3.512230000000000018e+03
2.795900000000000091e+03
4.500000000000000000e+03
1.939793200000000070e+05
1.755940999999999985e+04
4.451890000000000327e+03
3.124384000000000015e+04
8.941989999999999782e+03
3.266693000000000029e+04
1.484300000000000000e+04
3.283969999999999800e+03
9.830599999999999454e+02
9.255799999999999272e+03
5.065060000000000400e+03
3.090000000000000000e+02
1.498770999999999913e+04
4.264719000000000233e+04
1.847999000000000160e+04
1.475523999999999978e+04
2.622538000000000102e+04
6.953700000000000045e+02
1.221400000000000006e+02
1.264677000000000044e+04
6.440000000000000000e+03
3.967315000000000146e+04
2.245000000000000000e+04
1.107870000000000073e+04
9.036329999999999927e+03
2.129204100000000035e+05
1.442876000000000022e+04
2.882524000000000160e+04
1.930000000000000000e+02
6.127600000000000364e+03
1.290999999999999943e+02
1.504309000000000015e+04
6.675066000000000349e+04
1.779990999999999985e+04
8.401370000000000800e+03
8.141789999999999964e+03
8.864800000000000000e+04
9.953530000000000655e+03
6.800000000000000000e+02
2.064399999999999977e+02
6.162750000000000000e+03
4.901858000000000175e+04
5.337300000000000182e+02
2.563780000000000200e+03
1.600000000000000000e+02
3.013784000000000015e+04
1.179579999999999927e+03
2.247415999999999985e+04
1.640730000000000018e+03
1.714208000000000175e+04
4.113649999999999636e+03
6.447437999999999738e+04
3.300659999999999854e+03
1.877500000000000000e+04
2.015909999999999854e+04
3.920694999999999709e+04
1.754050999999999840e+04
7.067569999999999709e+03
5.527799999999999727e+02
1.434431600000000035e+05
3.483900000000000000e+04
6.493289999999999964e+03
1.776104000000000087e+04
3.922900000000000205e+02
2.304763000000000102e+04
1.402295999999999913e+04
3.282559999999999945e+03
1.532000000000000028e+01
1.155230000000000018e+03
4.991156999999999971e+04
1.932000000000000000e+04
2.943260000000000218e+03
4.123663999999999942e+04
4.816431999999999971e+04
6.093168000000000029e+04
2.622700999999999840e+04
5.114050000000000182e+03
6.910522000000000116e+04
3.488940000000000055e+03
2.744059000000000015e+04
5.383237000000000262e+04
1.631346999999999935e+04
2.042208000000000175e+04
2.077209000000000015e+04
7.434416000000000349e+04
3.315000000000000000e+03
4.057300000000000000e+04
1.472237999999999884e+05
1.982199000000000160e+04
1.222378000000000065e+04
2.145000000000000000e+03
5.198719999999999709e+04
1.296539999999999964e+04
6.150000000000000000e+03
2.800511000000000058e+04
5.978819999999999709e+03
2.690000000000000000e+03
1.367289999999999964e+03
1.190174700000000012e+05
3.091459000000000015e+04
1.691200000000000000e+04
1.143631999999999971e+04
2.315030000000000200e+03
2.733429999999999836e+03
2.088941999999999825e+04
3.839399999999999977e+02
2.618429999999999927e+04
1.050660000000000000e+05
2.417258200000000070e+05
1.286889299999999930e+05
8.881229999999999563e+03
4.241294999999999709e+04
1.663199999999999932e+02
1.009881999999999971e+04
2.554929999999999836e+03
1.517731999999999971e+04
2.656019999999999982e+03
3.309244999999999709e+04
1.121802000000000044e+04
6.098659999999999854e+03
3.840010000000000218e+03
2.830969999999999800e+03
2.197975000000000000e+04
2.698531999999999971e+04
2.190761000000000058e+04
1.276385000000000036e+04
3.753170000000000073e+03
4.978920000000000073e+03
1.263811900000000023e+05
6.000000000000000000e+03
1.871596799999999930e+05
3.932400000000000091e+02
1.768869999999999891e+03
4.547200000000000000e+04
1.620000000000000000e+04
2.786780000000000200e+03
1.075912899999999936e+05
1.400000000000000000e+04
5.012189999999999600e+03
1.285990999999999985e+04
8.425299999999999727e+02
1.104890999999999985e+04
8.784819999999999709e+03
1.239660000000000082e+03
1.168400000000000000e+05
1.852800000000000000e+04
2.497199999999999989e+02
3.826610000000000127e+03
1.310769000000000051e+04
4.143955000000000291e+04
1.296309000000000015e+04
5.898151000000000204e+04
1.600000000000000000e+04
4.337900000000000000e+04
2.532459000000000015e+04
1.022287999999999920e+04
1.057820000000000073e+04
2.128825700000000070e+05
2.303799999999999955e+02
5.905704000000000087e+04
9.122600000000000364e+03
1.880160000000000082e+03
1.699751199999999953e+05
1.000000000000000000e+03
6.698319999999999709e+03
6.599399999999999636e+03
1.447513999999999942e+04
4.845420000000000073e+03
9.480000000000000000e+03
3.713449999999999818e+03
2.636563999999999942e+04
4.750000000000000000e+03
4.968033000000000175e+04
1.327470000000000027e+03
1.620000000000000000e+04
9.073600000000000136e+02
9.978209999999999127e+03
4.368359999999999673e+03
2.230079999999999927e+03
1.176414999999999964e+04
1.066301900000000023e+05
1.402500000000000000e+04
2.752730000000000018e+03
1.695840999999999985e+04
2.555050000000000000e+04
1.609997999999999956e+04
7.719900000000000091e+02
9.265129999999999200e+03
2.634000000000000000e+03
7.757100000000000364e+02
3.304019999999999709e+04
1.003929100000000035e+05
1.386000000000000000e+03
4.732976000000000204e+04
2.377136999999999898e+04
3.935023000000000320e+04
2.914731999999999971e+04
2.610125000000000000e+04
1.189852000000000044e+04
6.820630000000000109e+03
5.180000000000000000e+04
2.176999999999999886e+02
5.270780999999999767e+04
7.888099999999999454e+02
1.744174000000000160e+04
3.746210000000000036e+03
5.034720000000000255e+03
1.714000000000000000e+04
2.363018999999999869e+04
4.351399999999999864e+02
1.180000000000000000e+04
2.035431000000000131e+04
2.670309999999999854e+04
2.353420000000000073e+03
6.668105000000000291e+04
5.940000000000000000e+02
1.548877000000000044e+04
3.312081999999999971e+04
1.132535000000000036e+04
3.593600000000000136e+02
3.557961000000000058e+04
2.141927000000000044e+04
6.800000000000000000e+02
1.424789999999999964e+03
1.413750000000000000e+04
3.315504000000000087e+04
1.505621999999999935e+04
1.350137000000000080e+04
3.890389999999999873e+03
4.106450000000000000e+04
4.602095999999999913e+04
1.951900000000000000e+04
2.560900999999999840e+04
1.318000000000000000e+03
1.503824700000000012e+05
3.941280000000000291e+04
3.629380000000000109e+03
2.440390999999999985e+04
1.368982999999999993e+04
1.272490000000000009e+03
1.933600000000000136e+02
1.410000000000000000e+03
1.335720000000000027e+03
1.013437000000000080e+04
2.297445000000000073e+04
3.257000000000000000e+04
3.280809999999999854e+04
8.287860000000000582e+03
5.600199999999999818e+02
1.549448999999999978e+04
1.605176000000000022e+04
1.281212000000000080e+04
5.432259999999999854e+04
1.642244800000000105e+05
8.625000000000000000e+03
2.124563000000000102e+04
3.861976999999999680e+04
4.611738999999999942e+04
1.446000000000000000e+04
8.079400000000000546e+02
4.400043000000000029e+04
5.436180000000000291e+03
1.140400000000000000e+05
1.416359999999999900e+03
6.728300000000000182e+03
7.055220000000000255e+03
1.234388000000000029e+05
1.246604999999999927e+04
2.935268999999999869e+04
2.060999999999999943e+02
1.132210000000000036e+03
2.244110000000000127e+03
2.344970000000000073e+04
1.191494700000000012e+05
3.182000000000000000e+03
9.316760000000000218e+03
1.617210000000000000e+05
5.571905000000000291e+04
1.832356000000000131e+04
1.395742000000000007e+04
1.012491699999999983e+05
3.697599999999999909e+03
1.785022999999999956e+04
2.329059999999999945e+03
3.091913999999999942e+04
8.389800000000000182e+02
2.152631000000000131e+04
1.438848900000000140e+05
1.510504000000000087e+04
3.018000000000000000e+03
3.955949999999999818e+03
6.040390000000000327e+03
5.665762000000000262e+04
1.205455999999999949e+04
1.163160000000000036e+04
1.292592000000000007e+04
1.783481000000000131e+04
1.956085199999999895e+05
3.214125000000000000e+04
8.547975999999999476e+04
3.398010000000000218e+03
3.165000000000000000e+03
1.675372999999999956e+04
3.889519000000000233e+04
1.635387000000000080e+04
1.529695000000000073e+04
8.981852000000000407e+04
1.417500000000000000e+05
1.432576000000000022e+04
1.329596999999999935e+04
4.361630000000000109e+03
5.524859999999999673e+03
2.523202000000000044e+04
9.336880000000000291e+04
2.446500000000000057e+02
2.959868000000000029e+04
1.987089999999999918e+03
8.454000000000000000e+03
1.387940000000000055e+03
1.927700000000000102e+02
1.308980000000000018e+03
5.492754000000000087e+04
3.761360000000000127e+03
1.839512799999999988e+05
1.967100000000000080e+02
1.238679999999999927e+04
3.507329000000000087e+04
4.200800000000000000e+04
6.270800000000000409e+02
1.339663999999999942e+04
7.425208000000000175e+04
1.704268000000000029e+04
2.303169100000000035e+05
8.178200000000000500e+02
1.292952599999999948e+05
3.336610000000000127e+03
6.100000000000000000e+03
2.801390999999999985e+04
1.332196999999999935e+04
8.157727000000000407e+04
3.627876999999999680e+04
1.630600000000000000e+04
5.387436000000000058e+04
3.000000000000000000e+04
8.748999999999999488e+01
2.252389999999999873e+03
2.509565000000000146e+04
4.831899999999999977e+02
5.282500000000000000e+02
2.828039999999999964e+03
1.048290999999999985e+04
4.923405000000000291e+04
5.947810000000000400e+03
1.245645000000000073e+04
1.785121900000000023e+05
9.375000000000000000e+03
5.062900000000000205e+02
1.006064999999999964e+04
2.928250000000000000e+03
1.384407099999999919e+05
1.177304999999999927e+04
9.330000000000000000e+02
2.300143900000000140e+05
8.260099999999999909e+02
2.092214500000000116e+05
9.535780000000000655e+03
4.533605999999999767e+04
2.266820000000000073e+04
1.288837999999999920e+04
1.094323999999999978e+04
1.386800000000000000e+04
1.545842000000000007e+04
8.158550999999999476e+04
1.600692000000000007e+04
3.360000000000000000e+03
8.519760000000000218e+03
7.415399999999999636e+02
1.181820999999999913e+04
2.531465000000000146e+04
1.582922999999999956e+04
9.900000000000000000e+03
2.323797999999999956e+04
5.243137999999999738e+04
3.938663999999999942e+04
1.545429999999999927e+04
3.457400000000000091e+02
6.286590000000000146e+03
7.940000000000000568e+01
6.277287000000000262e+04
4.331899999999999636e+03
1.204100000000000000e+04
1.489798999999999978e+04
2.645199999999999818e+02
1.682179999999999927e+04
1.188299999999999955e+03
4.182500000000000000e+03
2.285295999999999913e+04
1.486999999999999922e+01
1.341100000000000136e+02
7.210144000000000233e+04
8.358440000000000509e+03
1.210730000000000018e+03
1.432930999999999949e+04
3.447030000000000200e+03
4.572609999999999854e+04
6.511911000000000058e+04
1.398420000000000073e+03
2.414552999999999884e+04
8.630870000000000800e+03
1.663900000000000091e+03
1.465001000000000022e+04
7.831069999999999709e+03
8.114761000000000058e+04
1.494069999999999936e+03
1.744041999999999825e+04
3.250084999999999854e+04
4.132800000000000000e+04
2.872447000000000116e+04
3.699999999999999956e-01
4.749920000000000073e+03
5.080180000000000291e+03
2.988965000000000146e+04
4.947591000000000349e+04
2.400000000000000000e+03
1.934238000000000102e+04
1.531734800000000105e+05
1.079359999999999900e+03
2.729610000000000127e+03
4.298799999999999955e+02
3.445000000000000000e+03
4.499998999999999796e+04
3.523769999999999982e+03
2.096489999999999782e+03
1.422230999999999949e+04
1.181968000000000029e+04
7.038200000000000500e+02
5.870000000000000000e+04
1.389973999999999978e+04
4.317649999999999636e+03
8.684677999999999884e+04
5.301599999999999682e+02
7.200000000000000000e+03
1.000200000000000045e+03
1.652899999999999920e+02
1.114120000000000073e+04
1.043715999999999985e+04
4.740875000000000000e+04
1.876520999999999913e+04
7.762409999999999854e+03
8.134817999999999302e+04
9.417940000000000509e+03
7.438205000000000291e+04
2.139193999999999942e+05
4.298799999999999955e+02
2.635493000000000029e+04
6.343700000000000045e+02
1.474363999999999942e+04
1.033094000000000051e+04
2.461929999999999836e+03
1.036750000000000000e+04
6.458450000000000000e+04
1.114059999999999945e+03
2.480000000000000000e+03
3.128556000000000131e+04
2.613019999999999982e+03
7.791659999999999854e+03
9.585979999999999563e+03
5.669845999999999913e+04
5.194439999999999600e+03
4.679459999999999854e+04
2.693774899999999907e+05
1.716200000000000000e+05
6.517427999999999884e+04
4.633281999999999971e+04
1.992230000000000018e+03
1.439835000000000036e+04
8.164199999999999591e+02
2.127497999999999956e+04
6.143229999999999563e+03
1.435210000000000036e+03
2.560000000000000000e+02
4.348306599999999744e+05
1.163430000000000064e+03
1.980000000000000000e+03
1.565172999999999956e+04
3.315705000000000291e+04
3.408116000000000349e+04
3.237079000000000087e+04
3.700000000000000000e+01
3.700000000000000000e+03
2.780906999999999971e+04
4.487194000000000233e+04
2.002070000000000073e+04
1.922500000000000000e+03
3.802848000000000320e+04
9.884930000000000291e+03
9.680170000000000073e+03
1.108348099999999977e+05
1.042902000000000044e+04
3.562500000000000000e+02
1.315100000000000000e+04
5.245299999999999727e+02
1.200000000000000000e+04
4.979763999999999942e+04
2.962233000000000175e+04
1.515505999999999949e+04
1.453509999999999991e+03
1.542790999999999985e+04
1.878671600000000035e+05
3.285039999999999964e+03
9.884999999999999432e+01
7.611002000000000407e+04
9.881430000000000291e+03
4.069056999999999971e+04
2.106647000000000116e+04
6.495915000000000146e+04
1.310427000000000044e+04
2.469436999999999898e+04
3.634705000000000291e+04
4.711150000000000000e+04
4.912729999999999563e+03
8.164547000000000116e+04
6.912649999999999636e+03
4.232605000000000291e+04
1.378554999999999927e+04
1.493039999999999964e+04
9.858770000000000437e+03
1.299200000000000000e+04
1.601635000000000036e+04
2.005745000000000073e+04
1.172900000000000063e+02
2.753888000000000102e+04
3.927699999999999818e+02
2.569143000000000029e+04
2.256297000000000116e+04
1.421552799999999988e+05
3.951100000000000136e+02
7.524892999999999302e+04
3.599999999999999867e-01
1.579264999999999964e+04
1.115377000000000044e+04
5.800000000000000000e+03
3.156759000000000015e+04
1.686218999999999869e+04
2.511510000000000218e+03
1.687802000000000044e+04
2.506250000000000000e+04
6.957319999999999709e+03
3.287900000000000091e+03
2.610000000000000000e+02
5.876670999999999913e+04
1.742019999999999982e+03
3.985199999999999818e+02
1.598059999999999945e+03
9.808379999999999200e+03
1.200000000000000000e+03
3.564349999999999909e+03
3.116100000000000136e+02
2.033049999999999955e+03
3.196727999999999884e+04
3.408848999999999796e+04
5.183999999999999773e+02
4.840449999999999818e+03
1.373563999999999942e+04
1.809465999999999985e+04
5.425140000000000327e+03
3.873000000000000000e+03
2.755195000000000073e+04
3.220181999999999971e+04
1.182599999999999909e+03
1.930902999999999884e+04
5.201329999999999927e+03
5.891000000000000227e+02
3.567570000000000164e+03
5.733539999999999964e+03
8.379586000000000058e+04
3.711475000000000000e+04
2.551279999999999927e+04
1.828759999999999854e+04
9.031409999999999854e+03
1.490137999999999920e+04
1.120600000000000000e+04
1.777975000000000000e+04
1.887300000000000000e+04
8.000000000000000000e+03
2.276884000000000015e+04
6.325270000000000437e+03
2.903500000000000000e+03
7.915383000000000175e+04
5.520000000000000000e+03
3.790000000000000000e+03
3.169050000000000000e+04
2.073415000000000146e+04
6.071720000000000255e+03
1.240000000000000000e+04
1.259779999999999973e+03
1.341500000000000000e+03
1.158199999999999932e+02
4.000000000000000000e+03
6.494500000000000455e+02
1.609300000000000068e+02
1.058160000000000082e+03
3.770909999999999854e+03
4.809226000000000204e+04
2.375349999999999909e+03
3.032015000000000146e+04
4.230000000000000000e+02
3.601974400000000023e+05
1.278130000000000109e+03
3.670697000000000116e+04
1.000000000000000000e+02
7.585579999999999927e+03
2.476527000000000044e+04
7.873930000000000291e+03
3.427599999999999909e+03
1.822090999999999985e+04
4.099100000000000250e+02
1.516654999999999927e+04
7.120000000000000000e+04
2.179739999999999782e+03
1.728794899999999907e+05
2.266588999999999942e+04
5.688859999999999673e+03
1.182651900000000023e+05
1.520000000000000000e+04
2.193699999999999818e+03
3.941744999999999709e+04
6.757869999999999891e+03
1.411363999999999942e+05
3.300000000000000000e+03
7.118750000000000000e+03
5.228000000000000000e+03
1.609647999999999884e+05
3.171499999999999773e+02
3.196239999999999782e+03
3.455208000000000175e+04
2.260947000000000116e+04
1.212443000000000029e+04
2.710397000000000116e+04
8.000000000000000000e+03
3.160639999999999873e+03
5.608888999999999942e+04
2.993668000000000029e+04
1.950399999999999920e+02
1.713493999999999869e+04
9.901969999999999345e+03
1.805000000000000000e+03
2.200261999999999898e+04
6.807258000000000175e+04
1.958661300000000047e+05
4.701119999999999891e+03
6.114020000000000437e+03
3.092918000000000029e+04
2.260745999999999913e+04
2.384539999999999964e+03
3.300000000000000000e+02
3.604972000000000116e+04
5.570399999999999636e+02
1.212582999999999993e+04
1.532843000000000029e+04
2.689390000000000146e+04
2.067065999999999985e+04
4.422419000000000233e+04
1.710591999999999825e+04
8.022789999999999964e+03
1.891849000000000160e+04
1.752027000000000044e+04
1.056197999999999956e+04
2.027559999999999854e+04
7.936010000000000218e+03
8.953000000000000000e+03
1.689061000000000058e+04
1.499159700000000012e+05
1.000000000000000000e+03
4.247599999999999909e+02
2.291378259999999776e+06
1.750552999999999884e+04
2.337949999999999818e+03
1.839791999999999825e+04
4.920000000000000000e+03
5.818200000000000500e+02
2.198347000000000116e+04
9.678000000000000114e+01
2.311861999999999898e+04
7.421800000000000182e+03
2.851816999999999825e+04
6.794510000000000218e+03
7.436799999999999500e+02
1.568504999999999927e+04
6.166156999999999971e+04
5.330039999999999964e+03
9.083411999999999534e+04
1.826065999999999985e+04
1.983470999999999913e+04
6.704844999999999709e+04
4.668406999999999971e+04
2.374030700000000070e+05
8.504889999999999418e+03
4.398080000000000291e+04
2.006690000000000055e+03
1.678411000000000058e+04
3.409780000000000200e+03
4.484640000000000146e+04
2.597638999999999942e+04
2.146550000000000182e+03
2.880300000000000000e+04
3.913658000000000175e+04
5.405989999999999782e+03
8.326889999999999418e+03
2.087650000000000091e+03
1.305237000000000080e+04
2.729500000000000000e+04
1.170140999999999985e+04
5.434569999999999709e+04
1.092000000000000000e+03
3.279700000000000000e+04
5.465000000000000000e+02
8.091199000000000524e+04
3.627876999999999680e+04
3.190230000000000018e+03
4.141999999999999886e+02
1.598137900000000081e+05
1.100000000000000000e+03
1.043960399999999936e+05
1.254165999999999985e+04
3.094200000000000159e+02
6.094960000000000036e+03
7.732529999999999745e+03
1.178677899999999936e+05
8.951790000000000873e+03
3.616000000000000000e+03
1.328852000000000044e+04
1.908900000000000091e+03
6.800000000000000000e+03
1.622880000000000109e+03
1.773363999999999942e+04
7.265899999999999636e+03
4.131930000000000291e+04
6.960236999999999534e+04
2.590219999999999800e+03
2.167099999999999909e+03
1.439998999999999978e+04
4.165149999999999636e+03
1.476500000000000000e+04
2.775460000000000000e+05
3.188000000000000000e+04
1.518330000000000000e+05
4.719572800000000279e+05
1.270486000000000058e+04
1.791145000000000073e+04
1.342319999999999936e+03
8.981500000000000000e+04
6.418926999999999680e+04
7.724963000000000466e+04
5.190637999999999738e+04
4.466044999999999709e+04
3.898333000000000175e+04
4.793420000000000073e+03
4.142954000000000087e+04
3.296250000000000000e+03
9.960000000000000000e+03
9.660450000000000728e+03
2.343656000000000131e+04
2.320606000000000131e+04
7.762253999999999360e+04
1.886699999999999875e+02
3.607119999999999709e+04
1.468463999999999942e+04
2.007834999999999854e+04
9.416316000000000349e+04
1.833397000000000116e+04
2.379529000000000087e+04
8.800399999999999636e+02
2.892659999999999854e+03
1.647286000000000058e+04
1.264545000000000073e+04
7.043574000000000524e+04
2.977900000000000205e+02
2.227679999999999927e+04
5.231950000000000000e+04
2.852340000000000146e+03
9.784780000000000655e+03
6.334460000000000036e+03
3.859900000000000091e+02
9.088516999999999825e+04
3.267250000000000000e+03
2.049970000000000073e+04
3.254772999999999956e+04
2.749499999999999886e+02
3.950797000000000116e+04
1.583000000000000000e+04
5.924658999999999651e+04
3.872983000000000175e+04
1.217831999999999971e+04
1.501715999999999985e+04
1.120612999999999920e+04
3.736716999999999825e+04
2.100000000000000000e+03
1.549079999999999927e+04
1.541269999999999982e+03
4.601483000000000175e+04
4.309900000000000091e+02
2.641015000000000146e+04
7.600640000000000327e+03
7.157300000000000182e+02
1.649300000000000000e+04
8.117270000000000437e+03
1.337686000000000058e+04
2.045620000000000073e+04
1.388499999999999943e+02
1.454699999999999989e+02
9.658239999999999782e+03
1.004395999999999913e+04
1.968114899999999907e+05
5.861000000000000000e+03
1.305915999999999985e+04
6.545599999999999454e+02
5.918739499999999534e+05
3.438277999999999884e+04
2.008213000000000102e+04
2.799074000000000160e+04
3.415420999999999913e+04
1.375000000000000000e+02
3.389981999999999971e+04
2.796286000000000058e+04
2.749499999999999886e+02
2.739704000000000087e+04
4.966380000000000109e+03
7.756900000000000546e+02
3.818723999999999796e+04
2.873329999999999927e+03
4.336851999999999680e+04
1.029286000000000058e+04
6.745680000000000291e+03
1.461155999999999949e+04
1.024345130000000005e+06
7.340000000000000000e+04
2.561515999999999985e+04
2.813197999999999956e+04
4.148661000000000058e+04
1.600054999999999927e+04
8.146177000000000407e+04
1.954038000000000102e+04
9.390159999999999854e+03
6.237500000000000000e+02
2.435800000000000125e+02
7.013890000000000327e+03
2.839959999999999854e+04
1.956465999999999985e+04
3.027624000000000160e+04
1.646082200000000012e+05
2.500000000000000000e+03
5.949900000000000091e+02
1.454499999999999886e+02
8.698559999999999491e+03
3.680090000000000146e+04
1.433980999999999949e+04
4.936641000000000349e+04
4.010231999999999971e+04
7.109529999999999745e+03
8.037200000000000273e+02
5.451505999999999767e+04
8.922552000000000407e+04
3.378163999999999942e+04
4.747784999999999854e+04
2.136880000000000109e+03
4.712930000000000291e+03
2.216900000000000000e+04
2.376999999999999886e+02
1.002233000000000029e+05
3.247699999999999818e+02
2.209280000000000200e+03
4.320000000000000000e+03
6.352666000000000349e+04
1.045820000000000073e+04
6.064500000000000455e+02
6.580000000000000000e+03
2.730230000000000018e+03
2.974730000000000018e+03
4.701470000000000255e+03
2.795422000000000116e+04
6.838099999999999454e+02
5.700598999999999796e+04
2.479999000000000160e+04
2.550356999999999971e+04
9.842747000000000116e+04
1.585076000000000022e+04
2.039000000000000000e+04
6.786979999999999563e+03
1.638210000000000036e+03
1.471223999999999978e+04
1.452818000000000029e+04
4.334987999999999738e+04
1.011514299999999930e+05
1.196845000000000073e+04
6.982100000000000364e+02
6.600399999999999636e+03
1.080688999999999942e+04
5.586789999999999964e+03
1.959976700000000128e+05
2.275625999999999840e+04
2.379327999999999884e+04
9.291370000000000800e+03
5.745058000000000175e+04
2.570000000000000000e+04
1.075536000000000058e+04
2.201159999999999854e+04
8.551649999999999636e+03
2.812730000000000018e+03
2.357500000000000000e+03
2.848261000000000058e+04
4.446000000000000000e+03
9.707000000000000000e+03
3.015000000000000000e+04
2.500000000000000000e+03
2.139166999999999825e+04
4.753299999999999841e+02
8.663799999999999272e+03
1.475864999999999964e+04
5.154927999999999884e+04
3.208284000000000015e+04
5.440000000000000000e+02
5.237079999999999927e+03
1.401087000000000080e+04
3.767799999999999727e+02
9.082909999999999854e+03
1.492014999999999964e+04
3.135750000000000000e+04
2.746097999999999956e+04
2.754100000000000250e+02
7.157999999999999545e+02
2.737952000000000044e+04
1.133887000000000080e+04
3.518561000000000058e+04
5.417500000000000000e+02
3.168208000000000175e+04
3.513719999999999800e+03
4.827630000000000109e+03
2.295091999999999825e+04
2.619279999999999927e+04
6.180000000000000000e+03
3.829458000000000175e+04
5.484400000000000546e+02
1.716089999999999918e+03
1.148000000000000000e+04
9.000000000000000000e+03
2.443949999999999818e+03
6.282362999999999738e+04
1.516654999999999927e+04
4.397970999999999913e+04
8.290314999999999418e+04
8.426829999999999927e+03
2.261006999999999971e+04
1.531460000000000036e+03
4.250000000000000000e+02
9.900000000000000000e+01
9.278838000000000466e+04
2.044529800000000105e+05
7.807061000000000058e+04
1.789000000000000000e+03
1.354599999999999909e+03
1.812195000000000073e+04
1.151899999999999977e+02
1.957072000000000116e+04
1.997900000000000000e+05
4.726779999999999745e+03
1.421237000000000080e+04
1.000000000000000000e+03
1.094462999999999920e+04
9.728397999999999593e+04
3.965119999999999891e+03
8.325440000000000509e+03
1.935959999999999854e+04
8.692010000000000218e+03
9.863999999999999773e+02
2.780627000000000044e+04
3.178619999999999891e+03
1.752099999999999909e+03
7.954361199999999953e+05
4.438930000000000291e+03
9.679229999999999563e+03
3.493520999999999913e+04
1.119000000000000000e+03
1.440720000000000073e+04
1.084196999999999935e+04
1.427894000000000051e+04
6.835800000000000182e+03
2.700000000000000000e+02
7.451000000000000000e+03
4.800000000000000000e+03
1.939640000000000100e+03
2.346610000000000127e+03
1.695069999999999936e+03
6.193999999999999773e+01
3.741788999999999942e+04
2.244059999999999945e+03
5.819884999999999854e+04
5.565359999999999673e+03
2.392500000000000000e+02
5.876000000000000000e+04
1.253529999999999927e+04
4.478260000000000218e+03
1.075342000000000007e+04
1.066670000000000073e+04
1.502735000000000036e+04
2.157829000000000087e+04
5.229329999999999927e+03
7.549600000000000364e+02
5.745070999999999913e+04
3.080718000000000029e+04
7.232999999999999829e+01
1.488000000000000000e+03
1.198380000000000109e+03
4.942999999999999972e+01
4.147784999999999854e+04
4.809600000000000000e+04
1.381009999999999991e+03
1.592368900000000140e+05
3.330000000000000000e+04
6.648357000000000698e+04
3.165829999999999927e+03
7.948659999999999854e+03
1.651943999999999869e+04
1.698200000000000000e+04
3.386873000000000320e+04
6.800000000000000000e+02
7.188520000000000437e+03
8.745700000000000500e+02
7.559452999999999884e+04
2.484072999999999956e+04
1.237929999999999927e+04
4.693590000000000146e+03
2.987165000000000146e+04
2.234829000000000087e+04
2.161875999999999840e+04
7.572659999999999854e+03
7.162489999999999418e+04
1.198571999999999935e+04
5.605805999999999767e+04
1.104645999999999913e+04
2.040000000000000000e+04
9.517319999999999709e+03
1.418000000000000114e+02
2.160000000000000000e+04
2.827500000000000000e+03
1.550809999999999945e+03
3.211518000000000029e+04
6.255926999999999680e+04
2.395618000000000029e+04
2.009018000000000029e+04
3.995489999999999782e+03
4.997779999999999745e+03
1.257276000000000022e+04
1.290999999999999943e+02
1.398109000000000015e+04
4.830991999999999825e+04
3.168700000000000045e+02
1.058302000000000044e+04
1.228200000000000000e+04
1.100000000000000000e+03
6.001890000000000327e+03
1.777100000000000080e+02
1.260210000000000036e+03
5.625239999999999782e+03
3.788150000000000091e+03
5.415890200000000186e+05
4.755909999999999854e+03
8.043029999999999745e+03
5.295702999999999884e+04
5.945599999999999454e+02
4.293399999999999636e+03
6.356029999999999745e+03
1.375585000000000036e+04
6.651750000000000000e+04
3.649700000000000273e+02
2.599579999999999927e+04
1.163400000000000000e+04
8.781510000000000218e+03
1.247575000000000000e+04
1.341361000000000058e+04
3.436299999999999955e+02
7.664689999999999418e+04
1.017672999999999956e+04
1.115376000000000022e+04
2.463399500000000116e+05
1.244294600000000064e+05
1.147210000000000036e+04
1.125259999999999991e+03
8.669458999999999651e+04
5.335077999999999884e+04
7.160883999999999651e+04
7.266100000000000136e+02
2.136061999999999898e+04
1.656058000000000175e+04
6.627899999999999636e+02
1.649186000000000058e+04
6.512000000000000000e+04
3.863901999999999680e+04
1.562130000000000109e+03
4.557260000000000218e+03
4.527572600000000093e+05
1.386699999999999875e+02
4.284550000000000182e+03
2.711829999999999927e+04
2.653727000000000044e+04
1.856234999999999854e+04
1.509644000000000051e+04
2.170909999999999854e+03
1.247000000000000000e+04
7.160883999999999651e+04
5.872355000000000291e+04
1.858536999999999898e+04
2.029454000000000087e+04
4.358840000000000146e+03
1.468463999999999942e+04
5.044599999999999795e+02
4.133500000000000000e+03
1.561720000000000027e+03
1.312400000000000091e+02
2.673613000000000102e+04
1.132400000000000000e+04
4.604691000000000349e+04
4.138020000000000437e+03
2.201000000000000000e+03
3.854300000000000000e+04
9.318894999999999709e+04
4.516979999999999563e+03
1.335220999999999913e+04
1.500000000000000000e+03
7.340575999999999476e+04
3.600000000000000000e+03
8.171350000000000364e+03
1.856243900000000140e+05
4.460000000000000000e+03
7.491400000000000000e+04
5.571591999999999825e+04
5.136577399999999907e+05
2.695706000000000131e+04
1.720781000000000131e+04
6.536000000000000000e+03
1.519272600000000093e+05
1.946884000000000015e+04
2.301840000000000146e+03
9.869530000000000655e+03
3.118684999999999854e+04
1.589006999999999971e+04
4.406881999999999971e+04
9.849600000000000364e+03
2.335659999999999854e+03
2.572869999999999891e+03
1.020000000000000000e+03
1.064610000000000036e+04
2.453797999999999956e+04
4.099200000000000159e+02
7.219869999999999891e+03
1.934238000000000102e+04
1.244897500000000000e+05
2.309600000000000000e+04
2.000000000000000000e+03
2.816879999999999927e+04
1.533150000000000000e+04
9.485599999999999454e+02
3.100590000000000146e+03
1.497542000000000007e+04
2.374799999999999898e+02
3.630262000000000262e+04
9.567600000000000364e+03
3.296431999999999971e+04
4.200879000000000087e+04
4.996191000000000349e+04
2.776190000000000055e+03
3.655383499999999767e+05
6.536000000000000227e+02
1.089266000000000058e+05
9.289280000000000655e+03
4.948180000000000291e+03
7.190711999999999534e+04
6.777605999999999767e+04
9.379590000000000146e+03
5.901499999999999773e+02
1.300173999999999978e+04
7.250000000000000000e+03
7.200390000000000327e+03
2.777599999999999909e+03
5.256599999999999682e+02
2.410000000000000000e+02
3.268450000000000000e+04
7.883350000000000364e+03
2.712000000000000000e+04
3.290698000000000320e+04
1.031404999999999927e+04
3.582699999999999818e+02
1.403572999999999956e+04
2.375300000000000011e+02
2.469888000000000102e+04
9.469450000000000728e+03
9.504299999999999500e+02
4.462000000000000000e+03
6.106101000000000204e+04
8.695960000000000582e+04
1.325896300000000047e+05
2.806054000000000087e+04
5.818200000000000500e+02
1.219712999999999920e+04
1.653913000000000102e+04
6.978819999999999709e+03
1.398143000000000029e+04
3.640788999999999942e+04
1.943964599999999919e+05
4.000000000000000000e+03
1.060205999999999949e+04
7.324350000000000364e+03
9.669420000000000073e+03
3.192025999999999840e+04
3.471000000000000000e+03
5.000239999999999782e+03
1.171200000000000045e+03
4.150740000000000146e+04
3.423894000000000233e+04
2.427170000000000073e+04
1.270000000000000000e+03
1.405500000000000114e+02
1.221400000000000006e+02
9.036211999999999534e+04
3.168813999999999942e+04
8.320000000000000000e+03
2.006289999999999964e+03
9.946299999999999955e+02
5.464983999999999651e+04
7.665310000000000400e+03
3.377866000000000349e+04
2.362627999999999884e+04
6.896799999999999500e+02
3.000000000000000000e+03
3.435473400000000256e+05
3.293600000000000136e+02
1.832429000000000087e+04
1.119300000000000068e+02
2.313799999999999955e+02
1.166900000000000091e+03
1.840399999999999920e+02
8.949799999999999272e+03
3.865980000000000018e+03
1.843552999999999884e+04
7.524069999999999709e+03
2.400000000000000000e+03
2.700799999999999841e+02
1.762625999999999840e+04
3.521000000000000000e+03
6.314299999999999500e+02
1.060269999999999982e+03
2.424099999999999966e+02
1.538564999999999964e+04
8.672327000000000407e+04
5.803159999999999854e+03
2.351518000000000029e+04
3.562616000000000349e+04
1.274275000000000000e+04
6.734250000000000000e+03
1.871599999999999966e+02
1.045604000000000087e+04
2.284936999999999898e+04
1.310504999999999927e+04
9.745559999999999491e+03
4.914439999999999600e+03
1.229659600000000064e+05
2.721729000000000087e+04
7.931699999999999818e+03
3.384019999999999982e+03
3.410322000000000116e+04
6.569672000000000116e+04
8.495780000000000655e+03
1.511838999999999942e+04
7.007025999999999476e+04
8.076100000000000364e+03
4.968900000000000000e+04
1.316955999999999949e+04
2.592019999999999982e+03
7.718600000000000364e+03
4.189863999999999942e+04
1.744570400000000081e+05
1.140500000000000000e+03
4.995275000000000000e+04
1.520000000000000000e+02
4.968380000000000109e+03
8.146611999999999534e+04
4.316519999999999709e+04
2.147724000000000160e+04
1.952229999999999927e+04
1.464300000000000068e+02
3.478610000000000127e+03
6.012434999999999854e+04
2.200000000000000000e+03
1.212551000000000022e+04
3.413219999999999800e+03
3.600000000000000000e+03
5.512000000000000000e+03
5.144069999999999709e+03
1.824499999999999886e+02
4.278306999999999971e+04
7.740439999999999418e+04
9.222959999999999127e+03
2.772420000000000073e+04
3.013500000000000000e+04
5.362109999999999673e+03
7.956000000000000000e+03
1.118820000000000000e+05
1.894460000000000036e+03
3.178119999999999891e+03
8.196879999999999200e+03
6.306520000000000437e+03
3.996172199999999721e+05
7.268571000000000640e+04
3.963909999999999854e+03
3.116800000000000000e+04
2.326583000000000175e+04
7.500000000000000000e+03
3.302945999999999913e+04
3.500000000000000000e+03
1.740708000000000175e+04
1.800000000000000000e+04
8.522020000000000437e+03
3.044710000000000036e+03
1.000039999999999964e+03
7.849329999999999927e+03
4.137265000000000146e+04
7.267579999999999927e+03
3.000000000000000000e+03
1.068651999999999971e+05
1.713900000000000091e+03
3.680000000000000000e+03
4.358399999999999636e+03
1.208360000000000036e+04
6.976900000000000546e+02
4.692090000000000146e+03
8.027858999999999651e+04
4.044239999999999782e+03
3.878023999999999796e+04
3.271800000000000182e+03
1.287100000000000000e+04
4.000012999999999738e+04
8.000000000000000000e+02
4.088019000000000233e+04
5.774099999999999682e+02
1.975906999999999971e+04
4.036949999999999818e+03
2.261958500000000058e+05
2.410909000000000015e+04
3.681289999999999964e+03
3.066722000000000116e+04
2.226829999999999927e+03
1.139150000000000091e+03
9.823714999999999418e+04
6.766119999999999891e+03
1.083880000000000109e+03
1.375334000000000015e+04
1.900009999999999991e+03
1.300000000000000000e+05
1.241099999999999909e+03
2.411969999999999800e+03
5.447899999999999636e+02
4.284455999999999767e+04
1.885650000000000091e+03
6.637300000000000182e+02
5.316479999999999563e+03
2.325824000000000160e+04
5.833701000000000204e+04
1.188299999999999955e+03
3.333500000000000000e+03
2.015359000000000015e+04
1.247099999999999909e+03
1.966299999999999955e+02
1.078600000000000000e+04
6.553390000000000327e+03
6.220262000000000262e+04
8.141000000000000000e+03
1.932400000000000091e+02
7.910699999999999818e+03
2.820000000000000000e+03
2.592559000000000015e+04
3.017949999999999818e+03
1.414869999999999891e+03
1.616136099999999860e+05
8.892750000000000000e+03
6.247899999999999636e+02
1.478962000000000080e+04
1.157000000000000000e+03
2.994520000000000073e+04
1.319715999999999985e+04
2.513093000000000029e+04
2.400000000000000000e+03
4.610152999999999884e+04
3.156399999999999864e+02
4.682048000000000320e+04
1.186450000000000045e+03
3.945123999999999796e+04
1.245025000000000000e+04
2.388600000000000000e+04
6.169891999999999825e+04
7.400000000000000000e+04
7.047279999999999745e+03
1.072460000000000036e+03
1.199062999999999920e+04
2.304850999999999840e+04
7.893550000000000182e+03
3.654458000000000175e+04
1.364462000000000080e+04
1.969779999999999973e+03
1.321969000000000051e+04
5.686529000000000087e+04
9.030379999999999200e+03
5.162109999999999673e+03
5.383388999999999942e+04
7.336078999999999360e+04
3.249672000000000116e+04
1.061463800000000047e+05
9.586000000000000000e+03
2.683119999999999891e+03
4.738300000000000000e+04
3.714730000000000291e+04
6.251010000000000218e+03
1.776163000000000102e+04
2.353963000000000102e+04
3.680000000000000000e+04
5.920147000000000116e+04
2.250000000000000000e+04
7.901770000000000437e+03
7.436799999999999500e+02
9.117400000000000091e+02
9.910617999999999302e+04
3.832268000000000029e+04
7.445949999999999818e+03
6.885020000000000437e+03
6.821539999999999964e+03
2.794479999999999927e+04
1.173392000000000007e+04
9.745170000000000073e+03
1.400779000000000087e+04
6.524923999999999796e+04
1.499043000000000029e+04
4.414500000000000000e+03
1.033190000000000055e+03
9.026559999999999491e+03
1.041599999999999966e+02
2.146317300000000105e+05
5.296689999999999600e+03
5.710000000000000000e+03
2.159772999999999956e+04
1.199537599999999948e+05
8.062510000000000218e+03
3.557547600000000093e+05
2.922460000000000036e+03
7.624502000000000407e+04
6.790789999999999964e+03
9.572870000000000800e+03
2.480000000000000000e+03
1.836000000000000000e+04
8.109479999999999563e+03
4.351399999999999864e+02
2.305250000000000000e+03
2.014745999999999913e+04
1.623606999999999971e+04
6.859700000000000273e+02
2.399999999999999911e-01
1.050210000000000036e+03
2.699081999999999971e+04
3.407272000000000116e+04
5.842280999999999767e+04
1.072238999999999942e+04
2.559670000000000073e+03
3.050699999999999818e+03
1.164597999999999956e+04
1.111109999999999900e+03
2.019069999999999936e+03
8.228550999999999476e+04
9.108150999999999476e+04
4.845000000000000000e+04
2.460374000000000160e+04
5.444233999999999651e+04
3.397897000000000116e+04
2.137079000000000087e+04
9.936569999999999709e+03
2.445300000000000000e+04
2.463763999999999942e+04
7.951000000000000000e+03
1.295383500000000058e+05
1.297899999999999920e+02
1.289087999999999920e+04
2.100708000000000175e+04
1.295900000000000091e+03
1.070298999999999978e+04
3.224752000000000044e+04
5.200000000000000000e+03
6.842710000000000582e+04
3.619840000000000146e+03
5.415279999999999745e+03
1.210326000000000022e+04
1.240279999999999927e+04
3.867572000000000116e+04
4.941948999999999796e+04
3.600000000000000000e+03
1.488497999999999956e+04
2.497943000000000029e+04
2.023838999999999942e+04
9.723099999999999454e+02
1.034807799999999988e+05
1.176580999999999949e+04
5.597583999999999651e+04
1.733524000000000160e+04
2.815293000000000029e+04
3.586760000000000218e+03
5.320926000000000204e+04
1.018598999999999978e+04
2.208118999999999869e+04
1.667100000000000080e+02
1.462009000000000015e+04
3.191834999999999854e+04
5.485000000000000000e+04
3.831651000000000204e+04
8.811599999999999682e+02
7.141000000000000000e+03
1.033748899999999994e+05
3.840526000000000204e+04
4.836539999999999964e+03
5.164600000000000000e+04
6.344680000000000291e+03
6.823000000000000398e+01
2.687359000000000015e+04
2.458000000000000114e+02
1.098617000000000007e+04
2.513240999999999985e+04
4.760000000000000000e+03
4.682430000000000291e+03
5.300000000000000000e+03
1.159994700000000012e+05
3.700460000000000036e+03
4.374254899999999907e+05
1.200000000000000000e+04
4.244900000000000091e+02
3.314273999999999796e+04
1.694413000000000102e+04
2.133429999999999836e+03
7.872189999999999600e+03
4.500000000000000000e+03
9.937999999999999545e+01
9.832969999999999345e+03
1.519557999999999993e+04
3.212990000000000146e+04
2.035940000000000055e+03
1.333940000000000055e+03
4.144100000000000250e+02
4.251100000000000136e+02
2.564190000000000055e+03
3.707362999999999738e+04
7.065803999999999360e+04
5.887377999999999884e+04
1.868799999999999955e+03
1.254484000000000015e+04
2.956968000000000029e+04
2.779000000000000000e+03
1.186079999999999927e+03
2.742834999999999854e+04
4.385579999999999927e+03
2.500000000000000000e+02
1.059873999999999978e+04
3.451218000000000029e+04
1.140494000000000051e+04
6.264199999999999591e+02
7.003819999999999709e+03
1.911740999999999985e+04
6.205047000000000116e+04
2.566647000000000116e+04
2.658000000000000000e+03
1.917768999999999869e+04
2.692534000000000015e+04
1.155600000000000000e+04
3.146265000000000146e+04
1.653433000000000175e+04
1.302844000000000051e+04
2.732243999999999869e+04
6.698400000000000318e+02
1.292500000000000000e+04
5.843760000000000218e+03
1.033380000000000000e+05
2.468300000000000125e+02
7.229888999999999942e+04
6.185000000000000000e+03
1.407079000000000087e+04
1.407019000000000051e+04
1.101371999999999935e+04
5.433165000000000146e+04
8.206000000000000227e+01
2.226784999999999854e+04
9.459170000000000073e+03
9.723819999999999709e+03
1.278130000000000109e+03
1.316940000000000055e+03
1.140690000000000055e+03
2.473138999999999942e+04
4.066400000000000000e+04
3.897699999999999818e+03
5.839999999999999858e+00
1.320000000000000000e+03
1.445870000000000073e+04
5.381699999999999591e+02
1.229599999999999937e+02
2.085831999999999971e+04
4.329181699999999837e+05
3.775000000000000000e+02
2.770479999999999927e+04
7.949590000000000146e+03
2.368900000000000000e+04
3.719261000000000058e+04
1.433834500000000116e+05
7.472810000000000400e+03
2.456000000000000000e+03
2.913356000000000131e+04
1.291931999999999971e+04
5.667298000000000320e+04
1.416059000000000015e+04
1.752059999999999945e+03
5.648529999999999745e+03
9.312794000000000233e+04
8.617239999999999782e+03
1.935336000000000058e+04
2.263463999999999942e+04
5.195199999999999818e+02
2.176693399999999965e+05
1.796559999999999945e+03
7.800499999999999545e+02
9.678340000000000146e+03
8.807275000000000000e+04
3.218500000000000227e+02
1.276950000000000045e+03
3.445239999999999782e+03
1.968247999999999956e+04
1.949906000000000131e+04
1.034063000000000029e+05
6.400000000000000000e+03
7.810609999999999673e+03
3.992300000000000182e+02
5.128734999999999854e+04
3.908008000000000175e+04
6.483289999999999964e+03
8.414100000000000364e+03
6.033300000000000409e+02
6.050000000000000000e+02
3.493800000000000000e+04
9.683999999999999773e+02
8.649299999999999272e+03
2.411202000000000044e+04
1.920000000000000000e+04
1.738289999999999964e+03
2.352279999999999927e+04
1.766849999999999909e+03
4.944727600000000093e+05
6.300000000000000000e+03
3.758719999999999800e+03
2.030250000000000000e+03
3.556200000000000000e+04
1.964193999999999869e+04
1.383430999999999949e+04
3.333500000000000000e+03
1.277800000000000000e+04
1.198599999999999994e+02
1.625000000000000000e+03
1.742500000000000000e+03
7.102836000000000058e+04
1.089437000000000080e+04
1.152000000000000000e+05
3.219895999999999913e+04
1.961633000000000175e+04
8.800000000000000000e+02
8.036369999999999891e+03
1.190539999999999964e+04
1.503504000000000087e+04
2.296658000000000175e+04
1.269050000000000000e+04
1.064245000000000073e+04
2.400000000000000000e+03
1.285410000000000082e+03
3.199960000000000036e+03
3.169934000000000015e+04
5.228240000000000146e+04
3.654409999999999854e+03
7.831069999999999709e+03
3.749550000000000000e+04
1.476000000000000000e+04
1.016029999999999973e+03
6.745017999999999302e+04
7.200909999999999854e+03
3.475241999999999825e+04
1.210014999999999964e+04
1.563619999999999891e+03
8.400000000000000000e+03
5.790000000000000000e+04
4.132162000000000262e+04
7.671060000000000400e+03
5.850000000000000000e+04
2.088204999999999927e+04
9.961822999999999593e+04
2.414322999999999956e+04
1.504047999999999956e+04
6.607763999999999942e+04
3.240070000000000073e+04
8.690739999999999782e+03
4.459383999999999651e+04
1.653599899999999907e+05
2.614859999999999854e+04
1.704000000000000000e+03
2.818170000000000073e+03
8.360590000000000146e+03
9.926158999999999651e+04
2.380327999999999884e+04
1.089333099999999977e+05
1.479930000000000064e+03
3.458205999999999767e+04
7.011640000000000327e+03
4.769637000000000262e+04
8.552421000000000640e+04
8.535007000000000698e+04
4.972699999999999818e+03
7.683789999999999964e+03
3.665938999999999942e+04
4.191606999999999971e+04
8.335000000000000000e+02
3.609359799999999814e+05
6.626319999999999709e+03
1.434118999999999942e+05
9.542309999999999491e+03
1.144556999999999971e+04
1.734581000000000131e+04
6.062298999999999796e+04
1.070030999999999949e+04
1.536211000000000058e+04
7.788460000000000036e+03
1.818031900000000023e+05
3.004130000000000109e+03
2.136360000000000127e+03
2.400000000000000000e+03
2.948700000000000045e+02
4.993600000000000136e+02
7.865720000000000255e+03
2.077258000000000175e+04
1.708497999999999956e+04
1.471929999999999927e+04
1.267200000000000045e+03
4.123501999999999680e+04
3.300659999999999854e+03
2.271500000000000000e+04
1.964753800000000047e+05
7.052332000000000698e+04
6.493468000000000029e+04
1.326446999999999935e+04
3.181979999999999927e+04
9.372739999999999782e+03
4.373020000000000437e+03
9.720277999999999884e+04
1.228367000000000007e+04
4.967140000000000327e+03
6.634689999999999600e+03
2.082381000000000131e+04
7.060516999999999825e+04
4.448000000000000114e+02
2.785172000000000116e+04
2.582520000000000073e+04
1.844538000000000102e+04
1.198748899999999994e+05
1.957840999999999985e+04
1.019000000000000000e+03
1.110000000000000000e+02
8.196649999999999636e+03
2.000000000000000000e+03
2.970699000000000160e+04
5.914544999999999709e+04
1.115700000000000045e+03
6.115529999999999745e+03
3.735000000000000000e+02
1.832319999999999936e+03
9.661909999999999854e+03
2.872029999999999927e+04
4.835279999999999745e+03
3.604198999999999796e+04
1.074494100000000035e+05
3.679848999999999796e+04
5.821840000000000146e+03
5.793304000000000087e+04
4.224380999999999767e+04
1.848543000000000029e+04
4.468236000000000058e+04
5.679810000000000400e+03
8.335000000000000000e+03
2.413899999999999864e+02
1.040000000000000000e+03
9.732999999999999545e+02
2.500000000000000000e+03
3.311287999999999738e+04
7.167200000000000273e+02
9.770325999999999476e+04
3.119845800000000163e+05
1.591000000000000000e+03
2.138511999999999898e+04
7.136328999999999360e+04
8.240155999999999767e+04
3.378130000000000109e+03
1.167950000000000045e+03
5.790000000000000000e+03
1.016977000000000044e+04
1.428214999999999964e+04
3.352647000000000116e+04
9.000000000000000000e+03
1.242412999999999920e+04
7.915383000000000175e+04
9.613270000000000437e+03
2.965231999999999971e+04
3.900000000000000000e+03
1.970504999999999927e+04
1.568743000000000029e+04
2.194800000000000000e+04
2.455999999999999943e+02
2.060999999999999943e+02
5.239800000000000182e+03
4.731587000000000262e+04
3.721769000000000233e+04
3.787944000000000233e+04
5.918119999999999891e+03
1.381470000000000027e+03
4.719739999999999782e+03
2.474447999999999956e+04
5.389909999999999854e+03
4.095340000000000146e+03
6.136673000000000320e+04
1.740163999999999942e+04
4.901673999999999796e+04
3.332699999999999818e+02
1.620000000000000000e+04
7.993939999999999600e+03
2.863000000000000000e+03
9.250000000000000000e+03
7.903750000000000000e+03
1.970320000000000073e+04
1.690900000000000091e+03
1.215869499999999971e+05
3.643000000000000114e+02
4.038058999999999651e+04
3.241500000000000000e+04
8.087270000000000437e+03
6.317951999999999680e+04
3.468600000000000136e+02
2.109772000000000116e+04
7.678246000000000640e+04
3.417733999999999651e+04
4.634200000000000159e+02
2.520000000000000000e+04
7.077070000000000000e+05
8.378902000000000407e+04
2.022400000000000091e+03
1.826813999999999942e+04
2.226100000000000000e+04
2.130600000000000000e+04
3.052730000000000018e+03
2.046406000000000131e+04
4.512099999999999795e+02
2.814706000000000131e+04
3.858960000000000036e+03
6.961775999999999476e+04
4.694787700000000186e+05
3.411798999999999796e+04
1.535826000000000022e+04
4.481854000000000087e+04
1.582509999999999991e+03
3.604198999999999796e+04
3.492799999999999727e+02
2.479000000000000057e+02
1.042320299999999988e+05
5.743399999999999636e+03
5.077473999999999796e+04
7.845172000000000116e+04
5.168900000000000000e+04
2.156802999999999884e+04
2.903259000000000015e+04
1.340754000000000087e+04
1.342068000000000029e+04
3.184166999999999825e+04
7.385727000000000407e+04
5.885652999999999884e+04
6.572100000000000364e+02
2.334313000000000102e+04
7.966779999999999745e+03
2.100820999999999913e+04
3.193353400000000256e+05
5.867840000000000146e+03
1.465528000000000065e+04
2.812500000000000000e+03
6.780525999999999476e+04
5.032676000000000204e+04
4.456484999999999854e+04
6.590000000000000000e+02
1.536400000000000000e+04
1.266229999999999927e+04
2.307109000000000015e+04
1.978740000000000009e+03
7.400000000000000000e+03
9.165059999999999491e+03
1.130544499999999971e+05
7.048572999999999593e+04
8.565799999999999272e+03
6.731930000000000291e+04
3.678980000000000291e+04
7.371919999999999709e+04
1.546900000000000000e+04
1.797529999999999973e+03
4.927184999999999854e+04
1.069752000000000044e+04
2.596000000000000085e+01
2.878243300000000163e+05
2.259690000000000055e+03
1.564677000000000044e+04
1.064570000000000073e+04
6.000000000000000000e+02
1.565044000000000051e+04
2.138781099999999860e+05
8.257467999999999302e+04
1.059500000000000000e+04
2.269720000000000000e+05
7.190000000000000000e+03
2.076400000000000000e+04
6.231213999999999942e+04
1.581460000000000036e+04
2.000000000000000000e+03
4.737544999999999709e+04
1.887156000000000131e+04
6.482819999999999709e+03
9.602550999999999476e+04
2.158360000000000127e+03
3.094909000000000015e+04
1.106378800000000047e+05
4.041837999999999738e+04
2.011361000000000058e+04
1.110000000000000000e+04
1.567484000000000015e+04
3.506776999999999680e+04
2.325156000000000131e+04
5.980273999999999796e+04
1.546014999999999964e+04
3.081761000000000058e+04
4.800000000000000000e+03
2.310308000000000175e+04
2.603580100000000093e+05
3.327544000000000233e+04
1.267320000000000073e+04
3.833920000000000073e+03
2.168627999999999884e+04
4.044541999999999825e+04
3.227877999999999884e+04
9.815199999999999818e+02
6.991710000000000036e+03
6.048449999999999818e+03
8.438180000000000291e+03
5.168608000000000175e+04
3.627775000000000000e+04
8.441157000000000698e+04
1.546751000000000022e+04
3.981909999999999854e+03
3.457523000000000320e+04
1.098100000000000000e+04
4.354851000000000204e+04
2.471224899999999907e+05
5.000000000000000000e+03
1.314410000000000082e+03
3.023958000000000175e+04
2.542000000000000000e+03
4.078405999999999767e+04
4.182718000000000029e+04
2.858515999999999985e+04
1.162703000000000065e+04
3.647500000000000000e+04
1.681854299999999930e+05
7.487699999999999818e+03
5.438039999999999964e+03
2.775000000000000000e+04
3.838776999999999680e+04
1.092418000000000029e+04
1.440077000000000044e+04
8.932040000000000873e+03
3.876700000000000000e+04
1.550476000000000022e+04
8.237999999999999545e+02
9.039300000000000000e+04
5.195029999999999745e+03
4.265791000000000349e+04
2.116193999999999869e+04
4.343369999999999891e+03
1.432213999999999942e+04
8.612270000000000437e+03
1.571167000000000007e+04
2.984504600000000210e+05
2.534395000000000073e+04
2.499247999999999956e+04
6.527963999999999942e+04
1.316468000000000029e+04
4.222710000000000036e+03
1.549000000000000057e+02
1.280186000000000058e+04
7.314750000000000000e+03
9.750000000000000000e+03
5.291544999999999709e+04
1.670911900000000023e+05
4.109510000000000218e+03
1.775200000000000102e+02
1.298000000000000114e+02
2.985389999999999873e+03
2.341868999999999869e+04
1.461156999999999971e+04
2.685270999999999913e+04
6.584677000000000407e+04
1.196200000000000045e+02
1.312500000000000000e+03
2.310265999999999985e+04
6.850569000000000233e+04
3.428139999999999873e+03
3.491639999999999873e+03
1.293123999999999978e+04
1.248150000000000091e+03
8.769430999999999767e+04
1.349214100000000035e+05
2.770670000000000073e+03
1.859690000000000055e+03
8.550000000000000000e+03
2.408159999999999854e+04
1.250000000000000000e+03
7.853260000000000218e+03
2.430884999999999854e+04
1.762200000000000045e+03
9.050452000000000407e+04
4.168019999999999709e+04
4.018751999999999680e+04
4.438750000000000000e+03
2.048725999999999840e+04
5.019002999999999884e+04
3.113429999999999836e+03
3.175199999999999818e+02
1.233900000000000000e+04
1.223398999999999978e+04
6.243250000000000000e+03
7.224000000000000000e+03
2.264320000000000164e+03
3.847400000000000000e+04
5.021170000000000073e+03
6.869557000000000698e+04
7.715813999999999942e+04
2.120000000000000000e+02
1.665359999999999900e+03
4.006510000000000218e+03
9.784200000000000728e+03
4.656048000000000320e+04
1.068337700000000041e+05
7.251170000000000073e+03
5.744869999999999709e+04
2.598615999999999985e+04
1.826936499999999942e+05
3.559391999999999825e+04
3.447198999999999796e+04
6.393051999999999680e+04
6.863949999999999818e+03
6.197930000000000291e+03
9.542969000000000233e+04
8.942229999999999563e+03
9.441250000000000000e+03
2.845945000000000073e+04
2.736665999999999985e+04
4.474131199999999953e+05
1.153987400000000052e+05
3.741299999999999955e+02
3.743868000000000029e+04
3.546722000000000116e+04
3.340812999999999738e+04
1.015000000000000000e+04
3.094909000000000015e+04
8.043500999999999476e+04
3.480758699999999953e+05
1.144337999999999920e+04
1.075000000000000000e+04
4.083002999999999884e+04
3.105693000000000029e+04
4.228819999999999709e+03
3.081868000000000029e+04
7.657079999999999927e+03
7.680010000000000218e+03
3.267775000000000000e+04
5.492500000000000000e+04
2.733399000000000160e+04
1.500150000000000091e+03
9.248869000000000233e+04
2.380799000000000160e+04
2.091529000000000087e+04
1.854490000000000009e+03
6.101390000000000327e+03
1.711663000000000102e+04
6.929800000000000182e+03
1.472952600000000093e+05
1.119200000000000045e+03
1.854016900000000023e+05
9.328653999999999360e+04
2.603018000000000029e+04
2.520519999999999982e+03
9.491090000000000146e+03
2.037547999999999956e+04
3.592200000000000273e+02
8.161359999999999673e+03
1.281714999999999964e+04
8.916100000000000364e+03
1.497600000000000000e+04
4.371189999999999600e+03
5.026220000000000255e+03
6.080251000000000204e+04
6.820449999999999818e+03
2.453879999999999927e+04
2.606413999999999942e+04
3.672080999999999767e+04
1.095868000000000029e+04
9.243394999999999709e+04
1.156280999999999949e+04
2.325225999999999840e+04
1.481298999999999978e+04
6.566900000000000546e+02
5.999600000000000364e+03
1.090569000000000051e+04
7.496572999999999593e+04
2.797165000000000146e+04
5.171408000000000175e+04
9.536499999999999773e+02
5.308180000000000291e+04
4.138020000000000437e+03
4.003698000000000320e+04
6.086323000000000320e+04
4.556430000000000291e+03
7.858194000000000233e+04
1.480680899999999965e+05
4.748760000000000218e+03
5.840020000000000437e+03
2.164927999999999884e+04
8.442819999999999709e+03
3.054359999999999854e+04
7.312899999999999636e+03
3.902252999999999884e+04
2.300000000000000000e+04
1.859286999999999898e+04
1.420000000000000000e+03
3.221449999999999818e+03
2.925000000000000000e+04
2.159175999999999840e+04
1.195744000000000051e+04
5.542218000000000029e+04
7.849329999999999927e+03
3.266363999999999942e+04
2.448000000000000000e+04
5.488372000000000116e+04
5.000000000000000000e+02
5.133200000000000000e+04
4.202000000000000000e+03
2.622834999999999854e+04
1.463418000000000029e+04
8.772000000000000000e+03
1.458898999999999978e+04
5.793000000000000000e+04
2.040099999999999909e+02
4.372390000000000146e+04
2.379084999999999854e+04
2.231075000000000000e+04
4.414810000000000400e+03
2.029500000000000000e+03
4.608633400000000256e+05
3.210879999999999927e+04
1.222787799999999988e+05
7.930000000000000000e+02
1.137400000000000000e+04
6.937200000000000273e+02
8.448430000000000291e+03
9.187538000000000466e+04
7.037760000000000218e+03
1.452899999999999920e+02
7.052649999999999636e+03
1.565172999999999956e+04
7.620000000000000000e+03
2.108565000000000146e+04
1.414571999999999935e+04
3.080298200000000070e+05
1.596030999999999949e+04
3.724800000000000182e+03
7.072310000000000400e+03
2.197313000000000102e+04
3.181500999999999840e+04
7.768300000000000409e+02
1.172062999999999920e+04
6.660010000000000218e+03
1.562069999999999936e+03
4.178560000000000400e+03
4.210541999999999825e+04
3.988976999999999680e+04
3.082040999999999985e+04
2.707104999999999927e+04
5.773449999999999818e+03
1.533378999999999942e+05
3.616760000000000218e+03
3.904477999999999884e+04
4.763968000000000029e+04
3.013188000000000102e+04
5.186689999999999600e+03
9.494944999999999709e+04
3.496062999999999738e+04
5.695989999999999782e+03
5.303159999999999854e+03
4.292350000000000364e+03
1.178150000000000091e+03
1.831852999999999884e+04
1.096069999999999936e+03
5.121469999999999709e+04
7.286020000000000437e+03
3.265129999999999927e+04
3.983158200000000070e+05
2.953629000000000087e+04
3.663299999999999841e+02
3.282337999999999738e+04
2.906275999999999840e+04
4.922390000000000000e+05
4.654890000000000327e+03
9.337899999999999636e+02
9.164379999999999200e+03
6.968513000000000466e+04
3.981699999999999818e+03
4.555529999999999745e+03
2.387420000000000073e+04
4.909599999999999795e+02
2.621470000000000073e+04
2.086783800000000047e+05
6.720989999999999782e+03
3.817869999999999709e+04
8.393999999999999773e+02
8.613758000000000175e+04
3.082956000000000131e+04
4.975000000000000000e+03
4.138020000000000437e+03
2.804802999999999884e+04
3.115909999999999854e+03
6.707836000000000058e+04
1.430127999999999884e+05
1.116131000000000058e+05
6.541880000000000109e+03
9.333329999999999927e+03
1.078214999999999964e+04
4.833520000000000437e+03
1.102187999999999920e+04
6.488729999999999563e+03
1.049678000000000029e+05
1.127970989999999991e+06
2.276659999999999854e+04
6.994460000000000036e+03
2.480480000000000018e+03
3.002209999999999854e+04
1.892908000000000175e+04
6.366460000000000036e+03
1.450459000000000015e+04
2.677663000000000102e+04
4.934919999999999709e+04
2.022500000000000000e+02
2.331989999999999782e+03
3.423799999999999955e+02
3.674789999999999964e+03
5.800000000000000000e+03
4.259600000000000000e+04
3.190311000000000058e+04
1.500000000000000000e+03
1.360839999999999918e+03
1.094531999999999971e+04
2.166659999999999854e+03
2.066690999999999985e+04
2.519500000000000000e+03
2.190034000000000015e+04
2.961609999999999854e+04
6.203998000000000320e+04
1.194300000000000068e+02
7.216200000000000045e+02
1.059971999999999935e+04
3.988765000000000146e+04
4.333863999999999942e+04
2.544181000000000131e+04
1.212425000000000000e+04
9.679090000000000146e+03
6.325868800000000047e+05
6.367699999999999818e+02
1.263887999999999920e+04
3.901423000000000320e+04
2.537659999999999854e+03
9.332500000000000000e+02
3.780648000000000320e+04
4.499775000000000000e+04
7.339136000000000058e+04
7.439050000000000182e+03
1.310933800000000047e+05
3.116920000000000073e+03
8.891629999999999200e+03
1.095731999999999971e+04
1.087043000000000029e+04
3.247110000000000127e+03
1.607400000000000091e+02
2.218960000000000036e+03
7.028397000000000116e+04
4.530199999999999818e+02
3.494508000000000175e+04
9.818558000000000175e+04
1.789915999999999985e+04
1.653943999999999869e+04
7.144264999999999418e+04
3.372656999999999971e+04
2.696380000000000109e+03
1.039589999999999918e+03
1.447400000000000091e+03
2.174690000000000055e+03
2.720000000000000000e+02
7.550000000000000000e+01
8.943750000000000000e+03
3.859130000000000109e+03
4.173701000000000204e+04
9.897716999999999825e+04
6.250680999999999767e+04
1.315488999999999942e+04
6.382680000000000291e+03
1.373673699999999953e+05
2.030386000000000058e+04
3.148913999999999942e+04
1.823609000000000015e+04
2.696654999999999927e+04
1.954779999999999973e+03
1.544449100000000035e+05
9.602516999999999825e+04
1.491732999999999993e+04
9.524700000000000273e+02
8.398739999999999782e+03
1.651399999999999864e+02
5.367658999999999651e+04
5.000100000000000364e+03
3.725350000000000000e+04
1.285646499999999942e+05
7.891840000000000146e+03
9.511499999999999773e+02
1.512000000000000000e+04
3.197658000000000175e+04
7.360000000000000000e+02
1.019618399999999965e+05
1.236800000000000068e+02
2.720000000000000000e+02
5.017301999999999680e+04
1.299769999999999982e+03
2.136000000000000000e+03
2.581618999999999869e+04
4.999763999999999942e+04
4.896509999999999854e+04
3.765510000000000218e+03
6.217223000000000320e+04
2.566800000000000182e+03
2.509327999999999884e+04
5.174062299999999814e+05
3.819148000000000320e+04
2.490175400000000081e+05
3.982486000000000058e+04
1.608781999999999971e+04
3.155808000000000175e+04
6.003799999999999955e+02
1.117950000000000045e+03
1.327878000000000065e+04
4.179898999999999796e+04
5.605479999999999563e+03
9.242479999999999563e+03
3.501960000000000036e+03
1.948029999999999927e+04
7.219458000000000175e+04
5.681680000000000291e+03
3.282226000000000204e+04
9.649819999999999709e+03
2.831799299999999930e+05
1.946074000000000160e+04
9.000000000000000000e+02
2.665079999999999927e+03
5.830489999999999782e+03
3.800899999999999750e+02
7.594510000000000218e+03
3.446000000000000000e+04
1.153950000000000000e+04
7.892605000000000291e+04
4.176869999999999891e+03
3.027068000000000029e+04
1.872299999999999898e+02
1.541800000000000000e+04
1.707410000000000082e+03
1.186520000000000073e+04
1.403862999999999920e+04
4.040030000000000291e+04
3.966860000000000127e+03
4.877375000000000000e+04
4.568899999999999864e+02
1.403200000000000000e+04
7.003819999999999709e+03
7.647819999999999709e+03
1.013811000000000058e+04
2.666800000000000182e+03
1.502157999999999993e+04
6.213200000000000500e+02
9.436219999999999345e+03
9.310099999999999909e+02
7.667000000000000000e+03
2.442500000000000000e+03
7.952680000000000291e+03
9.910299999999999727e+02
1.083880000000000109e+03
1.004526000000000022e+04
3.458681999999999971e+04
1.720000000000000000e+04
6.706699999999999818e+03
2.789656999999999971e+04
2.573838000000000102e+04
1.194974799999999959e+05
8.510639999999999418e+03
5.040868000000000029e+04
3.078000000000000114e+02
1.416212999999999920e+04
2.432400000000000091e+02
6.445299999999999727e+02
1.880000000000000000e+04
1.440000000000000000e+04
3.338181999999999971e+04
1.662631999999999971e+04
5.675019999999999709e+04
1.487836000000000058e+04
1.368813999999999942e+04
4.432072000000000116e+04
1.548089999999999964e+04
8.391600000000000364e+03
4.512594999999999709e+04
5.160000000000000000e+02
1.449753000000000065e+04
4.763558000000000175e+04
5.361198000000000320e+04
1.790152000000000044e+04
8.856250000000000000e+04
1.230539999999999964e+04
2.800850000000000000e+04
7.647200000000000000e+04
3.296487000000000262e+04
1.130500000000000000e+04
4.137500000000000000e+02
9.871299999999999272e+03
7.009529999999999745e+03
1.221480000000000018e+03
1.387656780000000028e+06
1.629134599999999919e+05
5.251126999999999680e+04
2.847245999999999913e+04
6.608099999999999454e+02
1.397381999999999971e+04
4.916763999999999942e+04
8.537297000000000116e+04
5.507599999999999909e+02
2.968074000000000160e+04
1.096819999999999936e+03
8.612300000000000182e+02
2.948411999999999898e+04
1.570000000000000000e+02
5.460794000000000233e+04
3.237599999999999909e+02
6.206579999999999927e+03
2.874715000000000146e+04
8.430620000000000800e+03
3.679848999999999796e+04
4.375699999999999932e+02
1.490059999999999945e+03
6.432584999999999854e+04
7.676270000000000437e+03
3.054572000000000116e+04
2.695993999999999869e+04
6.610489999999999782e+03
6.400000000000000000e+03
3.213920000000000073e+03
3.366460000000000036e+03
7.551840000000000146e+03
1.543200000000000000e+04
6.600944999999999709e+04
3.623550000000000182e+03
9.775543499999999767e+05
1.502878500000000058e+05
2.858220999999999913e+04
2.713889999999999873e+03
7.519779999999999745e+03
5.725000000000000000e+03
4.321800000000000182e+03
1.073502000000000044e+04
7.816569999999999709e+03
2.883958000000000175e+04
8.262280000000000655e+03
1.517137999999999920e+04
6.308015000000000146e+04
4.465661000000000058e+04
1.957181999999999971e+04
3.300699999999999932e+02
3.998211000000000058e+04
2.662010000000000218e+03
4.936999999999999886e+02
2.408679999999999836e+03
2.240663999999999942e+04
1.484549999999999955e+03
5.703999999999999773e+02
1.138449400000000023e+05
7.374736000000000058e+04
6.402680999999999767e+04
7.534100000000000364e+03
3.396280000000000200e+03
9.745130000000000291e+04
2.220311999999999898e+04
2.060413999999999942e+04
4.461259099999999744e+05
2.631211999999999898e+04
8.768827999999999884e+04
3.237599999999999909e+02
7.500000000000000000e+01
2.472759999999999854e+04
2.837239999999999782e+03
4.689890000000000327e+03
1.742413999999999942e+04
1.759102000000000044e+04
1.000049999999999955e+03
9.698340000000000146e+03
1.588637000000000080e+04
9.000000000000000000e+03
3.397190000000000146e+04
9.348610000000000582e+03
1.076279999999999927e+04
2.120268999999999869e+04
1.387972999999999956e+04
1.821547999999999956e+04
4.789000000000000000e+03
8.984202099999999627e+05
3.637599999999999909e+02
1.465014299999999930e+05
7.221119999999999891e+03
4.567390000000000327e+03
5.340000000000000000e+04
6.644689999999999600e+03
7.349250000000000000e+03
1.077170000000000073e+04
2.367611000000000058e+04
2.212070999999999913e+04
5.225489999999999782e+03
1.577202000000000044e+04
1.037565999999999985e+04
1.568539999999999964e+03
4.882500000000000000e+03
2.150502000000000044e+04
3.038920000000000073e+04
7.081900000000000546e+02
3.625000000000000000e+03
2.995372000000000116e+04
3.782130000000000109e+03
6.169900000000000091e+02
1.035650000000000091e+03
6.253989999999999782e+03
4.121891000000000349e+04
7.255346000000000640e+04
5.437039999999999964e+03
3.376770300000000279e+05
1.351570999999999913e+04
2.353361999999999898e+04
1.239660000000000082e+03
8.339280000000000655e+03
4.750029999999999745e+03
8.132279999999999745e+03
2.986427999999999884e+04
1.410190000000000055e+03
6.796659999999999854e+03
1.956769999999999982e+03
6.310310000000000400e+03
2.505334999999999854e+04
2.484938999999999942e+04
4.555590000000000146e+03
2.499999000000000160e+04
1.688713000000000102e+04
5.072599999999999909e+02
5.264105000000000291e+04
3.617389999999999873e+03
8.928621000000000640e+04
4.924800000000000182e+03
7.562400000000000091e+02
1.513950000000000045e+03
1.255200200000000041e+05
2.236634000000000015e+04
1.985019999999999982e+03
3.900000000000000000e+03
3.172781999999999971e+04
1.052576900000000023e+05
9.182999999999999829e+01
3.058000000000000114e+02
7.362072000000000116e+04
3.151052000000000044e+04
2.214099999999999966e+02
8.454040000000000873e+03
2.465190000000000055e+03
3.640309999999999945e+03
1.178798800000000047e+05
2.026963000000000102e+04
1.527379000000000087e+04
3.011763999999999942e+04
3.193375000000000000e+04
1.424789999999999964e+03
6.776699999999999591e+02
1.091887000000000080e+04
1.860779999999999973e+03
1.337274500000000116e+05
1.391946999999999935e+04
9.313413999999999942e+04
1.043019000000000051e+04
6.033300000000000409e+02
7.714733999999999651e+04
2.599758000000000175e+04
5.008299999999999841e+02
1.658470000000000027e+03
7.801491999999999825e+04
1.805259999999999991e+03
2.258870000000000073e+04
1.099284000000000015e+04
3.967680999999999767e+04
1.606269999999999982e+03
1.731785100000000093e+05
1.701086000000000058e+04
3.888190000000000055e+03
1.766920999999999913e+04
8.209149999999999636e+03
2.543100000000000023e+02
1.335537999999999920e+04
1.960000000000000000e+04
1.650399999999999920e+02
3.533500000000000227e+02
3.069018999999999869e+04
1.850429299999999930e+05
6.608099999999999454e+02
6.227641000000000349e+04
2.080000000000000000e+04
2.699202000000000044e+04
7.162699999999999818e+02
1.161600000000000000e+04
1.482112999999999920e+04
4.131955999999999767e+04
1.465268000000000029e+04
1.260100000000000000e+04
3.541869999999999891e+03
2.159050000000000182e+03
6.537420000000000073e+03
1.355359999999999900e+03
3.969131999999999971e+04
4.302269000000000233e+04
8.875399999999999636e+03
7.684000000000000000e+03
1.396482600000000093e+05
2.232400000000000000e+04
3.504055999999999767e+04
6.767960000000000036e+03
2.876500999999999840e+04
5.112237999999999738e+04
5.740999999999999659e+01
1.313280999999999949e+04
9.917350000000000364e+03
4.734279600000000210e+05
3.444198000000000320e+04
1.966250000000000000e+03
9.800000000000000000e+02
6.807430000000000291e+03
1.660163000000000102e+04
3.504390000000000146e+04
1.971740000000000009e+03
5.552390000000000327e+03
1.189547999999999956e+04
7.316439999999999600e+03
3.725949999999999818e+03
1.595709000000000015e+04
4.200539999999999964e+03
1.986297999999999956e+04
9.570999999999999375e+01
4.907599999999999909e+02
9.788239999999999782e+03
6.896707000000000698e+04
1.526312999999999920e+04
4.231984999999999854e+04
3.929650000000000091e+03
4.074510000000000218e+03
4.105480000000000291e+04
1.037207999999999993e+04
2.128724000000000160e+04
1.631110000000000036e+04
9.364400000000000000e+04
2.998052000000000044e+04
3.663008000000000175e+04
2.393619999999999891e+03
7.105769999999999709e+04
1.594843000000000029e+04
6.301170999999999913e+04
1.954000000000000000e+03
1.260372999999999956e+04
1.698016999999999825e+04
3.322309999999999945e+03
2.036325599999999977e+05
6.936340000000000146e+03
3.734300000000000182e+03
7.562420000000000073e+03
3.760662999999999738e+04
1.064882799999999988e+05
5.253789999999999964e+03
6.300187000000000262e+04
2.999999999999999889e-02
4.546700000000000159e+02
1.045502000000000044e+04
1.294712000000000080e+04
1.543980000000000018e+03
2.852329999999999927e+04
1.448529999999999927e+04
8.768059999999999491e+03
7.170499999999999545e+02
1.459645999999999913e+04
6.431800000000000182e+03
2.361989999999999782e+03
2.805422000000000116e+04
6.869299000000000524e+04
1.836700000000000045e+03
6.507887000000000262e+04
1.423207999999999993e+04
2.783309999999999945e+03
2.428325999999999840e+04
2.140793000000000029e+04
5.039726000000000204e+04
1.519890199999999895e+05
1.548475000000000000e+04
1.327000000000000000e+03
6.541880000000000109e+03
8.293000000000000000e+03
3.095130000000000109e+03
1.023113999999999942e+04
1.235464999999999964e+04
8.886052999999999884e+04
1.618854999999999927e+04
1.992306000000000058e+05
4.386576999999999680e+04
4.171700000000000000e+04
1.182313999999999942e+04
5.986300000000000182e+03
1.797784000000000015e+04
4.997841000000000349e+04
1.333329999999999927e+03
1.244489999999999964e+04
3.436191000000000349e+04
1.670759999999999854e+04
2.018899999999999864e+02
1.754779100000000035e+05
1.036228000000000065e+04
8.264680000000000291e+03
6.285476999999999680e+04
4.130226000000000204e+04
1.345000000000000000e+04
1.532843000000000029e+04
3.311889999999999873e+03
1.086123999999999978e+04
2.671691999999999825e+04
1.676452000000000044e+04
9.000639999999999418e+03
1.770000000000000000e+02
7.046069999999999709e+03
7.068038999999999942e+04
4.755039999999999964e+03
3.970205000000000291e+04
6.715000000000000000e+03
3.992219999999999800e+03
1.579272999999999956e+04
1.397619999999999891e+03
4.670039999999999964e+03
1.838340000000000146e+04
2.209615999999999985e+04
7.591350999999999476e+04
5.583655999999999767e+04
3.012809999999999945e+03
2.837422999999999956e+04
3.599573999999999796e+04
1.000039999999999964e+03
2.020000000000000000e+04
6.757859999999999673e+03
1.671881000000000131e+04
2.699997999999999956e+04
1.153345999999999913e+04
1.564254000000000087e+04
1.455200000000000045e+03
3.703169999999999709e+04
2.378250000000000000e+04
1.214380000000000109e+03
5.362241999999999825e+04
1.435759999999999991e+03
1.135951000000000022e+04
1.573440000000000055e+03
2.463583800000000047e+05
2.562572999999999956e+04
4.738189999999999600e+03
2.052388000000000102e+04
1.000000000000000000e+02
4.501720000000000255e+03
1.485309999999999945e+03
2.242500000000000000e+04
3.200000000000000000e+04
1.496892000000000007e+04
1.021886000000000058e+04
4.044600000000000000e+04
3.700590000000000146e+03
5.826748000000000320e+04
1.981769999999999982e+03
2.714900000000000091e+02
3.569250000000000000e+03
1.893984000000000015e+04
8.925000000000000000e+03
1.213138999999999942e+04
1.015339999999999964e+04
4.638641000000000349e+04
5.600000000000000000e+03
2.474304000000000087e+04
7.497210000000000036e+03
8.194000000000000000e+03
8.550000000000000000e+03
1.536959000000000015e+04
6.686718800000000047e+05
1.288935800000000017e+05
1.044470000000000073e+04
6.724880000000000109e+03
1.486599999999999966e+02
6.478900000000000000e+04
7.737819999999999709e+03
1.338700000000000000e+04
7.600947999999999593e+04
8.391600000000000364e+03
1.835999999999999943e+02
5.660812999999999738e+04
1.501339999999999964e+04
2.631299999999999955e+02
2.805765999999999985e+04
1.781458000000000175e+04
1.947249000000000160e+04
1.008149999999999977e+03
1.586601000000000022e+04
8.049700000000000273e+02
1.421761000000000058e+04
2.621559000000000015e+04
6.908380000000000109e+03
6.908500000000000227e+02
1.244857999999999993e+04
2.267118000000000029e+04
4.800000000000000000e+02
6.837439999999999600e+03
3.532515000000000146e+04
1.588740000000000009e+03
6.600000000000000000e+04
7.550000000000000000e+02
1.243785000000000036e+04
9.215055000000000291e+04
6.238922000000000116e+04
4.751000000000000227e+02
8.257799999999999727e+02
1.517137999999999920e+04
5.322479999999999563e+03
1.993000000000000000e+03
2.874716999999999825e+04
8.161800000000000182e+03
4.372789999999999964e+03
4.043289999999999964e+03
2.047361000000000058e+04
1.321782999999999993e+04
7.635000000000000000e+03
2.437918000000000029e+04
7.152899999999999636e+02
1.168455700000000070e+05
5.261789999999999964e+03
2.471500000000000000e+04
3.980000000000000000e+02
1.363329999999999927e+03
1.189011000000000058e+05
4.638612000000000262e+04
1.525061000000000058e+04
3.517612999999999738e+04
4.381955000000000291e+04
1.690000999999999840e+04
1.464155999999999949e+04
3.482730000000000291e+04
4.440000000000000000e+04
1.764347999999999956e+04
7.080000000000000000e+02
5.904323000000000320e+04
3.643176999999999680e+04
8.878930000000000291e+03
2.063884000000000015e+04
5.901488999999999942e+04
8.390800000000000409e+02
1.170057999999999993e+04
4.103600000000000136e+02
2.455000000000000000e+03
2.788300000000000000e+04
1.253159000000000015e+04
3.297448999999999796e+04
2.100800000000000125e+02
1.869380000000000109e+03
3.167241900000000023e+05
2.219197000000000116e+04
6.600399999999999636e+02
4.039499999999999886e+02
3.735423000000000320e+04
1.668750000000000000e+03
8.401090000000000146e+03
4.793999999999999773e+02
4.951600000000000250e+02
7.887350000000000364e+03
1.415203000000000065e+04
1.937570000000000073e+04
3.680000000000000000e+03
2.196718599999999860e+05
1.798318999999999869e+04
5.960500000000000000e+03
2.054525999999999840e+04
1.612068000000000029e+04
2.200110000000000127e+03
5.954140000000000327e+03
8.738210000000000582e+04
1.599600000000000000e+04
5.685000000000000000e+02
8.552100000000000364e+03
2.468300000000000125e+02
5.064700000000000000e+04
1.119000000000000000e+03
4.082200000000000000e+04
7.500000000000000000e+03
1.010211499999999942e+05
3.241663999999999942e+04
5.781720000000000255e+03
1.462500000000000000e+03
6.221920000000000073e+03
4.935541000000000349e+04
9.665590000000000146e+03
1.532843000000000029e+04
1.446195999999999913e+04
9.686799999999999500e+02
5.495838999999999942e+04
4.258776999999999680e+04
1.861250000000000000e+03
6.687600000000000364e+03
1.238329999999999927e+04
2.056395999999999913e+04
1.516337999999999920e+04
1.061975700000000070e+05
1.291250000000000000e+03
3.465659999999999854e+03
7.101140000000000327e+03
2.374318999999999869e+04
2.092434000000000015e+04
1.021886000000000058e+04
1.203921999999999935e+04
4.683862999999999738e+04
8.118029999999999745e+03
7.300000000000000000e+03
1.368940000000000055e+03
3.823376999999999680e+04
7.313819999999999709e+03
3.095945999999999913e+04
2.881380000000000109e+03
4.781200000000000045e+02
2.582520000000000073e+04
1.608985299999999988e+05
3.108683000000000175e+04
3.171963999999999942e+04
3.027320000000000164e+03
4.620401000000000204e+04
2.492225999999999840e+04
7.600000000000000000e+01
1.671502999999999884e+04
1.403999999999999915e+01
1.525000000000000000e+04
1.488895999999999913e+04
2.124563000000000102e+04
5.068979999999999563e+03
3.466844000000000233e+04
9.180000000000000000e+03
1.561279999999999973e+03
7.822386000000000058e+04
2.355075999999999840e+04
6.400000000000000000e+02
1.888597999999999956e+04
7.012220000000000255e+03
1.284373999999999978e+04
3.677994000000000233e+04
2.051302000000000044e+04
4.398933999999999651e+04
2.947053300000000163e+05
1.341667000000000007e+04
3.438277999999999884e+04
1.491069000000000051e+04
4.583493000000000029e+04
3.782400000000000091e+03
5.904129000000000087e+04
2.621800000000000068e+02
3.000000000000000000e+03
2.583980000000000018e+03
1.709531999999999971e+04
8.857540000000000873e+03
2.032127999999999884e+04
3.274836999999999898e+04
2.066000000000000000e+04
1.893350999999999840e+04
6.591813999999999942e+04
6.792999999999999545e+02
8.782200000000000728e+03
2.223081999999999971e+04
5.270094999999999709e+04
1.465000000000000000e+03
8.036340000000000146e+03
5.123611000000000058e+04
3.960000000000000000e+03
8.107636999999999534e+04
2.940000000000000000e+04
5.191799999999999500e+02
2.338850100000000093e+05
6.770270000000000437e+03
3.303700000000000045e+02
1.599084299999999930e+05
2.484331000000000131e+04
3.425320000000000164e+03
2.553645000000000073e+04
1.472880000000000109e+03
6.018458000000000175e+04
6.140366999999999825e+04
4.957300000000000182e+02
1.088962999999999920e+04
1.150100000000000051e+02
4.710199999999999818e+03
5.296680000000000291e+03
4.400000000000000000e+02
3.674700000000000000e+04
4.024309999999999945e+03
2.879929000000000087e+04
2.213960000000000036e+03
3.412500000000000000e+02
2.082639999999999873e+03
1.380400000000000091e+03
3.412676000000000204e+04
5.730000000000000000e+03
1.298122999999999956e+04
1.055529999999999927e+04
1.025039999999999964e+03
1.137099999999999937e+02
4.273283999999999651e+04
2.361134000000000015e+04
7.996952000000000407e+04
8.264828999999999360e+04
2.778463000000000102e+04
3.612055200000000186e+05
1.884804000000000087e+04
1.395443000000000029e+04
1.361964999999999964e+04
9.332300000000000182e+02
7.492140000000000327e+03
7.224130000000000109e+03
1.943800000000000000e+04
5.713000000000000000e+04
3.630000000000000000e+03
1.411887500000000000e+05
9.917350000000000364e+03
1.254152000000000044e+04
9.924100000000000364e+03
1.930000000000000000e+04
3.369187000000000262e+04
6.999250000000000000e+03
1.784180000000000064e+03
2.429654000000000087e+04
1.223190000000000055e+03
4.000000000000000000e+03
1.750190000000000055e+03
4.823244999999999709e+04
3.616362999999999738e+04
3.400000000000000000e+02
3.821884999999999854e+04
1.618059999999999945e+03
1.090404000000000087e+04
1.560029999999999973e+03
3.543451999999999680e+04
1.937270000000000073e+04
5.104100000000000250e+02
1.761761000000000058e+04
1.205000000000000000e+02
7.431300000000000182e+03
2.199059000000000015e+04
2.111477999999999884e+04
4.537466999999999825e+04
7.132799999999999727e+02
1.594495000000000073e+04
6.271072000000000116e+04
1.919918999999999869e+04
2.383411000000000058e+04
7.952680000000000291e+03
2.250550000000000000e+04
4.328618000000000029e+04
1.852197000000000116e+04
1.535531999999999971e+04
3.334208000000000175e+04
1.497500000000000000e+02
3.240000000000000000e+02
1.393390100000000093e+05
8.396049999999999272e+03
6.451655999999999767e+04
1.000000000000000000e+03
7.757189999999999600e+03
1.605578000000000065e+04
1.581761300000000047e+05
1.215361000000000058e+04
2.140211999999999898e+04
4.880180000000000291e+03
7.024500000000000455e+02
6.669582000000000698e+04
9.800099999999999909e+02
3.438799999999999955e+02
7.326149999999999636e+03
1.172880000000000109e+03
2.018329400000000023e+05
2.889625000000000000e+04
2.435186999999999898e+04
2.006289999999999964e+03
7.765499999999999545e+02
2.275138999999999942e+04
2.328308000000000175e+04
2.843831000000000131e+04
1.499999999999999944e-01
3.515515700000000070e+05
1.008939999999999964e+04
9.654950000000000728e+03
7.500000000000000000e+03
8.402870000000000800e+03
4.977140000000000327e+03
1.591712999999999920e+04
3.327101000000000204e+04
8.418000000000000000e+03
6.086000000000000000e+03
1.821506000000000131e+04
2.486890999999999985e+04
7.290560000000000400e+03
3.993733999999999651e+04
1.295865999999999985e+04
7.170000000000000000e+03
9.917400000000000091e+02
3.727213999999999942e+04
1.482500700000000070e+05
2.520891499999999942e+05
1.051960000000000036e+04
1.492100000000000080e+02
2.823766999999999825e+04
1.469520000000000073e+04
1.160000000000000000e+04
5.950399999999999636e+02
2.982302000000000044e+04
1.480000000000000000e+04
6.237859999999999673e+03
6.606399999999999864e+02
7.742609999999999673e+03
6.948350000000000364e+03
4.438930000000000291e+03
1.960000000000000000e+04
3.133770999999999913e+04
2.600000000000000000e+04
4.135130999999999767e+04
3.553330999999999767e+04
1.549911000000000058e+04
1.531170000000000073e+03
1.710593000000000029e+04
2.775150000000000091e+03
3.145815000000000146e+04
2.496059999999999945e+03
3.566211000000000058e+04
4.602352999999999884e+04
1.477690000000000055e+03
7.654253999999999360e+04
3.243434999999999854e+04
6.343700000000000045e+02
1.824619999999999891e+03
8.105000000000000000e+02
4.730840000000000146e+04
8.357500000000000000e+02
1.620321600000000035e+05
2.000000000000000000e+03
9.001999999999999602e+01
1.884099999999999909e+03
2.103579000000000087e+04
3.403287000000000262e+04
1.469131999999999971e+04
8.510209999999999127e+03
8.264459999999999127e+03
1.281212000000000080e+04
2.227333000000000175e+04
2.860000000000000000e+03
2.584500000000000000e+04
1.961790000000000146e+04
6.060208999999999651e+04
2.928190000000000055e+03
6.250000000000000000e+02
8.611280999999999767e+04
1.430255999999999949e+04
1.036655999999999949e+04
2.542039999999999964e+03
2.833909999999999854e+03
4.553250000000000000e+03
3.790569000000000233e+04
4.840000000000000000e+02
2.378050000000000000e+04
2.602400000000000000e+04
2.346860000000000127e+03
5.800449999999999818e+03
1.476062000000000080e+04
1.195144000000000051e+04
3.047700000000000000e+04
1.675633000000000175e+04
7.057880000000000109e+03
8.234196000000000640e+04
8.990510000000000218e+03
1.494308599999999860e+05
2.231477300000000105e+05
3.935673000000000320e+04
9.423569999999999709e+03
2.750563000000000102e+04
8.249763999999999942e+04
1.407170000000000073e+03
5.125500000000000000e+04
6.231829999999999927e+03
6.439362000000000262e+04
2.173563999999999942e+04
4.116000000000000000e+04
5.692075000000000000e+05
1.222867799999999988e+05
1.314434000000000015e+04
4.041999999999999886e+02
2.415900000000000091e+03
4.712218000000000029e+04
1.675900000000000034e+02
1.299997999999999956e+04
1.885650000000000091e+03
6.833250000000000000e+04
5.550000000000000000e+04
1.607144899999999907e+05
2.250000000000000000e+04
4.526700000000000159e+02
1.072155999999999949e+04
5.640000000000000000e+03
1.996059999999999854e+04
1.000000000000000021e-02
1.468495999999999913e+04
2.925170000000000073e+03
3.330884999999999854e+04
1.678352000000000044e+04
5.351451999999999680e+04
4.484520000000000437e+03
1.314413399999999965e+05
5.928930000000000291e+03
5.063919999999999709e+04
1.379187999999999920e+04
1.232521999999999935e+04
1.115498999999999978e+04
6.616939999999999418e+04
8.652190000000000509e+03
1.858980000000000018e+03
1.829190999999999985e+04
1.004026000000000022e+04
1.535029000000000087e+04
1.213359000000000015e+04
1.355600000000000000e+04
1.687500000000000000e+03
4.256952999999999884e+04
1.931554999999999927e+04
9.356950000000000728e+03
1.216000000000000000e+03
6.336399999999999864e+02
8.054369999999999891e+03
2.400000000000000000e+03
8.665030000000000655e+03
9.412840000000000146e+03
3.314273999999999796e+04
3.091913999999999942e+04
7.284771000000000640e+04
5.710447000000000116e+04
4.072122000000000116e+04
1.156535000000000036e+04
2.233559999999999945e+03
9.633383999999999651e+04
4.493401999999999680e+04
9.875389999999999418e+03
1.293927000000000044e+04
1.779138999999999942e+04
3.900899999999999750e+02
7.731159999999999854e+03
3.898849999999999909e+03
6.347226000000000204e+04
7.532930000000000291e+03
5.142960000000000036e+03
6.983869999999999891e+03
6.751011000000000058e+04
5.310319699999999721e+05
1.526609999999999900e+03
4.161999999999999744e+01
1.312500000000000000e+04
1.061736000000000058e+04
2.647291999999999825e+04
1.147079999999999927e+03
2.987095000000000073e+04
1.140779999999999973e+03
2.114513999999999942e+04
1.316955999999999949e+04
9.803099999999999454e+02
1.178019999999999982e+03
3.706747000000000116e+04
2.131883000000000175e+04
5.622934999999999854e+04
1.061538800000000047e+05
7.079213000000000466e+04
5.568000000000000000e+03
1.946809999999999945e+03
7.027339999999999418e+04
6.946000000000000000e+04
1.942077099999999919e+05
3.944125000000000000e+04
4.243287000000000262e+04
1.762338000000000102e+04
8.837999999999999545e+02
1.749920000000000073e+03
6.323031999999999971e+04
1.985752999999999884e+04
5.863422000000000116e+04
4.142090000000000146e+04
1.665759999999999854e+04
1.248515999999999985e+04
3.644298000000000320e+04
1.018210399999999936e+05
6.608750000000000000e+04
1.348576000000000022e+04
1.340355999999999949e+04
1.178400000000000000e+04
2.436091999999999825e+04
4.425000000000000000e+04
6.775000000000000000e+03
3.414536000000000058e+04
8.537360000000000582e+03
5.640000000000000000e+04
2.941083000000000175e+04
5.662000000000000000e+03
2.234400000000000091e+03
2.150554999999999927e+04
3.427283000000000175e+04
9.579840000000000146e+03
3.900980000000000018e+03
2.420109999999999854e+04
1.590156999999999971e+04
2.732477999999999884e+04
3.314430000000000291e+04
1.145121999999999935e+04
1.292123399999999965e+05
1.032007799999999988e+05
7.390822999999999593e+04
5.100000000000000000e+03
1.804158599999999860e+05
5.730676999999999680e+04
5.309000000000000341e+01
1.500000000000000000e+04
1.034817200000000012e+05
3.630000000000000000e+02
3.530980000000000018e+03
1.154444400000000023e+05
1.706586000000000058e+04
4.923899999999999636e+03
1.400000000000000000e+03
5.226251999999999680e+04
1.088939999999999964e+04
5.852750000000000000e+03
2.417659999999999854e+04
2.169356000000000131e+04
1.519557999999999993e+04
8.367000000000000455e+02
1.225330999999999949e+04
3.152888000000000102e+04
3.939131999999999971e+04
7.437819999999999709e+03
5.570399999999999636e+02
1.456697999999999956e+04
3.600000000000000000e+03
5.280000000000000000e+02
3.018529000000000087e+04
7.104510000000000218e+03
7.719100000000000364e+03
7.369390000000000327e+03
2.947447999999999956e+04
1.247604000000000087e+04
7.372210000000000036e+03
8.094841999999999825e+04
1.635529999999999973e+03
2.240663999999999942e+04
5.170400000000000000e+04
4.358916000000000349e+04
5.083990000000000146e+04
3.058260000000000218e+03
1.934520999999999913e+04
2.646000000000000227e+02
9.588860000000000582e+03
2.983929999999999927e+04
8.584290000000000873e+03
4.077139999999999873e+03
3.342750000000000000e+04
4.208100000000000000e+04
2.643506999999999971e+04
1.026836000000000058e+04
4.460000000000000000e+02
1.435200000000000102e+02
1.861952999999999884e+04
1.744277000000000044e+04
4.475469000000000233e+04
9.930079999999999927e+03
5.955329699999999721e+05
5.889352999999999884e+04
1.624597999999999956e+04
6.608250000000000000e+03
5.174640000000000327e+03
2.928190000000000055e+03
6.029154000000000087e+04
1.404553000000000065e+04
3.771648999999999796e+04
1.832233000000000175e+04
1.323388999999999942e+04
3.384445999999999913e+04
6.628000000000000000e+04
2.800000000000000000e+03
2.526110000000000127e+03
3.433355000000000291e+04
1.190079999999999927e+03
3.124760000000000218e+03
5.833979999999999563e+03
6.456189999999999600e+03
2.568999000000000160e+04
1.433676000000000022e+04
4.754613999999999942e+04
1.081420999999999913e+04
1.016477799999999988e+05
1.316731999999999971e+04
2.184174000000000160e+04
6.001000000000000227e+02
1.036495999999999913e+04
2.485158000000000175e+04
5.846862000000000262e+04
3.909909999999999854e+04
9.782741999999999825e+04
2.818200000000000000e+04
1.100000000000000006e-01
2.719891999999999825e+04
1.844945999999999913e+04
3.058000000000000114e+02
4.620891999999999825e+04
2.613899999999999864e+02
2.479399999999999977e+02
6.451822000000000116e+04
4.807000000000000000e+03
3.377072000000000116e+04
2.424418999999999869e+04
1.945358000000000175e+04
5.497605000000000291e+04
1.292500000000000000e+04
2.342263699999999953e+05
2.682130000000000109e+03
4.508316000000000349e+04
1.793713000000000102e+04
2.916895000000000073e+04
5.846449999999999818e+03
4.500000000000000000e+03
7.740000000000000000e+02
5.632000000000000455e+02
4.726255999999999767e+04
3.528605000000000291e+04
4.973100000000000023e+02
1.258770999999999913e+04
2.001477999999999884e+04
1.763600000000000000e+04
1.506014100000000035e+05
5.619247000000000116e+04
2.374165999999999985e+04
2.854072999999999956e+04
7.412699999999999818e+02
2.196756999999999971e+04
3.085899999999999750e+02
8.234413999999999942e+04
8.217540000000000873e+03
2.641484999999999854e+04
2.785977000000000044e+04
5.879377999999999884e+04
1.239517000000000007e+04
3.482690000000000055e+03
2.344500000000000000e+05
4.831560000000000400e+03
3.793360000000000127e+03
1.228793099999999977e+05
1.383913999999999942e+04
1.749208599999999860e+05
1.172900000000000063e+02
8.244344000000000233e+04
3.607148999999999796e+04
2.462833000000000175e+04
7.736850000000000364e+03
1.327665999999999985e+04
1.346537999999999920e+04
4.005980000000000018e+03
3.936047000000000116e+04
1.110479000000000087e+04
4.979000000000000000e+03
7.416630000000000291e+04
8.281090000000000146e+03
6.720891000000000349e+04
2.651049899999999907e+05
1.449027000000000044e+04
4.200970000000000255e+03
1.065653000000000065e+04
1.586509999999999991e+03
1.043956999999999971e+04
3.715469999999999800e+03
2.152000000000000000e+04
6.600000000000000000e+03
2.066500000000000057e+02
8.633549999999999272e+03
2.350800000000000000e+04
8.400000000000000000e+03
1.628130000000000109e+03
1.053779400000000023e+05
2.899300000000000000e+04
3.443577999999999884e+04
1.240130000000000109e+03
3.369168000000000029e+04
6.840000000000000000e+03
6.376000000000000000e+03
2.238009999999999854e+04
1.815799999999999955e+03
7.651829999999999927e+03
5.755076000000000204e+04
1.801675000000000000e+04
4.293487000000000262e+04
2.236500000000000000e+04
8.325270000000000437e+03
2.668000000000000114e+02
9.250000000000000000e+03
3.989399999999999977e+02
5.228899999999999864e+02
6.080000000000000000e+02
1.005287999999999920e+04
4.126806999999999971e+04
7.800000000000000000e+03
3.839858999999999651e+04
1.463418000000000029e+04
3.578648000000000320e+04
4.029402999999999884e+04
1.022210000000000000e+05
8.020060000000000400e+03
6.622529999999999745e+03
4.528119999999999891e+03
7.080479999999999563e+03
5.656156999999999971e+04
2.356699999999999818e+03
2.672200000000000273e+02
4.747784999999999854e+04
1.594351000000000022e+04
2.025000000000000000e+01
1.260372999999999956e+04
3.918820000000000164e+03
1.403563999999999942e+04
1.323200000000000000e+05
3.606820900000000256e+05
1.985119999999999891e+03
8.373479999999999563e+03
3.528620999999999913e+04
5.015279999999999745e+03
5.364100000000000364e+03
1.286044000000000051e+04
2.694606000000000131e+04
1.164536000000000058e+04
2.302750000000000000e+03
4.660258000000000175e+04
1.251175000000000000e+04
2.094916999999999825e+04
7.805619999999999891e+03
5.800000000000000000e+03
2.403947000000000116e+04
1.318833500000000058e+05
8.263999999999999773e+02
9.791499999999999773e+02
2.089668999999999869e+04
4.750000000000000000e+03
3.428387999999999738e+04
3.217113999999999942e+04
2.342000000000000000e+03
8.017400000000000091e+02
1.415076199999999953e+05
3.687616999999999825e+04
3.283900000000000000e+04
1.833697999999999956e+04
1.944800000000000000e+04
2.203127000000000044e+04
5.664422000000000116e+04
1.319407999999999993e+04
7.000000000000000000e+02
1.350715999999999985e+04
8.611280999999999767e+04
9.057110000000000582e+03
1.322000000000000000e+03
1.609554999999999927e+04
8.447500000000000000e+02
2.160000000000000000e+04
3.609359799999999814e+05
1.165148999999999978e+04
9.520000000000000000e+03
2.781940000000000055e+03
8.506450000000000728e+03
2.983458000000000175e+04
2.423400000000000000e+04
3.631000000000000227e+02
2.942852199999999721e+05
3.101670000000000073e+03
4.192050000000000182e+03
5.626737000000000262e+04
3.584190000000000055e+03
1.064362999999999920e+04
2.649754000000000087e+04
5.138000000000000000e+03
1.414118000000000029e+04
6.848463000000000466e+04
4.619087000000000262e+04
1.527599999999999909e+02
3.784051999999999680e+04
5.833920000000000073e+03
3.655916000000000349e+04
3.808848000000000320e+04
1.017917000000000007e+04
1.612412999999999920e+04
8.389160000000000582e+04
3.889740000000000146e+04
3.665731799999999930e+05
1.080000000000000000e+04
1.709349999999999909e+03
4.312799999999999727e+02
5.688068000000000029e+04
3.182272999999999956e+04
5.014300000000000182e+03
4.879050000000000182e+03
3.034409999999999854e+03
2.908206000000000131e+04
1.304829999999999927e+03
2.364613000000000102e+04
6.715409999999999854e+03
5.376500000000000000e+04
7.473772999999999593e+04
9.384797999999999593e+04
9.249085000000000582e+04
1.210280999999999949e+04
3.842786000000000058e+04
9.437999999999999545e+01
1.420620000000000073e+04
9.933059999999999491e+03
8.875250000000000000e+03
6.000000000000000000e+03
5.196655000000000291e+04
5.645886600000000326e+05
2.239722000000000116e+04
3.206239999999999782e+03
9.146170000000000073e+03
2.993849999999999909e+03
2.396808000000000175e+04
5.280401400000000140e+05
6.118590000000000146e+03
3.283956999999999971e+04
2.627329000000000087e+04
3.737699999999999818e+03
2.840533000000000175e+04
4.126852999999999884e+04
2.474238999999999942e+04
9.033079999999999927e+03
4.160800000000000182e+03
4.113420999999999913e+04
4.101911000000000058e+04
2.769199000000000160e+04
2.956789999999999964e+03
1.129619799999999959e+05
2.082497999999999956e+04
4.587512000000000262e+04
1.610911000000000058e+04
8.214690000000000509e+03
3.670960000000000036e+03
2.154699999999999989e+02
9.932533999999999651e+04
2.211050000000000182e+03
4.856279999999999745e+03
1.445855999999999949e+04
2.770670000000000073e+03
3.065975999999999840e+04
1.433390000000000100e+03
1.530000000000000000e+04
6.835800000000000182e+03
1.252445000000000073e+04
9.530629999999999200e+03
1.054437999999999920e+04
2.380099999999999909e+02
1.316027000000000044e+04
1.860000000000000000e+04
2.865690000000000055e+03
1.873565000000000000e+05
1.074411000000000058e+04
1.536589999999999918e+03
4.427289999999999964e+03
2.204022000000000116e+04
9.384049999999999272e+03
1.684850999999999840e+04
1.660325000000000000e+04
3.000000000000000000e+03
2.674086000000000058e+04
1.183505999999999949e+04
3.473799999999999955e+02
6.099000000000000000e+03
3.194200000000000159e+02
1.144254000000000087e+04
1.549346999999999935e+04
2.833500000000000227e+02
1.456500000000000000e+03
1.140500000000000000e+03
8.193290000000000873e+03
5.717300000000000182e+02
2.074841999999999825e+04
3.557599999999999909e+02
1.740259800000000105e+05
1.553723999999999978e+04
2.123141999999999825e+04
1.187960000000000036e+03
8.205879999999999200e+03
4.625000000000000000e+03
1.361140199999999895e+05
4.277949999999999818e+03
3.712880000000000291e+04
9.285809999999999491e+03
6.439816000000000349e+04
5.840010000000000218e+03
5.500279999999999745e+03
1.822430000000000064e+03
6.284300000000000000e+04
2.076570000000000164e+03
4.897151000000000204e+04
2.576842600000000093e+05
2.342211999999999898e+04
3.169934000000000015e+04
6.256159999999999854e+03
2.321084999999999854e+04
4.535051000000000204e+04
3.248725999999999840e+04
6.643859999999999673e+03
2.946290000000000146e+04
1.000200000000000045e+03
3.499599999999999909e+03
1.760211000000000058e+04
2.072840999999999985e+04
1.432507999999999993e+04
4.703799999999999955e+02
1.343357999999999993e+04
4.501527999999999884e+04
3.600360000000000127e+03
1.598362999999999920e+04
4.732044999999999709e+04
3.241259999999999854e+04
7.200000000000000000e+03
1.884900000000000000e+04
6.161299999999999955e+02
3.724577999999999884e+04
1.247473399999999965e+05
1.553968800000000047e+05
4.332500000000000000e+03
1.106475000000000000e+04
1.045980000000000018e+03
4.833229999999999563e+03
7.810427000000000407e+04
3.546683999999999651e+04
1.900000000000000000e+03
2.367172999999999956e+04
1.138000000000000000e+03
2.283552000000000044e+04
3.706283000000000175e+04
2.376599999999999966e+02
2.691235700000000070e+05
6.261289999999999964e+03
1.046000000000000000e+05
5.499510000000000218e+03
6.900111999999999534e+04
2.046289999999999964e+03
1.487614999999999964e+04
4.521999999999999886e+02
7.600000000000000000e+03
4.928770000000000437e+03
2.175336000000000058e+04
6.175689999999999600e+03
8.072100000000000364e+03
1.728720000000000073e+04
7.600000000000000000e+02
4.531062999999999738e+04
8.385060000000000582e+04
1.463270999999999913e+04
5.883008000000000175e+04
5.959239999999999782e+03
4.850000000000000000e+03
3.750000000000000000e+04
2.448556999999999971e+04
3.660576000000000204e+04
2.891940000000000146e+04
2.813510000000000218e+03
7.603200000000000500e+02
8.271610000000000582e+03
9.651900000000000546e+02
1.050137000000000080e+04
6.939000000000000000e+03
3.191834999999999854e+04
9.540000000000000000e+02
7.337359999999999673e+03
4.287229999999999563e+03
3.735600000000000000e+04
5.086287000000000262e+04
3.811829999999999927e+03
6.927149999999999636e+03
1.806952000000000044e+04
2.002259999999999854e+04
1.667791999999999825e+04
1.923250000000000000e+05
5.954140000000000327e+03
4.880470999999999913e+04
5.783875100000000093e+05
1.103390000000000100e+03
2.650190000000000055e+03
4.614120999999999913e+04
8.460900000000000318e+02
5.722780000000000291e+04
1.172134000000000015e+04
1.908661999999999898e+04
8.672799999999999272e+03
3.675000000000000000e+02
5.540369999999999891e+03
6.659000000000000000e+03
4.008600000000000000e+04
4.565960000000000036e+03
1.112188200000000070e+05
2.879909000000000015e+04
4.675000000000000000e+03
3.941465000000000146e+04
1.563897999999999956e+04
5.680599999999999454e+02
2.145000000000000000e+03
2.250000000000000000e+02
7.814239999999999782e+03
2.344662999999999884e+05
4.424908000000000175e+04
5.479340000000000146e+03
2.523279999999999927e+04
3.222088999999999942e+04
2.540900000000000034e+02
1.637789999999999964e+03
4.091273999999999796e+04
9.832619999999999709e+04
2.282590000000000146e+03
4.781269999999999709e+04
7.944329999999999927e+03
2.020506999999999971e+04
5.695919999999999709e+04
1.768724800000000105e+05
9.817999999999999545e+02
1.907700000000000000e+04
1.436347999999999956e+04
3.980031999999999971e+04
4.384813999999999942e+04
1.469359999999999900e+03
7.498391000000000349e+04
7.149800000000000000e+04
2.464099999999999966e+02
1.820420000000000073e+03
3.400000000000000000e+04
2.068858000000000175e+04
6.871919999999999709e+04
6.601310000000000400e+03
7.904789999999999964e+03
1.666702000000000044e+04
3.487099999999999795e+02
7.081608000000000175e+04
9.190099999999999909e+02
2.296633000000000175e+04
2.895960000000000036e+03
5.947810000000000400e+03
2.772438999999999942e+04
1.805430000000000064e+03
2.816250000000000000e+03
1.898740000000000009e+03
9.968638000000000466e+04
3.961899999999999977e+02
6.033919999999999709e+04
3.399000000000000000e+03
9.021900000000000546e+02
5.851399999999999864e+02
6.569672000000000116e+04
5.765579999999999927e+03
4.836789999999999964e+03
5.630000000000000000e+02
3.796690000000000055e+03
1.279040800000000017e+05
2.417415000000000146e+04
8.900729999999999563e+03
2.131814700000000012e+05
2.772999000000000160e+04
6.145838999999999942e+04
3.200000000000000000e+02
4.036673999999999796e+04
2.319347999999999956e+04
2.260000000000000000e+04
4.587133999999999651e+04
3.571000000000000000e+04
2.300000000000000000e+03
6.632909999999999854e+03
2.656320999999999913e+04
6.080000000000000000e+02
4.805119000000000233e+04
3.322180000000000291e+04
5.950000000000000178e+00
2.840000000000000000e+04
2.325991999999999825e+04
2.112454999999999927e+04
1.576109999999999900e+03
8.936809999999999491e+03
7.578000000000000000e+03
4.984000000000000000e+04
3.642659999999999854e+03
5.430039999999999964e+03
5.514729999999999563e+03
2.011147000000000116e+04
7.313392999999999302e+04
2.066425999999999840e+04
3.560163999999999942e+04
1.741600000000000000e+04
4.265081999999999971e+04
1.440000000000000000e+03
2.469304999999999927e+04
1.920000000000000000e+04
7.043887900000000373e+05
1.320000000000000000e+04
1.840000000000000000e+04
5.957880000000000109e+03
8.791100000000000364e+03
1.426925000000000000e+04
9.363113999999999942e+04
2.136695000000000073e+04
1.672390000000000100e+03
1.700000000000000000e+03
4.844800000000000182e+02
8.516013000000000466e+04
4.915272000000000116e+04
3.354100000000000250e+02
5.677409999999999854e+03
7.032000000000000000e+03
7.232000000000000000e+03
1.199943000000000029e+04
4.072308999999999651e+04
1.686100000000000000e+04
1.059805299999999988e+05
4.264576999999999680e+04
1.762500000000000000e+04
1.120606999999999971e+04
6.530260000000000218e+03
3.716958999999999651e+04
7.179140000000000327e+03
4.127370800000000163e+05
8.818850000000000364e+03
3.685145999999999913e+04
5.281897000000000116e+04
9.782741999999999825e+04
1.322084000000000015e+04
6.255000000000000000e+03
3.500000000000000000e+02
3.418699999999999818e+03
3.790150000000000091e+03
4.042030000000000291e+04
9.031409999999999854e+03
1.844963999999999942e+04
5.983465000000000146e+04
1.923188999999999942e+04
3.882500000000000000e+02
5.810000000000000000e+02
3.639869999999999891e+03
7.113909999999999854e+03
9.090299999999999727e+02
2.144797000000000116e+04
1.399859999999999900e+03
2.042208000000000175e+04
1.220000000000000000e+03
6.383649999999999636e+03
3.458102800000000279e+05
1.246560000000000036e+04
3.244719999999999800e+03
3.343336000000000058e+04
4.475250000000000000e+04
2.018924000000000160e+04
3.547273999999999796e+04
1.496599999999999966e+02
6.448300000000000000e+04
6.947619999999999891e+03
2.204940000000000146e+04
7.831999999999999318e+01
4.914316000000000349e+04
6.303175000000000000e+04
1.494465999999999985e+04
2.593554000000000087e+04
8.384800000000000182e+02
3.683349999999999909e+03
1.500000000000000000e+03
3.316260000000000218e+03
6.140516999999999825e+04
8.086000000000000000e+03
3.709525000000000000e+04
2.703750999999999840e+04
7.972510999999999767e+05
6.027200000000000273e+02
5.721140000000000327e+03
3.200220999999999913e+04
2.378250000000000000e+04
1.760000000000000000e+04
4.721342399999999907e+05
6.292300000000000182e+02
9.333309999999999491e+03
5.136508000000000175e+04
1.008220000000000027e+03
1.870768999999999869e+04
1.671175000000000000e+04
1.048329999999999927e+03
4.694210000000000036e+03
8.720000000000000000e+03
8.872059999999999491e+03
1.037913999999999942e+04
9.774099999999999682e+02
2.024943999999999869e+04
4.174980999999999767e+04
7.283409999999999854e+03
4.116390000000000327e+03
6.559050000000000000e+04
2.892024000000000160e+04
7.776999999999999602e+01
3.116100000000000000e+04
1.637770999999999913e+04
1.119000000000000000e+03
4.715020000000000437e+03
3.443437999999999738e+04
1.039479999999999927e+04
3.682469999999999709e+04
5.662000000000000000e+03
1.108150000000000091e+03
5.986008000000000175e+04
8.705399999999999636e+02
5.073060000000000400e+03
2.033000000000000000e+03
8.967889999999999418e+03
4.712100000000000364e+03
2.923300000000000182e+03
1.972561999999999898e+04
2.021309999999999945e+03
8.189260000000000582e+04
7.056100000000000136e+02
3.800000000000000000e+03
1.248460000000000036e+03
1.774618000000000029e+04
3.620000000000000000e+02
9.255599999999999454e+02
3.302599999999999909e+02
1.400000000000000000e+04
1.231220999999999913e+04
1.819664899999999907e+05
6.525058999999999651e+04
4.340750000000000000e+04
4.228819999999999709e+03
5.628520000000000437e+03
2.677870999999999913e+04
3.037889999999999873e+03
1.854240000000000009e+03
6.406609999999999673e+03
2.207690000000000055e+03
6.912899999999999636e+02
8.910469999999999709e+04
1.673625000000000000e+04
9.642500000000000000e+02
3.765829999999999927e+03
4.021751999999999680e+04
2.168272999999999956e+04
1.191349999999999909e+03
1.059337999999999920e+04
2.642300000000000182e+02
3.051309999999999945e+03
4.081312000000000262e+04
6.674909999999999854e+03
2.233559999999999945e+03
3.447234999999999854e+04
1.314200000000000000e+04
4.379779999999999745e+03
4.700390000000000327e+03
1.658841099999999860e+05
4.223369000000000233e+04
4.325299999999999727e+02
2.566000000000000227e+02
1.367569999999999936e+03
1.137711300000000047e+05
3.255099999999999909e+03
1.917777000000000044e+04
1.116117700000000041e+05
1.692097999999999956e+04
6.575499999999999545e+02
2.769199000000000160e+04
2.088941999999999825e+04
1.827509000000000015e+04
1.208876000000000022e+04
4.259599999999999795e+02
2.016141999999999825e+04
1.360984000000000015e+04
4.660850000000000364e+03
5.700490000000000146e+04
1.623350000000000000e+04
8.428780000000000655e+03
2.924704999999999927e+04
2.409404999999999927e+04
1.209925000000000000e+04
2.636000000000000000e+03
3.858519999999999982e+03
3.988326000000000204e+04
3.557547600000000093e+05
4.336109999999999673e+03
4.634512999999999738e+04
1.338308900000000140e+05
9.429600000000000364e+02
1.219570000000000000e+05
3.578989999999999782e+03
2.190679999999999836e+03
7.690720000000000255e+03
4.773199999999999932e+02
2.202000000000000000e+04
2.049600000000000080e+02
4.927599999999999909e+02
2.174199999999999875e+02
8.075079999999999927e+03
5.509270000000000437e+03
1.096981999999999971e+04
9.410016999999999825e+04
2.853500000000000000e+03
2.786950000000000000e+04
1.286784000000000015e+04
2.033731000000000131e+04
1.417871999999999935e+04
6.812467999999999302e+04
9.599989999999999782e+03
1.384197900000000081e+05
1.794631900000000023e+05
7.011000000000000227e+02
5.502500000000000000e+04
8.670000000000000284e+01
5.000000000000000000e+03
9.753870000000000800e+03
7.040000000000000000e+04
1.000000000000000021e-02
4.949670000000000073e+03
3.630452999999999884e+04
4.669300000000000068e+02
2.180081999999999971e+04
1.720708000000000175e+04
1.772463000000000102e+04
2.543300000000000000e+04
9.605049999999999272e+03
3.388607399999999907e+05
6.770710000000000582e+04
2.532061000000000058e+04
2.046388000000000102e+04
5.523180000000000291e+03
2.654590000000000146e+04
7.351779999999999745e+03
4.083500000000000000e+04
1.818960000000000036e+03
2.947079999999999927e+03
2.126000000000000000e+04
1.319785000000000036e+04
8.385132000000000698e+04
8.400000000000000000e+03
3.463820999999999913e+04
1.164420000000000073e+03
2.438927999999999884e+04
8.164340000000000146e+03
3.050000000000000000e+04
1.493079000000000087e+04
3.391320000000000164e+03
1.472742799999999988e+05
3.707280000000000200e+03
2.010690000000000055e+03
1.114340899999999965e+05
1.843108000000000175e+04
1.107980000000000018e+03
1.698083000000000175e+04
1.214380500000000029e+05
5.088930000000000291e+03
1.127600000000000051e+02
2.244059999999999945e+03
3.255530000000000200e+03
1.016072999999999956e+04
2.957872000000000116e+04
4.005030999999999767e+04
1.031645299999999988e+05
6.591910000000000582e+04
1.139694000000000051e+04
7.550000000000000000e+01
3.688444000000000233e+04
8.429250000000000000e+03
2.561504800000000105e+05
4.694210000000000036e+03
3.010269999999999982e+03
5.954804000000000087e+04
1.440000000000000000e+03
1.220956999999999971e+04
8.019636000000000058e+04
1.790206000000000131e+04
2.973125000000000000e+04
1.320248599999999860e+05
7.962233999999999651e+04
8.086766999999999825e+04
1.161119999999999891e+03
3.216800000000000182e+03
9.200000000000000000e+03
3.538480000000000018e+03
7.305789999999999964e+03
1.511003399999999965e+05
5.370827999999999884e+04
9.687755999999999767e+04
3.805044400000000023e+05
3.114499999999999886e+02
2.558608000000000175e+04
1.196179999999999927e+04
6.566746000000000640e+04
3.365190000000000055e+03
1.245670999999999913e+04
3.576655000000000291e+04
1.146231999999999971e+04
1.888270000000000000e+05
2.321019999999999982e+03
3.235454999999999927e+04
2.216119999999999891e+03
1.086299999999999955e+02
2.365574000000000160e+04
2.240611000000000058e+04
1.808300000000000000e+04
3.815880000000000109e+03
3.843389999999999873e+03
1.791999999999999886e+02
2.535000999999999840e+04
4.386641999999999825e+04
9.446947999999999593e+04
6.000000000000000000e+03
5.250000000000000000e+04
2.258254999999999927e+04
5.255299999999999727e+02
2.662000000000000000e+03
1.900190000000000055e+03
3.021009000000000015e+04
1.284720000000000027e+03
1.120689700000000012e+05
2.458000000000000114e+02
4.839829999999999927e+03
9.754110000000000582e+03
1.392020000000000073e+04
5.164816999999999825e+04
1.367920000000000073e+03
1.023320000000000073e+04
1.509487000000000080e+04
9.829400000000000546e+02
3.468380000000000109e+03
4.034550000000000182e+03
4.270823999999999796e+04
3.578687999999999738e+04
2.032519189999999944e+06
2.557025000000000000e+04
1.431969000000000051e+04
7.256000000000000000e+03
8.747855000000000291e+04
5.079602999999999884e+04
1.859449000000000160e+04
1.630935000000000036e+04
9.073500000000000227e+02
4.557441000000000349e+04
3.941999999999999886e+02
1.944670000000000073e+04
1.199593000000000029e+04
1.600078000000000065e+04
8.033300000000000182e+03
5.583462999999999738e+04
1.620110000000000036e+04
4.804508000000000175e+04
2.795906999999999971e+04
5.187000000000000000e+03
4.485358999999999651e+04
2.419045000000000000e+05
1.497600000000000000e+04
1.712390000000000100e+03
1.074411000000000058e+04
2.359590000000000146e+03
3.272859999999999854e+04
2.271530000000000200e+03
2.119895000000000000e+05
1.554321999999999935e+04
2.330547999999999956e+04
4.763769999999999709e+04
4.490000000000000000e+03
1.830790000000000146e+04
1.067980000000000018e+03
4.420000000000000000e+03
2.000099999999999909e+03
2.483236000000000058e+04
1.391099999999999909e+03
3.919151000000000204e+04
1.018862000000000080e+04
4.126899999999999977e+02
8.636469000000000233e+04
4.102487000000000262e+04
2.531158000000000175e+04
4.803569999999999709e+03
4.293598999999999796e+04
2.289481999999999971e+04
4.335312000000000262e+04
3.771929999999999836e+03
6.201000000000000000e+03
5.021540000000000146e+04
4.504569999999999709e+03
1.866218999999999869e+04
1.690708000000000175e+04
4.301529999999999745e+03
5.480949999999999818e+03
8.537079999999999927e+03
8.518370000000000800e+03
4.010231999999999971e+04
1.656029999999999973e+03
3.468179999999999836e+03
1.587632999999999993e+04
1.353888900000000140e+05
2.502220000000000073e+04
8.224670000000000073e+03
6.590000000000000000e+03
2.608187500000000000e+05
6.254400000000000546e+02
5.259350000000000364e+03
3.211499999999999773e+02
3.796610000000000127e+03
6.934000000000000000e+03
1.314178500000000058e+05
7.185811000000000058e+04
8.452799999999999727e+02
1.082502100000000064e+05
5.360000000000000000e+02
4.352100000000000000e+04
3.325760000000000218e+03
2.289252000000000044e+04
5.432750000000000000e+03
1.126331199999999953e+05
1.096910000000000082e+03
3.304352999999999884e+04
1.728832999999999884e+05
1.087043000000000029e+04
1.501807999999999993e+04
1.102581600000000035e+05
2.543100000000000023e+02
5.498722000000000116e+04
4.814051999999999680e+04
1.194515999999999985e+04
2.357333000000000175e+04
1.488273800000000047e+05
2.008122999999999956e+04
9.950266999999999825e+04
7.885000000000000000e+03
7.031411000000000058e+04
3.200000000000000000e+02
2.916210000000000036e+03
3.445043000000000029e+04
8.684852999999999884e+04
3.023999999999999773e+02
7.234960000000000036e+03
3.807000000000000000e+03
3.444622000000000116e+04
8.699936000000000058e+04
6.263149999999999636e+03
1.140814900000000052e+05
2.520100000000000000e+04
9.661909999999999854e+03
2.029200000000000045e+03
8.252420000000000073e+03
3.886300000000000182e+03
4.807840000000000146e+03
2.839349999999999909e+03
1.216737000000000080e+04
4.600710000000000036e+03
4.162029999999999745e+03
2.800000000000000000e+03
6.055563999999999942e+04
3.351648000000000320e+04
1.227163999999999942e+04
2.174200000000000000e+04
8.218999999999999773e+02
3.720845999999999913e+04
1.067069999999999936e+03
1.527448999999999978e+04
8.205067999999999302e+04
2.345950000000000000e+04
1.116646999999999935e+04
2.662799999999999727e+02
5.816391999999999825e+04
2.102884999999999854e+04
3.698000000000000000e+04
3.812266999999999825e+04
5.966233000000000175e+04
1.415882999999999993e+04
1.375010000000000036e+04
6.010319999999999709e+03
3.906960000000000036e+03
1.029622999999999956e+04
9.000000000000000000e+02
6.066483000000000175e+04
1.695300000000000000e+04
6.293700000000000045e+02
4.710948999999999796e+04
8.923270000000000437e+03
6.192000000000000455e+02
4.924800000000000182e+03
4.323140000000000327e+03
4.374533999999999651e+04
4.357449999999999818e+03
1.634907999999999993e+04
6.790789999999999964e+03
2.352247000000000116e+04
2.865147000000000116e+04
8.619000000000000000e+03
1.005285000000000036e+04
5.609390000000000327e+03
6.667999999999999545e+02
8.239767999999999302e+04
3.002350000000000000e+04
4.490729999999999563e+03
4.759499999999999886e+02
1.835000000000000000e+04
2.122308000000000175e+04
1.224345999999999913e+04
6.707836000000000058e+04
1.872390000000000100e+03
1.761581000000000131e+04
6.410800000000000409e+02
1.011598800000000047e+05
1.130289999999999964e+03
4.667700000000000000e+04
2.227125999999999840e+04
6.684286999999999534e+04
1.054000000000000000e+03
5.631399999999999636e+03
7.740000000000000000e+03
5.028437000000000262e+04
2.067984899999999907e+05
4.600000000000000000e+02
4.013399999999999750e+02
6.772510000000000218e+03
1.997309999999999945e+03
2.816800000000000182e+03
8.697649999999999636e+03
1.041710000000000036e+03
1.287231999999999971e+04
1.410190000000000055e+03
3.671539999999999964e+03
3.416755999999999767e+04
2.648230000000000018e+03
4.884566999999999825e+04
5.540599999999999454e+02
4.210451999999999680e+04
1.329566300000000047e+05
1.637700000000000045e+03
2.830969999999999800e+03
6.065390000000000327e+03
8.905299999999999727e+02
2.487106999999999971e+04
9.849658999999999651e+04
9.164479999999999563e+03
7.948289999999999964e+03
3.154599999999999795e+02
1.651022000000000116e+04
8.827750000000000000e+03
1.309971999999999935e+04
2.784599999999999909e+03
1.243109000000000015e+04
1.884979999999999927e+04
3.255640000000000146e+04
2.707181000000000131e+04
7.658300000000000409e+02
4.821054000000000087e+04
1.517150899999999965e+05
6.680000000000000000e+02
3.834320000000000164e+03
4.776899999999999977e+02
1.245645000000000073e+04
2.348118000000000029e+04
1.769657600000000093e+05
6.458262000000000262e+04
1.814943000000000029e+04
1.360787999999999920e+04
1.200000000000000000e+03
1.632267000000000007e+04
1.420023999999999978e+04
5.800000000000000000e+03
3.615447000000000116e+04
7.398939999999999600e+03
7.255119999999999891e+03
8.297833999999999651e+04
8.281090000000000146e+03
2.003109999999999900e+03
6.086030999999999767e+04
7.177000000000000000e+03
5.400239999999999782e+03
6.219359999999999673e+03
1.099014999999999964e+04
1.035479999999999927e+04
9.543999999999999773e+02
1.498942000000000007e+04
4.132439999999999600e+03
2.373600000000000000e+04
4.420136000000000058e+04
1.313821999999999935e+04
2.641200000000000045e+02
4.454550000000000182e+03
3.553999999999999773e+02
1.523256999999999971e+04
4.536200000000000045e+02
2.568943000000000029e+04
7.253560000000000400e+03
5.440000000000000000e+02
4.728711000000000058e+04
1.343000000000000000e+03
3.014279999999999927e+04
9.518030000000000655e+03
4.400799999999999841e+02
2.284972999999999956e+04
5.789500000000000000e+03
2.693795999999999913e+04
1.317318000000000029e+04
7.080859999999999673e+03
3.103349000000000160e+04
1.457789999999999964e+03
1.512918000000000029e+04
6.241505000000000291e+04
7.397732000000000698e+04
5.250555799999999581e+05
1.026829499999999971e+05
1.444500000000000000e+03
8.770340000000000146e+03
2.191736000000000058e+04
2.628291999999999825e+04
4.911395999999999913e+04
3.968740000000000146e+04
5.378329999999999927e+03
6.582436000000000058e+04
3.028300000000000182e+03
2.711754000000000087e+04
5.920000000000000000e+04
1.429809999999999945e+03
1.288000000000000000e+04
2.697429000000000087e+04
4.894144000000000233e+04
1.009635000000000036e+04
3.349533999999999651e+04
9.421559999999999491e+03
1.080990000000000009e+03
3.498712999999999738e+04
4.047176999999999680e+04
2.140238000000000102e+04
1.246004000000000087e+04
7.290000000000000000e+03
9.235889999999999418e+03
2.559670400000000081e+05
8.923899999999999636e+03
2.601093000000000029e+04
1.577684000000000015e+04
2.554324000000000160e+04
7.011720000000000255e+03
2.642002700000000186e+05
1.133390000000000100e+03
1.713019999999999982e+03
1.456210000000000036e+03
3.224100000000000250e+02
2.645897999999999956e+04
3.513043000000000029e+04
1.979341799999999930e+05
1.550032999999999993e+04
1.346532999999999993e+04
5.813383499999999767e+05
1.811574400000000023e+05
1.688799999999999955e+03
2.037708000000000175e+04
3.742849999999999909e+03
3.699104000000000087e+04
9.282000000000000000e+03
5.100000000000000000e+03
5.925466999999999825e+04
1.361752799999999988e+05
4.604765000000000146e+04
5.207444000000000233e+04
2.577772999999999956e+04
9.436219999999999345e+03
2.753822000000000116e+04
2.468174000000000160e+04
2.360920999999999913e+04
9.158079999999999927e+03
7.183859999999999673e+03
1.213967000000000007e+04
1.560000000000000000e+04
7.014289999999999964e+03
7.272000000000000455e+02
6.496199999999999818e+03
1.796399999999999864e+02
8.438170000000000073e+03
1.084518000000000029e+04
5.738579999999999927e+03
1.745883000000000175e+04
4.222189999999999600e+03
9.194809999999999491e+03
2.374072999999999956e+04
9.843200000000000500e+02
3.001909000000000015e+04
8.040100000000000000e+04
4.766854000000000087e+04
3.394000000000000000e+03
2.253768999999999869e+04
2.576563999999999942e+04
1.513698999999999978e+04
4.389700000000000273e+02
1.021395999999999913e+04
2.906665999999999985e+04
1.062527000000000044e+04
8.460000000000000000e+03
1.347000000000000000e+04
5.558550000000000182e+03
2.761568999999999869e+04
9.062389999999999418e+03
6.667000000000000000e+03
1.523000000000000000e+03
3.776230999999999767e+04
1.096000000000000000e+04
5.184600000000000364e+02
3.338300000000000000e+04
6.187663999999999942e+04
8.770459999999999127e+03
8.760959999999999127e+03
1.784890000000000100e+03
8.493799999999999272e+03
8.880000000000000000e+03
2.063743999999999869e+04
1.281630000000000109e+03
5.526619999999999891e+03
5.874294000000000233e+04
1.643600000000000136e+02
4.319409999999999854e+04
9.000000000000000000e+02
2.048593999999999869e+04
2.775529000000000087e+04
1.696631999999999971e+04
1.547304999999999927e+04
1.375334000000000015e+04
8.500000000000000000e+03
3.283956999999999971e+04
1.429570999999999913e+04
1.990158399999999965e+05
2.104010400000000081e+05
6.288619999999999709e+04
3.309000000000000000e+03
1.560029999999999973e+03
3.659309999999999945e+03
7.425099999999999909e+02
2.770368999999999869e+04
1.103120000000000000e+05
1.412595000000000073e+04
7.820829999999999927e+03
2.861989999999999782e+03
3.947999999999999687e+01
1.459357999999999993e+04
2.027589999999999918e+03
2.553138099999999977e+05
2.961820999999999913e+04
2.031133000000000175e+04
1.498640000000000100e+03
3.423401999999999680e+04
2.062331000000000131e+04
3.705569000000000233e+04
3.106381000000000131e+04
1.010418099999999977e+05
2.568559999999999854e+04
4.575000000000000000e+04
7.038720000000000255e+03
8.918999999999999773e+02
1.462865999999999985e+04
1.013499999999999943e+02
4.663458000000000175e+04
5.648000000000000000e+03
1.343107399999999907e+05
2.015154000000000087e+04
2.453131999999999971e+04
7.655979999999999563e+03
4.453473999999999796e+04
9.076750000000000000e+03
1.335000000000000000e+04
6.528210000000000036e+03
1.192667000000000007e+04
2.500000000000000000e+03
5.108739999999999782e+03
1.142992000000000007e+04
2.176047999999999956e+04
1.737190000000000146e+04
1.531410000000000082e+03
8.956000000000000000e+04
9.908099999999999454e+02
1.168930000000000064e+03
3.200010000000000218e+03
5.356500000000000000e+04
1.820975000000000000e+04
4.958760000000000218e+03
1.041104999999999927e+04
7.403279999999999745e+03
1.079670000000000073e+03
2.289254000000000087e+04
4.785299999999999727e+02
1.408000000000000114e+02
2.686800000000000068e+02
1.382173999999999978e+04
1.166920000000000073e+03
2.277547999999999956e+04
4.476909999999999854e+03
4.141999999999999886e+02
5.083000000000000000e+03
4.539829999999999927e+03
3.485000000000000000e+03
1.061413699999999953e+05
1.455235000000000036e+04
2.992086000000000058e+04
1.952718999999999869e+04
1.684760599999999977e+05
1.129323999999999978e+04
4.755400000000000205e+02
7.965199999999999818e+02
1.120000000000000000e+04
3.034754999999999927e+04
3.255790000000000146e+04
2.178875999999999840e+04
1.776109999999999900e+03
2.348809999999999945e+03
1.572259000000000015e+04
1.881481000000000131e+04
4.174980000000000291e+04
2.438304999999999927e+04
2.113920000000000073e+03
3.181280000000000200e+03
5.858955999999999767e+04
1.029000000000000000e+03
5.106655000000000291e+04
2.152361000000000058e+04
6.392130000000000109e+03
3.040000000000000000e+03
1.920839999999999918e+03
1.117980000000000000e+05
2.127184000000000015e+04
4.754105999999999767e+04
2.816399999999999864e+02
3.268500000000000227e+02
7.501963999999999942e+04
1.223499999999999943e+02
2.241680100000000093e+05
8.931191000000000349e+04
1.050000000000000000e+03
1.057703000000000065e+04
2.045381000000000131e+04
3.019841999999999825e+04
3.412895999999999913e+04
4.524840000000000146e+04
7.210000000000000000e+04
1.634100700000000070e+05
7.436199999999999818e+03
3.085500000000000114e+02
4.269040000000000146e+04
3.579200000000000159e+02
6.466000000000000000e+04
5.024800000000000182e+02
1.147013999999999942e+05
6.875022000000000116e+04
2.246460000000000036e+03
6.904953999999999360e+04
4.423355000000000291e+04
4.242500000000000000e+04
1.310985799999999872e+05
2.874100000000000250e+02
1.210107700000000041e+05
1.069099999999999909e+03
8.282682000000000698e+04
3.345320000000000164e+03
1.455967000000000007e+04
9.733559999999999491e+03
9.354159999999999854e+03
7.972159999999999854e+03
2.448360000000000127e+03
1.822680000000000064e+03
4.396108999999999651e+04
6.895594000000000233e+04
3.122491999999999825e+04
4.316000000000000000e+03
1.700000000000000000e+03
5.524859999999999673e+03
1.920511000000000058e+04
5.198329999999999927e+03
1.144960000000000036e+03
4.535319999999999709e+03
4.872131999999999971e+04
3.801190000000000146e+04
2.586299999999999955e+02
1.666098399999999965e+05
3.475769999999999709e+04
1.119000000000000000e+03
2.357152000000000044e+04
1.089031999999999971e+04
4.052000000000000313e+01
2.582119999999999891e+03
4.016148999999999796e+04
4.287229999999999563e+03
4.247793000000000029e+04
1.417740000000000009e+03
4.082690000000000055e+03
7.083999999999999773e+02
1.762215000000000146e+04
8.068329999999999927e+03
5.687720999999999913e+04
1.995940000000000055e+03
3.305699999999999932e+02
1.795174000000000160e+04
1.350945000000000073e+04
4.749000000000000000e+03
6.898060000000000400e+03
5.000250000000000000e+03
6.121789999999999964e+03
2.892404999999999927e+04
1.913400000000000091e+03
2.373600000000000000e+04
7.637030000000000291e+04
8.460000000000000000e+04
5.523180000000000291e+03
1.242000000000000000e+03
4.425511699999999837e+05
7.498170000000000073e+03
5.000969999999999709e+04
4.311200000000000000e+04
2.335000000000000000e+02
1.833828900000000140e+05
2.365440000000000055e+03
1.048299999999999983e+02
6.287747000000000116e+04
2.365699999999999818e+03
2.243719999999999800e+03
6.422473999999999796e+04
2.433379999999999927e+04
1.059545000000000073e+04
3.953699999999999818e+03
7.051140000000000327e+03
9.435700000000000728e+03
5.009289999999999964e+03
8.075700000000000500e+02
3.753043000000000029e+04
5.188384999999999854e+04
1.472454000000000087e+04
1.990799000000000160e+04
4.314741599999999744e+05
1.693779999999999973e+03
4.256359999999999673e+03
2.525043000000000029e+04
1.389920000000000073e+03
1.275000000000000000e+04
8.264680000000000291e+03
3.303700000000000045e+02
8.140189999999999600e+03
7.550000000000000000e+01
1.220824499999999971e+05
2.000824100000000035e+05
2.276688999999999942e+04
9.346040000000000873e+03
7.550000000000000000e+01
1.697997000000000116e+04
4.876000000000000000e+03
7.888000000000000000e+04
2.069988999999999942e+04
9.866836999999999534e+04
6.024479999999999563e+03
1.380000000000000000e+03
1.882127999999999884e+04
4.368081999999999971e+04
2.006039999999999964e+03
2.615438999999999942e+04
8.935100000000000364e+03
1.218960000000000036e+03
5.898258000000000175e+04
1.849438000000000102e+04
1.649484000000000015e+04
9.175379999999999200e+03
1.115700000000000045e+03
1.712593699999999953e+05
4.453994000000000233e+04
2.184880000000000109e+03
2.906141999999999825e+04
2.941000000000000000e+03
1.160000000000000000e+03
5.351894000000000233e+04
1.725425000000000000e+04
2.652049600000000210e+05
4.936198000000000320e+04
1.958334000000000015e+04
6.392999999999999972e+01
2.526166999999999825e+04
2.649466999999999825e+04
1.095900000000000000e+04
5.918278399999999674e+05
1.482925799999999872e+05
3.276349999999999909e+03
2.548479999999999927e+04
1.315800000000000000e+04
4.669900000000000091e+02
7.088600000000000136e+02
1.469961000000000058e+04
1.279539999999999964e+03
2.392500000000000000e+02
3.432883999999999651e+04
8.512069999999999709e+03
3.596179999999999836e+03
3.280672000000000116e+04
8.590357000000000698e+04
1.735577999999999884e+04
1.666106000000000131e+04
2.587788000000000102e+04
3.922995999999999913e+04
2.678600000000000000e+04
9.126399999999999864e+02
1.106743000000000029e+04
6.850359999999999673e+03
2.054799999999999898e+02
1.164420000000000073e+03
1.917770000000000073e+04
3.841460000000000036e+03
2.444950999999999840e+04
1.818180000000000064e+03
3.287422000000000116e+04
1.926399999999999864e+02
1.584679000000000087e+04
7.200000000000000000e+03
1.047319999999999936e+03
6.042000000000000000e+03
1.406259999999999991e+03
1.209570000000000073e+04
1.574303000000000065e+04
4.791548000000000320e+04
4.660449999999999818e+03
4.465783000000000175e+04
4.323140000000000327e+03
1.100000000000000006e-01
3.298750000000000000e+03
1.090600000000000023e+02
2.894527000000000044e+04
3.826000000000000000e+03
7.351513000000000466e+04
1.333599999999999909e+03
9.598899999999999864e+02
7.098039999999999964e+03
3.232890000000000146e+04
7.888720000000000255e+03
1.723970000000000027e+03
1.335567000000000007e+04
3.932738999999999942e+04
3.179000000000000000e+04
2.343672999999999956e+04
3.274541999999999825e+04
1.015272999999999956e+04
2.079000000000000000e+03
1.402100000000000000e+04
2.300000000000000000e+03
1.808134000000000015e+04
2.629699999999999818e+03
2.560000000000000000e+04
9.377790000000000873e+03
9.300739999999999782e+03
8.705139999999999418e+03
3.720943000000000029e+04
5.507599999999999909e+02
3.814744000000000233e+04
1.877824000000000160e+04
2.589309999999999945e+03
2.873659999999999854e+04
4.889220000000000255e+03
2.271066999999999825e+04
6.083279000000000233e+05
7.763764999999999418e+04
8.690000000000000000e+02
1.320500000000000114e+02
5.146159999999999854e+03
2.500519999999999982e+03
6.261810000000000400e+03
1.897650000000000091e+03
8.264600000000000364e+02
1.814193999999999869e+04
3.538383999999999651e+04
8.407213000000000466e+04
3.207847999999999956e+04
1.667940700000000070e+05
3.476000000000000000e+04
6.328859999999999854e+04
8.237230999999999767e+04
1.600404999999999927e+04
2.346000000000000000e+03
4.132416000000000349e+04
8.332558999999999651e+04
2.002472999999999956e+04
8.688270000000000437e+03
3.825089500000000116e+05
1.814107799999999988e+05
1.275350000000000000e+04
5.409919999999999709e+04
5.802710000000000036e+03
1.213831300000000047e+05
1.698200000000000000e+04
1.007412000000000080e+04
8.660239999999999782e+03
2.439991999999999825e+04
5.667799999999999727e+02
5.583577999999999884e+04
1.630446999999999935e+04
6.189737999999999738e+04
1.650579999999999927e+03
1.590189999999999964e+04
3.819694999999999709e+04
7.463619999999999891e+03
3.789726000000000204e+04
9.833340000000000146e+03
2.700820000000000164e+03
2.200261999999999898e+04
4.230094500000000116e+05
3.373869000000000233e+04
4.340100000000000364e+03
9.908680000000000291e+04
3.150000000000000000e+03
2.086365000000000146e+04
1.746940999999999985e+04
7.104510000000000218e+03
1.966002000000000044e+04
8.562000000000000455e+02
1.070000000000000000e+04
5.855130000000000109e+03
3.060000000000000000e+04
9.799809999999999491e+03
2.535233000000000175e+04
3.187843999999999869e+04
2.214420000000000073e+04
4.586270999999999913e+04
3.893869999999999891e+03
6.581599999999999682e+02
6.567900999999999476e+04
3.700200000000000000e+04
4.400000000000000000e+03
2.441643999999999869e+04
9.995489999999999782e+03
1.185445999999999913e+04
1.205049999999999955e+03
2.856500000000000000e+04
1.903184000000000015e+04
4.803470000000000255e+03
1.421761000000000058e+04
1.274266699999999983e+05
1.834938000000000102e+04
1.859399999999999977e+02
2.788436000000000058e+04
1.045600000000000000e+04
1.500000000000000000e+04
9.625474000000000524e+04
1.600000000000000000e+03
3.422250000000000000e+04
4.529350000000000364e+03
8.334500000000000455e+02
7.736483000000000175e+04
9.437688000000000466e+04
1.299014999999999964e+04
1.492518000000000029e+04
2.932809000000000015e+04
5.640569999999999709e+04
1.428319999999999936e+03
1.451450000000000045e+03
1.084396499999999942e+05
2.710415000000000146e+04
9.686799999999999500e+02
6.699850000000000364e+03
2.178800000000000000e+04
3.270539999999999964e+03
1.254410099999999948e+05
3.606300000000000182e+03
2.648329999999999927e+03
3.947100000000000000e+04
2.667199999999999818e+03
2.067079999999999927e+03
1.314987000000000080e+04
2.934470000000000073e+04
2.138536000000000058e+04
4.086199999999999818e+03
4.010181999999999971e+04
1.711999999999999886e+02
1.262920000000000073e+04
1.136100000000000000e+04
7.622991999999999825e+04
6.299060000000000400e+03
1.132300000000000040e+02
1.067633999999999942e+05
4.810606999999999971e+04
3.305168000000000029e+04
9.703000000000000000e+03
9.400000000000000000e+03
5.254800000000000000e+04
8.425399999999999636e+02
8.106699999999999591e+02
3.662868000000000029e+04
6.000000000000000000e+02
1.949306999999999971e+04
3.328899999999999864e+02
1.860800000000000000e+04
5.390983999999999651e+04
4.565939999999999600e+03
1.918163999999999942e+04
2.288100000000000000e+04
4.424250000000000000e+03
1.074000000000000000e+03
1.481748999999999978e+04
2.338933000000000175e+04
6.868564999999999418e+04
1.341240999999999985e+04
5.503637000000000262e+04
4.520000000000000000e+02
1.086582999999999993e+04
4.347668400000000256e+05
1.462082999999999993e+04
3.282337999999999738e+04
1.802636000000000058e+04
3.221039799999999814e+05
1.365025100000000093e+05
3.590481999999999971e+04
6.945399999999999636e+02
2.515025000000000000e+04
9.853602000000000407e+04
2.571391999999999825e+04
2.500869999999999891e+03
1.620148999999999978e+04
3.140000000000000000e+02
2.387420000000000073e+04
4.763108000000000175e+04
3.879062000000000262e+04
8.217597999999999593e+04
1.677920000000000073e+03
2.597536000000000058e+04
1.831756999999999971e+04
2.170677000000000044e+04
1.244300000000000068e+02
3.730000000000000000e+03
2.167099999999999909e+03
9.050452000000000407e+04
3.463239999999999782e+03
1.590037999999999920e+04
5.060000000000000000e+02
4.319409999999999854e+04
8.159439999999999600e+03
9.554500000000000455e+02
1.085800000000000000e+04
4.000000000000000000e+03
1.475420999999999913e+04
2.184681000000000131e+04
1.790722999999999956e+04
5.203168800000000047e+05
1.872265999999999985e+04
9.479809999999999491e+03
1.815000000000000000e+04
1.520553000000000065e+04
4.250401000000000204e+04
4.999998999999999796e+04
1.574318399999999965e+05
1.469999999999999973e+00
8.320000000000000000e+03
6.332039999999999964e+03
2.100786000000000058e+04
1.285410000000000082e+03
1.562000000000000000e+03
2.034075000000000000e+04
5.213899999999999864e+02
2.750000000000000000e+02
6.476548000000000320e+04
5.525083000000000175e+04
3.431051999999999680e+04
2.727200000000000000e+04
2.230616999999999825e+04
1.078779999999999973e+03
4.912489999999999782e+03
3.351769000000000233e+04
3.448459999999999854e+04
7.997520000000000437e+03
3.632659999999999854e+03
2.233739999999999782e+03
2.118570000000000164e+03
6.289979999999999563e+03
4.437112999999999738e+04
6.893999999999999773e+02
1.659718999999999869e+04
3.057624000000000160e+04
1.265150000000000091e+03
2.033358000000000175e+04
2.534399999999999977e+02
1.656920000000000073e+04
6.333000000000000000e+03
6.168999999999999773e+01
2.422190000000000055e+03
4.175948000000000320e+04
3.113630000000000109e+03
1.607272999999999956e+04
3.661011500000000233e+05
2.314027000000000044e+04
1.993750999999999840e+04
1.355220000000000027e+03
8.800000000000000000e+02
5.220329000000000087e+04
4.628448999999999796e+04
1.723240000000000009e+03
8.956850000000000364e+03
2.870730000000000000e+05
3.216468000000000029e+04
2.073140999999999985e+04
2.670234000000000015e+04
3.129739999999999782e+03
9.054229999999999563e+03
2.735236000000000058e+04
2.526079999999999927e+04
4.116294999999999709e+04
3.077524000000000160e+04
8.423936000000000058e+04
9.587197000000000116e+04
1.317969000000000051e+04
1.557344000000000051e+04
1.802190000000000146e+04
2.882300000000000000e+04
3.144922999999999956e+04
3.333905000000000291e+04
2.965945000000000073e+04
4.152420000000000073e+03
1.388869999999999891e+03
3.771677999999999884e+04
2.351881700000000128e+05
8.036369999999999891e+03
2.809233000000000175e+04
2.945652000000000044e+04
1.562130000000000109e+03
1.800000000000000000e+04
1.916868000000000029e+04
4.581873000000000320e+04
5.246355000000000291e+04
3.084786000000000058e+04
1.539039999999999964e+03
1.064643000000000029e+04
1.670683000000000175e+04
7.698060000000000400e+03
8.025499999999999545e+02
1.301293800000000047e+05
1.967730000000000018e+03
3.968010000000000218e+03
1.351114999999999964e+04
1.000000000000000021e-02
1.242271999999999935e+04
4.247599999999999909e+02
8.120890000000000327e+03
6.341560000000000400e+03
1.403999999999999915e+01
2.546418000000000029e+04
1.972736000000000058e+04
3.099019999999999982e+03
2.365449000000000160e+04
1.607673999999999978e+04
1.736363999999999942e+04
1.232852000000000044e+04
4.765579999999999927e+03
6.213083999999999651e+04
5.121987000000000262e+04
2.137156999999999971e+04
5.811149999999999636e+03
2.279499999999999886e+02
5.131331999999999971e+04
9.934260000000000218e+03
2.204289999999999964e+03
4.105189999999999600e+03
2.613000000000000000e+04
1.496112000000000080e+04
5.341433000000000175e+04
9.885049999999999272e+03
3.438993000000000029e+04
9.085935000000000582e+04
6.096000000000000227e+02
3.515515700000000070e+05
5.445334999999999854e+04
9.855510000000000218e+03
1.150800000000000000e+04
2.596399999999999864e+02
1.158513399999999965e+05
1.081323999999999978e+04
1.057873999999999978e+04
3.992205999999999767e+04
6.469251999999999680e+04
2.355920000000000073e+03
1.453581999999999971e+04
1.472800000000000011e+02
5.084956999999999971e+04
5.911704000000000087e+04
1.320129999999999927e+04
9.050241999999999825e+04
6.147899999999999636e+03
4.066400000000000000e+04
4.444609999999999854e+04
3.003456999999999971e+04
1.017500000000000000e+04
5.563800799999999581e+05
1.967100000000000080e+02
2.581659999999999854e+03
6.001569999999999709e+03
1.553064200000000128e+05
5.569680000000000291e+03
1.018889999999999964e+04
8.795233000000000175e+04
9.589840000000000146e+03
2.927724000000000160e+04
1.372465700000000070e+05
6.001599999999999682e+02
1.997772000000000116e+04
4.809791000000000349e+04
5.932023000000000320e+04
2.881094000000000233e+05
6.373099999999999454e+02
7.599470000000000255e+03
9.192000000000000455e+02
1.429809999999999945e+03
3.505610000000000127e+03
9.495559999999999491e+03
1.025700000000000045e+03
3.164543000000000029e+04
8.034060000000000400e+03
3.850219999999999709e+04
2.444981999999999971e+04
4.213408999999999651e+04
2.606999000000000160e+04
3.866983999999999651e+04
9.658319999999999709e+03
3.399320000000000164e+03
1.776950000000000045e+03
4.560000000000000000e+03
7.462500000000000000e+04
2.267225999999999840e+04
1.178346999999999935e+04
1.409299999999999955e+03
5.008683000000000175e+04
2.618100000000000000e+04
2.659406999999999971e+04
3.402856999999999971e+04
1.205289999999999964e+03
1.139530299999999988e+05
1.185939999999999964e+04
1.383240000000000009e+03
9.302610000000000582e+03
1.510342000000000007e+04
1.066062299999999959e+05
2.121010000000000218e+03
6.982230000000000291e+04
4.818063999999999942e+04
1.845900999999999840e+04
3.765191000000000349e+04
1.583500000000000000e+03
2.708824000000000160e+04
1.668320000000000073e+04
2.976800000000000068e+02
2.049279000000000087e+04
1.914000000000000000e+03
2.077859999999999854e+04
2.668461999999999898e+04
3.474699999999999818e+03
6.113600000000000136e+02
2.389897000000000116e+04
2.558934000000000015e+04
3.358991999999999825e+04
1.898720000000000073e+04
5.353420000000000073e+03
1.104099999999999966e+02
3.111790000000000146e+04
4.000000000000000000e+04
3.374988999999999942e+04
6.124250000000000000e+03
8.701940000000000509e+03
5.280245999999999913e+04
1.332915700000000070e+05
1.746850000000000000e+04
5.417500000000000000e+02
2.812320000000000164e+03
1.180000000000000000e+04
2.575795000000000073e+04
9.548999999999999773e+02
1.203427100000000064e+05
5.011279999999999745e+03
4.896509999999999854e+04
3.284934999999999854e+04
3.540000000000000000e+04
3.455699999999999932e+02
1.492518000000000029e+04
2.613899999999999864e+02
3.531559999999999945e+03
1.969390000000000146e+04
1.305859000000000015e+04
7.620050000000000182e+03
3.828269999999999709e+04
5.017444999999999709e+04
2.580015000000000146e+04
2.999999999999999889e-02
1.945450999999999840e+04
1.142810000000000036e+04
4.706408999999999651e+04
3.033297000000000116e+04
3.497027999999999884e+04
2.776190000000000055e+03
7.808640000000000327e+03
1.398229000000000087e+04
9.120000000000000000e+02
2.064399999999999977e+02
3.538315000000000146e+04
7.227979999999999563e+03
2.543588000000000102e+04
2.682130000000000109e+03
2.698731000000000131e+04
7.439239999999999782e+03
2.129900000000000091e+02
1.822550000000000000e+04
5.932590000000000146e+03
4.412852500000000000e+05
2.000000000000000000e+03
7.712800000000000182e+03
6.820000000000000000e+02
5.296680000000000291e+03
1.429123999999999978e+04
7.560385000000000582e+04
9.856578999999999360e+04
1.200000000000000000e+04
2.659049000000000160e+04
7.229999999999999716e+01
3.397250000000000000e+03
1.150279999999999927e+04
1.920459000000000015e+04
1.167481999999999971e+04
2.010681999999999971e+04
1.024551000000000022e+04
3.034409999999999854e+03
5.664999999999999858e+01
2.532000000000000000e+04
4.196869999999999891e+03
4.252416000000000349e+04
2.055120999999999913e+04
2.450765000000000146e+04
2.742420000000000073e+03
1.337695000000000073e+04
3.200190000000000055e+03
3.984566999999999825e+04
3.974219999999999800e+03
2.436240000000000146e+04
3.588799999999999955e+02
1.810733500000000058e+05
1.559279999999999973e+03
1.373205999999999949e+04
2.300000000000000000e+03
1.165199999999999960e+02
1.452259000000000015e+04
7.206760000000000218e+03
8.002072999999999593e+04
1.934547999999999956e+04
1.507591700000000128e+05
2.070425000000000000e+04
8.115391999999999825e+04
5.909000000000000000e+03
3.867400000000000000e+04
2.272059999999999945e+03
8.375141999999999825e+04
1.239297999999999956e+04
9.229549999999999272e+03
2.624800000000000182e+02
4.162400000000000091e+02
1.427879999999999927e+04
1.090430999999999949e+04
3.596639999999999873e+03
2.691095999999999913e+04
1.220837000000000080e+04
6.440829999999999927e+03
3.553899999999999864e+02
2.577909999999999854e+03
1.406362999999999920e+04
1.376253000000000065e+04
5.033058000000000175e+04
8.886040000000000873e+03
3.087404999999999927e+04
4.462799999999999727e+02
1.375000000000000000e+03
4.503887000000000262e+04
2.804893000000000029e+04
1.402522999999999956e+04
7.006699999999999591e+02
9.711090000000000146e+03
2.880000000000000000e+04
2.894579999999999927e+03
2.050059999999999945e+03
3.691100000000000136e+02
5.172922000000000116e+04
2.232286999999999898e+04
1.122482999999999993e+04
1.055804000000000087e+04
1.773890000000000100e+03
1.909559999999999945e+03
4.466000000000000000e+04
2.356981999999999971e+04
4.845380000000000109e+03
1.769629000000000087e+04
1.095867000000000007e+04
1.157075000000000000e+04
6.837000000000000455e+02
1.234226000000000022e+04
2.123300000000000000e+05
2.670684999999999854e+04
2.836000000000000000e+03
6.071720000000000255e+03
2.966438000000000102e+04
2.397100000000000080e+02
3.081761000000000058e+04
6.474500000000000000e+03
1.401349899999999907e+05
1.264284000000000015e+04
8.670000000000000284e+01
4.438680000000000291e+03
1.619912399999999907e+05
3.905000000000000000e+04
6.394199999999999818e+03
7.618000000000000000e+04
8.606153999999999360e+04
2.500000000000000000e+03
1.334214999999999964e+04
1.764870000000000073e+04
5.366299999999999955e+02
1.555000000000000000e+03
7.772699999999999818e+02
7.215319000000000233e+04
4.302122000000000116e+04
1.429980000000000018e+03
5.145279999999999745e+03
4.688423999999999796e+04
5.038050000000000182e+03
6.422649999999999636e+03
3.305600000000000023e+02
3.182000000000000000e+03
1.257500000000000000e+04
7.200100000000000364e+03
1.587740000000000009e+03
1.565000000000000000e+04
9.900299999999999272e+03
1.230187999999999920e+04
3.105000000000000000e+03
3.725950000000000000e+04
2.185043999999999869e+04
1.132400000000000000e+04
2.204759999999999854e+04
4.315899999999999750e+02
1.505559999999999945e+03
1.626450000000000045e+03
8.054147999999999593e+04
8.201309999999999491e+03
8.997699999999999818e+02
7.463619999999999891e+03
2.003206999999999971e+04
5.393799999999999955e+02
3.728800000000000182e+03
1.512365999999999985e+04
3.063329799999999814e+05
1.091800000000000000e+04
6.137656999999999971e+04
3.986755000000000291e+04
3.713227999999999884e+04
3.923999999999999773e+02
3.540000000000000000e+02
7.498400000000000318e+02
1.010996999999999935e+04
3.067869999999999891e+03
1.344995999999999913e+04
7.003609999999999673e+03
9.150319000000000233e+04
1.720781000000000131e+04
7.985316000000000349e+04
1.683897000000000116e+04
1.419399999999999977e+02
1.762738999999999942e+04
1.432507999999999993e+04
1.999660000000000082e+03
3.915909999999999854e+03
5.313000000000000000e+03
2.778463000000000102e+04
1.591196999999999935e+04
2.542715000000000146e+04
1.214144000000000051e+04
8.440000000000000000e+02
1.680349999999999909e+03
1.689409999999999854e+04
2.219199999999999875e+02
1.911984000000000015e+04
6.203319999999999709e+03
1.475746999999999935e+04
5.961899999999999636e+03
1.608038999999999942e+04
8.460000000000000000e+02
6.762550000000000182e+03
1.097121999999999935e+04
1.240130000000000109e+03
2.324099999999999966e+02
8.102650000000000000e+04
6.934000000000000000e+03
3.915909999999999854e+03
1.710900999999999840e+04
8.947699999999999818e+02
3.181490999999999985e+04
1.963799999999999955e+02
7.600069999999999709e+03
2.300000000000000000e+04
3.289800000000000182e+03
1.022679999999999927e+04
1.662684000000000015e+04
2.240540999999999985e+04
4.343700000000000045e+02
4.896509999999999854e+04
6.474060000000000400e+03
1.892441199999999953e+05
1.114119999999999891e+03
5.615483000000000175e+04
9.747400000000000091e+02
4.071225000000000000e+04
5.140989999999999782e+03
1.681854299999999930e+05
6.294400000000000546e+02
5.800000000000000000e+03
1.676699999999999875e+02
3.500000000000000000e+03
2.923022999999999956e+04
4.344989999999999782e+03
4.761598999999999796e+04
1.815000000000000000e+04
9.710399999999999636e+03
1.570906999999999971e+04
4.371209999999999854e+04
9.544709999999999127e+03
8.153710000000000036e+03
9.951500000000000000e+03
1.822138999999999942e+04
1.757250000000000000e+04
3.583809999999999945e+03
6.841630000000000109e+03
1.199164999999999964e+04
1.741795000000000073e+04
2.111530000000000200e+03
3.601879000000000087e+04
6.600329999999999927e+03
1.680000000000000000e+02
1.536896999999999935e+04
4.080000000000000000e+04
1.471020999999999913e+04
9.711700000000000728e+03
1.080000000000000000e+03
9.723059999999999491e+03
4.080000000000000000e+03
2.492099999999999909e+03
1.163390000000000100e+03
2.302369999999999891e+03
5.190740000000000146e+04
1.198308899999999994e+05
1.980000000000000000e+03
1.800000000000000000e+03
1.558670000000000073e+03
1.826372999999999956e+04
1.254980999999999949e+04
6.920000000000000000e+02
6.844791999999999825e+04
1.034317000000000007e+04
6.292000000000000455e+02
1.051665999999999985e+04
1.100120000000000073e+04
8.932300000000000182e+02
2.353124400000000023e+05
1.789918999999999869e+04
1.016095999999999913e+04
6.000600000000000364e+03
1.106556999999999971e+04
3.552884999999999854e+04
1.477785000000000036e+04
1.446545000000000073e+04
1.085900000000000034e+02
5.941769000000000233e+04
5.154050000000000182e+03
2.400000000000000000e+03
9.301540000000000873e+03
6.265720000000000255e+03
2.604724000000000160e+04
5.903776000000000204e+04
7.499999000000000524e+04
3.685145999999999913e+04
1.950000000000000000e+04
1.306679999999999927e+04
1.161200000000000045e+03
2.244661000000000058e+04
1.375093000000000029e+04
1.800995999999999913e+04
1.181420000000000073e+03
8.376399999999999864e+02
5.090269000000000233e+04
2.988599000000000160e+04
2.205531000000000131e+04
5.078155000000000291e+04
1.511545000000000073e+04
3.455870999999999913e+04
8.980000000000000000e+03
3.925799999999999841e+02
2.633454999999999927e+04
3.286630000000000291e+04
1.094287999999999920e+04
2.681108000000000175e+04
6.921282000000000698e+04
1.001923999999999978e+04
1.537795000000000073e+04
7.829094999999999709e+04
3.370873999999999796e+04
7.305800000000000182e+03
1.870038999999999942e+04
1.797770000000000073e+04
3.131059999999999945e+03
1.770193999999999869e+04
2.026299999999999955e+03
1.735579999999999927e+03
1.583090199999999895e+05
1.200000000000000000e+03
1.004721999999999935e+04
2.443865000000000146e+04
3.647155999999999767e+04
1.898059999999999945e+03
3.611519999999999982e+03
1.844640999999999985e+04
1.637770999999999913e+04
2.193600000000000000e+04
4.520000000000000000e+03
4.783700000000000045e+02
7.097129200000000419e+05
5.010159999999999854e+03
2.356904999999999927e+04
5.236460000000000036e+03
2.519558000000000175e+04
6.141619999999999891e+03
3.416000000000000000e+04
7.850413000000000466e+04
3.149000000000000000e+03
2.405269999999999982e+03
2.505510000000000218e+03
5.200000000000000000e+03
9.707500000000000000e+02
5.333600000000000364e+03
1.487603000000000065e+04
4.297119000000000233e+04
1.345779999999999973e+03
2.760000000000000000e+04
1.808400000000000000e+05
1.120000000000000000e+04
3.723260000000000218e+03
4.856720000000000255e+03
7.647720000000000255e+03
2.203230000000000018e+03
2.859700000000000273e+02
1.633599999999999909e+03
1.396482600000000093e+05
3.154506000000000131e+04
7.676299999999999955e+02
2.710159999999999854e+04
4.450000000000000000e+04
1.500000000000000000e+04
5.045988800000000047e+05
3.667837000000000262e+04
5.546322000000000116e+04
5.906489999999999782e+03
9.962341000000000349e+04
2.003131999999999971e+04
1.896509000000000015e+04
8.302520000000000437e+03
1.513504000000000087e+04
1.672849999999999909e+03
2.502449999999999818e+03
2.218165999999999985e+04
1.173673999999999978e+04
5.772300000000000182e+02
2.203790000000000146e+04
7.170282000000000698e+04
1.152414999999999964e+04
2.645445000000000073e+04
4.376261000000000058e+04
2.158625999999999840e+04
1.241200000000000000e+04
3.726225000000000000e+04
9.966110000000000582e+03
1.865000000000000000e+04
7.535999999999999943e+01
1.426650000000000091e+03
5.864120999999999913e+04
4.885963999999999942e+04
5.194000000000000000e+03
3.312441999999999825e+04
3.995191999999999825e+04
2.138781099999999860e+05
2.811913999999999942e+04
8.230170000000000073e+03
2.552011999999999898e+04
9.501049999999999272e+03
9.703079999999999927e+03
2.726225000000000000e+04
2.346099000000000160e+04
2.264199999999999818e+03
1.740868000000000029e+04
1.324737799999999988e+05
1.592396499999999942e+05
4.071000000000000000e+03
1.379893000000000029e+04
8.165521000000000640e+04
3.827920000000000073e+03
1.319715999999999985e+04
1.591200000000000000e+05
6.484687000000000262e+04
8.430000000000000000e+04
1.661038999999999942e+04
1.452252000000000044e+04
1.180073399999999965e+05
9.652829999999999927e+03
5.549000000000000000e+03
1.397300000000000000e+04
8.450079999999999927e+03
5.018750000000000000e+03
3.875515000000000146e+04
8.823829999999999927e+03
3.525084999999999854e+04
7.230119999999999891e+03
5.802819999999999709e+03
6.778563999999999942e+04
1.325177699999999895e+05
5.506869999999999891e+03
2.591619999999999891e+03
3.950000000000000000e+02
2.224456999999999971e+04
2.169625000000000000e+04
8.928459999999999127e+03
6.293700000000000045e+02
7.927149999999999636e+03
8.669199999999999591e+02
2.793654999999999927e+04
1.198843000000000029e+04
3.663700000000000045e+02
6.139760000000000218e+03
1.324284599999999919e+05
1.424403000000000065e+04
1.767593000000000029e+04
1.708400000000000000e+04
4.739680999999999767e+04
5.534810000000000400e+03
2.710397000000000116e+04
7.874850000000000364e+03
4.620000000000000000e+03
1.397514999999999964e+04
8.213300000000000409e+02
4.482239999999999782e+03
1.055375800000000017e+05
7.373000000000000000e+03
6.669582000000000698e+04
1.458334000000000015e+04
5.008516000000000349e+04
3.834454000000000087e+04
6.500323000000000320e+04
1.696304999999999927e+04
2.898936000000000058e+04
7.000000000000000000e+02
7.421310000000000400e+03
2.530225000000000000e+04
8.164199999999999591e+02
1.824236000000000058e+04
1.568470000000000073e+04
1.130121999999999935e+04
5.869419000000000233e+04
1.002240000000000009e+03
3.671945999999999913e+04
1.871195000000000073e+04
3.143469999999999800e+03
2.664297000000000116e+04
1.266514999999999964e+04
7.080029999999999745e+03
6.734080000000000291e+04
1.772464599999999919e+05
7.070703999999999360e+04
1.379440000000000055e+03
1.282538999999999942e+04
1.539997999999999956e+04
3.730489999999999782e+03
1.000000000000000021e-02
5.353659999999999854e+04
1.950000000000000000e+03
8.398209999999999127e+03
2.973399999999999750e+02
1.559400000000000000e+04
8.598760000000000218e+03
7.471399999999999864e+02
7.600000000000000000e+03
3.103100000000000023e+02
4.514863999999999942e+04
2.857202999999999884e+04
2.938700000000000045e+02
4.058360000000000127e+03
7.187899999999999636e+02
2.796359999999999854e+04
3.436672199999999721e+05
4.750479999999999563e+03
3.199600000000000000e+04
3.824759999999999854e+04
1.200000000000000000e+03
1.758718000000000029e+04
4.378577999999999884e+04
8.209149999999999636e+03
2.038100000000000000e+04
1.199512000000000080e+04
4.512862999999999738e+04
5.934199999999999591e+02
7.369300000000000182e+03
2.044672000000000116e+04
2.274039999999999964e+03
2.915302999999999884e+04
1.600503000000000065e+04
5.525779999999999745e+03
5.957140000000000327e+03
3.300000000000000000e+02
1.505000000000000000e+02
5.793400000000000318e+02
6.190000000000000000e+02
5.601738999999999942e+04
1.084852000000000044e+04
1.270500000000000000e+03
9.590719999999999345e+03
2.958093999999999869e+04
1.449980000000000018e+03
3.908929999999999836e+03
4.750619999999999891e+03
9.384420000000000073e+03
2.143449999999999818e+03
1.036082999999999993e+04
5.259800000000000000e+04
5.661006999999999971e+04
3.841865000000000146e+04
8.306499999999999773e+02
1.175261300000000047e+05
1.774618000000000029e+04
5.141591000000000349e+04
2.438047000000000116e+04
3.650734400000000023e+05
3.209941999999999825e+04
1.714959999999999854e+04
2.926899899999999907e+05
3.821655000000000291e+04
9.325510000000000218e+03
3.149545000000000073e+04
7.411000000000000227e+02
9.779399999999999636e+03
4.913720000000000255e+03
1.521810000000000036e+04
6.230979999999999563e+03
3.620000000000000000e+03
4.543397000000000116e+04
2.769679999999999836e+03
1.597437399999999907e+05
1.386620100000000093e+05
2.355900000000000000e+04
6.354500000000000455e+02
1.932381000000000131e+04
2.088121300000000047e+05
1.957330000000000000e+05
2.146727999999999884e+04
6.461312000000000262e+04
3.810813999999999942e+04
6.440004000000000087e+04
2.391845000000000073e+04
8.071880000000000109e+03
6.622225999999999476e+04
6.710800000000000182e+03
1.386800000000000000e+04
2.465000000000000000e+03
4.158731999999999971e+04
1.137448999999999978e+04
7.426000000000000227e+02
1.283502000000000044e+04
3.150863999999999942e+04
2.661999999999999886e+02
7.986000000000000227e+02
3.448000000000000114e+02
2.949300000000000182e+03
5.431276000000000204e+04
9.024608000000000175e+04
1.053039999999999964e+04
1.379134000000000015e+04
3.580639999999999873e+03
1.564764999999999964e+04
3.842895999999999913e+04
1.630966799999999930e+05
8.216479999999999563e+03
6.950652999999999884e+04
3.618580000000000291e+04
2.444950999999999840e+04
6.641242999999999302e+04
3.735480000000000291e+04
1.846599000000000160e+04
2.476661999999999898e+04
1.108400000000000034e+02
2.946290000000000146e+04
1.093937999999999920e+04
9.150000000000000000e+01
1.510646999999999935e+04
3.133083000000000175e+04
1.466454000000000087e+04
2.721581000000000131e+04
5.810000000000000000e+02
3.294797000000000116e+04
9.917350000000000364e+03
9.588050999999999476e+04
9.874500000000000455e+02
1.452072999999999956e+04
2.238747999999999956e+04
8.720000000000000000e+03
3.241975000000000000e+04
5.827263999999999942e+04
1.999200000000000000e+04
2.835259000000000015e+04
3.221920000000000073e+03
2.147100000000000080e+02
5.369600000000000364e+02
8.423936000000000058e+04
7.459830000000000291e+04
4.110199999999999818e+02
4.632205999999999767e+04
1.712572000000000116e+04
1.666775999999999840e+04
1.676909000000000015e+04
3.928655999999999767e+04
6.869600000000000364e+02
3.004134999999999854e+04
1.090839999999999964e+04
7.837229999999999563e+03
1.200000000000000000e+04
8.950399999999999636e+02
1.550789999999999964e+03
3.568548999999999796e+04
1.143187999999999920e+04
1.796559999999999945e+03
7.557710000000000036e+03
2.930418999999999869e+04
1.063297999999999956e+04
4.124800000000000182e+02
8.070479999999999563e+03
3.015408000000000175e+04
1.920500000000000000e+04
1.016535200000000041e+05
5.110000000000000320e+00
6.977130000000000109e+03
7.200000000000000000e+03
3.346295999999999913e+04
3.917587999999999738e+04
3.594005000000000291e+04
8.638664999999999418e+04
3.615445999999999913e+04
4.579989999999999782e+03
2.981000000000000227e+02
1.061829000000000087e+04
1.200246999999999935e+04
5.083000000000000000e+03
2.930459999999999854e+04
2.134849999999999909e+03
1.280000000000000000e+03
7.052400000000000091e+02
5.140000000000000000e+02
9.573400000000000318e+02
8.508200000000000728e+03
1.514359999999999900e+03
7.653200000000000500e+02
2.632500000000000000e+04
5.546000000000000085e+01
2.231200000000000045e+02
2.444466999999999825e+04
7.284949999999999818e+03
8.725108000000000175e+04
5.112279999999999745e+03
2.493050000000000000e+04
6.232149999999999636e+03
1.247705999999999949e+04
8.243400000000000318e+02
8.838800000000000000e+04
9.070000000000000000e+03
1.728647999999999956e+04
4.139076000000000204e+04
1.925497000000000116e+04
2.057050000000000182e+03
3.000329999999999927e+04
1.622288099999999977e+05
2.562000000000000000e+04
6.451039999999999964e+03
1.536592000000000007e+04
3.570000000000000000e+02
2.658902999999999884e+04
4.169998000000000320e+04
1.222686300000000047e+05
6.397562999999999738e+04
6.783000000000000000e+03
4.265331999999999971e+04
1.273119999999999891e+03
2.468000000000000000e+04
2.300000000000000000e+03
9.651459999999999127e+03
7.212350000000000364e+03
2.079468999999999869e+04
2.500641999999999825e+04
1.500000000000000000e+03
1.349934000000000015e+04
4.894144000000000233e+04
7.847999999999999545e+02
2.943793999999999869e+04
1.808183000000000175e+04
4.328670000000000073e+03
2.364519999999999982e+03
4.505390000000000327e+03
1.584339999999999918e+03
1.502089999999999918e+03
5.681260000000000218e+03
1.312569999999999936e+03
4.366041000000000349e+04
8.886000000000000227e+02
6.974980000000000291e+04
1.450285000000000036e+04
1.032900000000000063e+02
4.212000000000000000e+03
8.218319999999999709e+03
9.520000000000000000e+02
7.933899999999999864e+02
1.200000000000000000e+04
7.934729999999999563e+03
5.983840000000000146e+03
1.882786499999999942e+05
3.184093999999999869e+04
3.497637999999999738e+04
2.307679000000000087e+04
5.494218000000000029e+04
1.435759999999999991e+03
2.750000000000000000e+02
7.183300000000000409e+02
2.775304400000000023e+05
5.509920000000000073e+03
2.336510000000000218e+03
4.151909999999999854e+03
1.120220999999999913e+04
8.740000000000000000e+03
2.927409999999999854e+03
1.761861000000000058e+04
2.342263699999999953e+05
5.560000000000000000e+03
1.230619999999999891e+03
1.509226000000000022e+04
6.276270000000000437e+03
1.444684800000000105e+05
5.640000000000000000e+03
1.330939999999999964e+04
1.030610000000000000e+05
1.866938999999999942e+04
2.359000000000000000e+03
5.250000000000000000e+04
1.502319999999999936e+03
2.239670000000000073e+04
2.080138000000000102e+04
1.484901000000000022e+04
3.579200000000000159e+02
8.810340000000000146e+03
1.308762000000000080e+04
1.662449000000000160e+04
2.974479000000000087e+04
8.751600000000000364e+03
8.704799999999999272e+03
3.233700000000000045e+02
8.077699999999999818e+02
2.000000000000000000e+04
1.369052000000000044e+04
3.157800000000000000e+04
1.912500000000000000e+04
5.027630000000000109e+03
2.104461000000000058e+04
1.918100000000000000e+04
9.312794000000000233e+04
3.903894000000000233e+04
1.425309999999999945e+03
4.092599999999999909e+02
2.068400000000000034e+02
3.030000000000000000e+04
6.010845999999999913e+04
9.088700000000000045e+02
1.741222999999999956e+04
3.175199999999999818e+02
8.000000000000000000e+02
3.607683000000000175e+04
5.525000000000000000e+03
3.131988000000000102e+04
2.343195999999999913e+04
2.818369999999999891e+03
8.482400000000000091e+02
2.600000000000000000e+02
1.927799999999999955e+03
7.047042099999999627e+05
1.088455999999999949e+04
1.545413500000000058e+05
6.050000000000000000e+03
9.194899999999999636e+03
3.273900000000000091e+03
2.565619999999999891e+03
8.193247000000000116e+04
2.100400000000000000e+04
5.433000000000000000e+04
8.886683000000000175e+04
1.343925400000000081e+05
8.250010000000000218e+03
2.757409000000000015e+04
6.731409999999999854e+03
5.415700000000000500e+02
5.614675000000000000e+04
3.841090000000000146e+04
3.145899000000000160e+04
2.000000000000000000e+03
1.235104999999999927e+04
1.571213999999999942e+04
1.003144100000000035e+05
7.264400000000000546e+02
2.609075999999999840e+04
2.439010000000000218e+03
5.191229999999999563e+03
7.756609999999999673e+03
1.683575999999999840e+04
3.393304000000000087e+04
5.266287999999999738e+04
1.925900000000000000e+04
1.134498500000000058e+05
4.906000000000000000e+03
4.462079999999999927e+03
1.247946999999999935e+04
3.264970000000000073e+04
5.764241999999999825e+04
5.751399999999999636e+03
2.187120000000000073e+04
6.934951199999999953e+05
1.801095000000000073e+04
1.753658189999999944e+06
7.525619999999999891e+03
5.199926000000000204e+04
1.306450000000000045e+03
3.240690000000000055e+03
3.089945000000000073e+04
9.182599999999999909e+02
3.400000000000000000e+02
6.164276999999999680e+04
1.050754000000000087e+04
2.274800000000000182e+03
1.286589999999999964e+04
4.198027999999999884e+04
1.346940000000000055e+03
5.514729999999999563e+03
7.183340000000000146e+03
4.472787000000000262e+04
1.392265999999999985e+04
1.409972999999999956e+04
7.786260000000000218e+03
2.300418000000000029e+04
3.515248999999999796e+04
4.133779999999999745e+03
4.147000000000000000e+03
4.600000000000000000e+03
1.989995000000000073e+04
9.793811000000000058e+04
8.750000000000000000e+03
4.503310000000000400e+03
2.127500000000000000e+04
9.225590000000000146e+03
2.939977000000000044e+04
3.246084000000000015e+04
1.374140000000000100e+03
1.685292000000000116e+05
2.554110000000000127e+03
9.862000000000000455e+01
4.402000000000000000e+03
4.328380000000000109e+03
4.293399999999999636e+03
3.160004999999999927e+04
1.210020000000000073e+04
2.256609999999999854e+04
2.272722000000000116e+04
1.282264999999999964e+04
4.375760000000000218e+03
1.713263999999999942e+04
4.348500000000000227e+02
1.660399999999999920e+02
5.540819999999999709e+03
8.765049000000000524e+04
2.873120999999999913e+04
2.986052000000000044e+04
3.502548000000000320e+04
1.854000000000000000e+04
1.068539999999999964e+04
4.659520000000000000e+05
1.135127000000000044e+04
2.634139999999999873e+03
3.041200000000000045e+02
1.469035000000000036e+04
1.150700000000000000e+04
2.902210000000000036e+03
2.774141999999999825e+04
9.057120000000000800e+03
1.405200000000000045e+03
2.807011999999999898e+04
9.534100000000000364e+03
1.081376000000000022e+04
2.413220999999999913e+04
2.389443000000000029e+04
5.038689999999999600e+03
1.540135000000000036e+04
2.023500000000000000e+04
1.587201000000000022e+04
4.163600000000000000e+04
4.435223999999999796e+04
5.839260000000000218e+03
2.172329999999999927e+03
1.982943000000000029e+04
4.448000000000000114e+02
1.213200000000000000e+04
1.005872999999999956e+04
7.978808000000000175e+04
1.236229999999999927e+04
2.479340000000000146e+03
3.781800000000000000e+04
4.600694000000000233e+04
2.788300000000000000e+04
1.366081999999999971e+04
1.859400000000000000e+04
1.642620999999999913e+04
1.440030999999999949e+04
3.941870999999999913e+04
2.379699999999999989e+02
5.928230999999999767e+04
3.897400000000000091e+02
5.614590000000000146e+03
5.305800000000000409e+02
1.847158000000000175e+04
3.840000000000000000e+03
6.099600000000000364e+03
1.218000000000000000e+04
8.140500000000000000e+04
2.592019999999999982e+03
3.846519000000000233e+04
2.802829999999999927e+03
5.022699999999999818e+02
1.559935000000000036e+04
3.200000000000000000e+02
4.279787000000000262e+04
8.323297999999999593e+04
2.819730000000000018e+03
4.956550000000000182e+03
1.646034999999999854e+04
7.271310000000000400e+03
4.950890200000000186e+05
5.569199999999999818e+03
1.348231999999999971e+04
9.022000000000000000e+03
1.787279999999999973e+03
2.236215999999999985e+04
1.352630999999999949e+04
1.604265999999999985e+04
9.436399999999999864e+02
3.200284000000000015e+04
3.192900000000000205e+02
8.634700000000000273e+02
1.710300999999999840e+04
4.170189999999999600e+03
2.848000000000000114e+02
1.193019000000000051e+04
3.715730999999999767e+04
4.917050000000000182e+03
5.406859999999999673e+03
7.232739999999999782e+03
1.042813999999999942e+04
1.351187600000000093e+05
3.228047000000000116e+04
1.922081999999999971e+04
6.140731999999999971e+04
4.000000000000000000e+03
7.817300999999999476e+04
6.697791000000000349e+04
5.444659999999999854e+03
3.567826000000000204e+04
3.718899999999999864e+02
7.758590000000000146e+03
7.463289999999999964e+03
5.062500000000000000e+03
3.920840000000000146e+03
1.201733999999999942e+05
9.778739999999999782e+03
2.176047999999999956e+04
5.590034200000000419e+05
3.960000000000000000e+03
5.187500000000000000e+03
5.681680000000000291e+03
2.683299999999999841e+02
5.447180000000000291e+03
1.400000000000000000e+04
2.985239999999999782e+03
1.291752000000000044e+04
3.957599999999999909e+03
4.643340000000000146e+03
6.782999999999999545e+02
3.244952000000000044e+04
8.630799999999999272e+03
5.094030000000000291e+04
1.168073999999999978e+04
1.338571999999999935e+04
1.988313000000000102e+04
1.845210000000000036e+03
1.696059999999999854e+04
2.315595999999999913e+04
1.257793000000000029e+04
4.964599999999999795e+02
2.184006999999999971e+04
1.514200000000000045e+03
3.095900000000000000e+04
5.429420000000000073e+03
1.751849999999999909e+03
1.785000000000000000e+04
4.651600000000000364e+03
1.122220000000000027e+03
2.246530000000000200e+03
5.777100000000000364e+02
3.772699999999999818e+02
2.986279000000000087e+04
1.126722999999999956e+04
3.143604099999999744e+05
7.397732000000000698e+04
1.260815709999999963e+06
3.573931999999999971e+04
6.138012999999999738e+04
4.549462000000000262e+04
8.288770000000000437e+03
1.643790000000000146e+04
1.386699999999999875e+02
3.154399999999999977e+02
1.606272999999999956e+04
9.880700000000000728e+03
2.292300000000000000e+04
6.640000000000000000e+03
1.229407999999999993e+04
1.741600000000000000e+04
3.003390000000000146e+04
8.082230999999999767e+04
3.565000000000000000e+03
4.376579999999999927e+03
1.452539999999999964e+04
1.657854000000000087e+04
1.184281999999999971e+04
8.353600000000000364e+03
1.200164999999999964e+04
1.743997000000000116e+04
2.223081999999999971e+04
1.884813000000000102e+04
5.913099999999999454e+02
1.432275000000000000e+04
1.122220000000000027e+03
5.623201000000000204e+04
6.837213000000000466e+04
2.963538000000000102e+04
3.899500000000000000e+03
3.453329999999999927e+03
1.798000000000000000e+03
6.440004000000000087e+04
2.578171799999999930e+05
8.421041999999999825e+04
1.917768999999999869e+04
8.805492999999999302e+04
5.539100000000000364e+03
4.110791999999999825e+04
2.331350999999999840e+04
2.282361000000000058e+04
5.011168000000000029e+04
2.760000000000000000e+04
9.767909999999999854e+03
1.118470999999999913e+04
3.412654000000000087e+04
2.609300000000000000e+04
5.698220000000000255e+03
1.997000000000000000e+03
2.607165000000000146e+04
2.080000000000000000e+03
4.765960000000000036e+03
1.338571999999999935e+04
1.505000000000000000e+03
5.414666999999999825e+04
6.489444999999999709e+04
4.673294999999999709e+04
1.637354999999999927e+04
1.690597000000000116e+04
1.344470000000000073e+04
3.791230000000000018e+03
7.037760000000000218e+03
3.046087500000000000e+05
4.450000000000000000e+04
8.622990000000000000e+05
2.221859999999999854e+04
3.587358999999999651e+04
8.380799999999999272e+03
7.920000000000000000e+03
1.338539999999999964e+03
2.135450799999999872e+05
2.869511199999999953e+05
1.481039999999999964e+03
2.410879000000000087e+04
2.904006999999999971e+04
8.134213000000000466e+04
3.140600000000000023e+02
8.429750000000000000e+03
6.234600000000000364e+03
2.871000000000000000e+03
2.800113999999999942e+04
4.895989999999999782e+03
1.735361000000000058e+04
1.066022999999999956e+04
7.088600000000000136e+02
6.775742999999999302e+04
9.214075999999999476e+04
1.000000000000000000e+03
4.975468000000000029e+04
1.600000000000000000e+02
2.327940000000000055e+03
1.083819999999999936e+03
1.211380000000000109e+03
2.757997999999999956e+04
9.256190000000000509e+03
5.889997000000000116e+04
3.197609999999999854e+04
8.875569999999999709e+03
3.330900000000000091e+03
1.850000000000000000e+03
4.683958999999999651e+04
3.680199999999999818e+02
1.695259000000000015e+04
9.723899999999999636e+03
5.384837999999999738e+04
2.484384000000000015e+04
5.163770000000000437e+03
2.202802999999999884e+04
6.973799999999999955e+02
1.983470999999999913e+04
1.097600000000000051e+02
9.914440000000000509e+03
5.333600000000000364e+03
1.224041699999999983e+05
9.819038000000000466e+04
1.123088999999999942e+04
7.317899999999999636e+02
4.835905000000000291e+04
1.477160000000000036e+04
7.400229999999999563e+03
2.228499999999999943e+02
5.392004599999999627e+05
1.037439799999999959e+05
1.722279999999999973e+03
6.846752000000000407e+04
1.393880000000000109e+03
1.800002000000000044e+04
1.469634000000000015e+04
1.223914999999999964e+04
1.745981999999999971e+04
1.601599999999999966e+02
2.410100000000000000e+04
8.328590000000000146e+03
3.166840000000000146e+04
1.516940999999999985e+04
2.315480000000000000e+05
1.342324100000000035e+05
2.388499999999999943e+02
8.271610000000000582e+03
1.760674700000000012e+05
2.976993999999999869e+04
5.384837999999999738e+04
1.564529000000000087e+04
1.160000000000000000e+04
2.652172999999999956e+04
1.364529999999999973e+03
3.661419999999999709e+04
3.273900000000000091e+03
1.579878000000000065e+04
3.887469999999999709e+04
1.155300000000000011e+02
1.953631400000000140e+05
9.798719999999999345e+03
4.967140000000000327e+03
4.833399999999999750e+02
1.472250000000000000e+04
5.637400000000000091e+02
2.070381999999999971e+04
2.027766999999999825e+04
8.182489999999999782e+03
1.093750000000000000e+03
2.478604999999999927e+04
5.224409999999999854e+04
2.506140000000000146e+04
2.946885100000000093e+05
4.711422000000000116e+04
1.725100000000000000e+04
7.047529999999999745e+03
3.007795000000000073e+04
4.668750000000000000e+04
6.491981999999999971e+04
9.410644999999999709e+04
2.045381000000000131e+04
5.938600000000000136e+02
4.330560000000000400e+03
5.021170000000000073e+03
3.719969999999999800e+03
5.245000000000000284e+01
1.134500000000000028e+02
1.441945999999999913e+04
1.144887999999999920e+04
2.399054999999999927e+04
5.100000000000000000e+03
1.960799999999999955e+03
6.250680999999999767e+04
3.510099999999999909e+02
1.126619000000000051e+04
5.332723999999999796e+04
5.137840000000000146e+04
3.758500000000000227e+02
4.244619999999999891e+03
2.104066999999999825e+04
1.395630000000000109e+03
2.021309999999999945e+03
8.400000000000000000e+03
5.110699999999999932e+02
1.265207999999999993e+04
8.242383000000000175e+04
3.505799999999999841e+02
4.800000000000000000e+04
2.940159999999999854e+03
5.793400000000000318e+02
1.963529999999999927e+04
7.272460000000000036e+03
3.221699999999999818e+03
8.115460000000000036e+03
6.385800000000000409e+02
1.581901000000000022e+04
7.303200000000000000e+04
8.807000000000000455e+02
1.247463999999999942e+04
2.683911000000000058e+04
2.811913999999999942e+04
1.000000000000000021e-02
5.245000000000000000e+04
3.637463999999999942e+04
5.801399999999999864e+02
3.020759999999999854e+04
2.030779999999999973e+03
1.747306999999999971e+04
2.385649000000000160e+04
1.874425000000000000e+04
1.695925000000000000e+04
1.580517600000000093e+05
1.065957700000000041e+05
1.737424000000000160e+04
3.575965000000000146e+04
1.637789999999999964e+03
5.099048000000000320e+04
1.032000000000000000e+03
2.555418000000000029e+04
1.355150000000000091e+03
2.368779999999999927e+04
1.459789999999999964e+03
1.431788999999999942e+04
6.906220000000000255e+03
1.929630000000000109e+03
1.132900099999999948e+05
9.600000000000000000e+03
7.230000000000000000e+04
4.174800000000000182e+02
3.748550000000000182e+03
1.303223999999999978e+04
6.310040000000000146e+04
1.680000000000000000e+04
5.438609999999999673e+03
2.779909999999999854e+03
5.525000000000000000e+02
6.758319999999999709e+03
6.549272000000000116e+04
3.760000000000000000e+04
3.131452000000000044e+04
2.400000000000000000e+03
1.081971799999999930e+05
1.094180999999999949e+04
6.327280999999999767e+04
6.055544999999999709e+04
5.984813999999999942e+04
4.805099999999999909e+02
2.502670000000000073e+03
4.566119999999999891e+03
1.184240000000000009e+03
8.047439999999999600e+03
7.127400000000000091e+02
1.431461000000000058e+04
6.974275000000000000e+04
2.500869999999999891e+03
1.760779999999999927e+04
2.292650000000000000e+04
2.603313000000000102e+04
1.328392000000000007e+04
6.392569999999999709e+03
1.361899999999999977e+02
1.662427000000000044e+04
8.265455999999999767e+04
3.546722000000000116e+04
4.000000000000000000e+03
4.956900000000000000e+04
1.000736499999999942e+05
1.366239999999999964e+04
1.382345000000000073e+04
1.455000000000000000e+04
3.520530000000000200e+03
3.303700000000000045e+02
5.957701000000000204e+04
1.647200000000000000e+04
3.360641999999999825e+04
1.134746999999999935e+04
3.440458000000000175e+04
1.764583000000000175e+04
1.147170000000000073e+03
1.681759000000000015e+04
1.906220000000000027e+03
6.732538000000000466e+04
1.238100000000000000e+04
6.528210000000000036e+03
5.511654000000000087e+04
1.691869999999999891e+03
1.822545000000000073e+04
2.537091900000000023e+05
4.877269999999999709e+04
5.106470000000000255e+03
4.481937000000000262e+04
5.145625000000000000e+04
2.231416999999999825e+04
4.800000000000000000e+04
1.965927000000000044e+04
2.000000000000000000e+03
5.184901000000000204e+04
2.365639999999999873e+03
4.443988999999999942e+04
4.208000000000000000e+03
1.749938999999999942e+04
2.773755499999999884e+05
1.301010000000000036e+04
4.367058999999999651e+04
7.659299999999999500e+02
5.506000000000000000e+03
1.812663999999999942e+04
2.437527000000000044e+04
8.547340000000000146e+03
6.521766999999999825e+04
1.453300000000000125e+02
8.708000000000000000e+03
3.790150000000000091e+03
1.564900000000000000e+04
3.496730999999999767e+04
1.239440999999999985e+04
2.969124000000000160e+04
2.518972000000000116e+04
1.132619999999999891e+03
1.145121999999999935e+04
8.625633999999999651e+04
7.895140000000000327e+03
3.926739999999999782e+03
7.405069999999999709e+03
1.153687999999999920e+04
3.004090000000000146e+03
1.679769999999999982e+03
8.074600000000000364e+02
1.584200000000000000e+04
4.083500000000000000e+03
2.702349999999999909e+03
1.496547399999999907e+05
9.400000000000000000e+02
1.276000000000000000e+03
3.428811000000000058e+04
1.584200000000000000e+04
4.255331999999999971e+04
1.097117000000000007e+04
1.574555999999999949e+04
1.378053000000000065e+04
5.971829999999999927e+03
7.498430000000000291e+03
1.573899999999999864e+02
2.040029000000000087e+04
1.688000000000000114e+02
5.595039999999999964e+03
2.560000000000000000e+03
2.208118999999999869e+04
1.556222999999999956e+04
1.001330000000000041e+03
2.538829999999999927e+04
1.263268800000000047e+05
9.868716999999999825e+04
7.841499999999999773e+02
1.722727999999999884e+04
2.199872000000000116e+04
4.726779999999999745e+03
4.883337000000000262e+04
1.800399999999999920e+02
3.330761000000000058e+04
2.093079999999999927e+04
1.225688999999999942e+04
5.239429000000000087e+04
2.700000000000000000e+03
3.233929999999999836e+03
1.766115999999999985e+04
4.194840000000000146e+03
1.492245999999999913e+04
6.251205999999999767e+04
3.663399999999999750e+02
4.926720999999999913e+04
2.500641999999999825e+04
4.127400000000000000e+04
1.444429899999999907e+05
3.967041000000000349e+04
2.947618000000000029e+04
1.433204000000000087e+04
2.209268999999999869e+04
3.000110000000000127e+03
1.059337999999999920e+04
2.328979599999999919e+05
8.751599999999999682e+02
1.258417000000000007e+04
1.036797999999999956e+04
1.361681999999999971e+04
5.000000000000000278e-02
1.720566999999999825e+04
1.255211000000000058e+04
1.203881999999999971e+04
5.489130000000000109e+03
3.870579999999999927e+03
3.816000000000000000e+03
2.813956000000000131e+04
7.586000000000000000e+03
2.281531999999999971e+04
8.219000000000000000e+03
1.197972999999999956e+04
1.050846799999999930e+05
3.902599999999999909e+03
1.144974900000000052e+05
1.015209000000000015e+04
9.420489999999999782e+03
4.256112000000000262e+04
3.027320000000000164e+03
1.593807999999999993e+04
1.874900000000000000e+04
2.213940000000000055e+03
6.653140000000000327e+03
3.938210000000000036e+03
9.957399999999999636e+03
2.812320000000000164e+03
3.558389999999999873e+03
9.000000000000000000e+03
1.194684199999999983e+05
2.181690999999999985e+04
4.200000000000000000e+02
5.982800000000000182e+03
1.459155999999999949e+04
5.440162999999999738e+04
1.410100000000000000e+04
3.251074000000000160e+04
3.927486000000000058e+04
1.101721999999999935e+04
5.018750000000000000e+03
6.027250000000000000e+03
3.765408000000000175e+04
7.196000000000000227e+02
8.857700000000000728e+03
4.973337000000000262e+04
2.807650000000000091e+03
1.632194000000000051e+04
2.314125000000000000e+04
1.500000000000000000e+03
1.837383000000000175e+04
2.895960000000000036e+03
2.469600999999999840e+04
5.502775000000000000e+04
7.990260000000000218e+03
1.941984999999999854e+04
1.347700000000000000e+04
6.322955000000000291e+04
1.057600000000000051e+02
3.379785100000000093e+05
4.030299999999999727e+02
1.692000000000000000e+04
4.700000000000000000e+03
3.482029000000000087e+04
1.138590099999999948e+05
2.297941999999999825e+04
1.049760000000000036e+04
6.643997999999999593e+04
7.704253999999999360e+04
7.271999999999999886e+01
2.391840000000000146e+03
5.889997000000000116e+04
1.460901499999999942e+05
2.029279999999999973e+03
3.534913999999999942e+04
1.212192000000000007e+04
1.354559000000000015e+04
9.685239999999999782e+03
5.649600000000000364e+02
3.309139999999999873e+03
1.475999999999999943e+02
8.378902000000000407e+04
5.679810000000000400e+03
3.292294000000000233e+04
3.038900999999999840e+04
9.534100000000000364e+03
1.848772300000000105e+05
2.944000000000000000e+04
8.252528000000000466e+05
1.278512999999999920e+04
7.728000000000000114e+01
8.163060000000000400e+03
1.765047000000000116e+04
5.668029000000000087e+04
8.591940000000000509e+03
1.742675999999999840e+04
2.062090000000000146e+03
6.298640000000000327e+03
2.970579999999999927e+03
2.576000000000000000e+04
2.030250000000000000e+03
2.215856000000000131e+04
4.678154000000000087e+04
3.397519999999999709e+04
2.328718999999999869e+04
2.743899999999999864e+02
2.628700000000000000e+04
1.103088999999999942e+04
2.262303999999999942e+05
9.456780999999999767e+04
1.892441199999999953e+05
3.727543000000000029e+04
4.575600000000000023e+02
8.793020000000000437e+03
2.457369999999999891e+03
5.560470000000000255e+03
1.398318000000000029e+04
7.246974000000000524e+04
1.261473999999999978e+04
1.402119999999999891e+03
4.350993000000000029e+04
1.293799999999999955e+02
1.076031999999999971e+04
3.920000000000000000e+04
1.570000000000000000e+02
7.854057000000000698e+04
3.002969999999999800e+03
3.964325000000000000e+04
8.310329999999999927e+03
3.196824000000000160e+04
2.434949999999999818e+03
3.642419999999999709e+04
1.694209999999999854e+04
1.129399999999999977e+02
1.465168000000000029e+04
5.695989999999999782e+03
4.587512000000000262e+04
5.200000000000000000e+02
4.034880000000000109e+03
4.957220000000000255e+03
1.350493399999999965e+05
2.659868000000000029e+04
8.002072999999999593e+04
7.439350000000000364e+03
5.435680000000000291e+03
1.900000000000000000e+03
9.758889999999999418e+03
5.322770000000000437e+03
5.526520000000000437e+03
1.015688999999999942e+04
1.413017000000000007e+04
7.722899999999999636e+02
1.967129999999999927e+04
1.137461000000000058e+04
4.433659999999999854e+03
5.158099999999999454e+02
3.255322000000000116e+04
2.474304000000000087e+04
6.050000000000000000e+02
2.941083000000000175e+04
7.437469999999999709e+04
1.676982200000000012e+05
2.809840000000000146e+04
1.223140000000000100e+03
1.483794000000000051e+04
4.000000000000000000e+03
1.336929999999999927e+04
1.611482300000000105e+05
8.647809999999999491e+03
6.357260000000000218e+03
5.619100000000000364e+03
4.831350000000000364e+03
5.151100000000000364e+03
1.892247999999999956e+04
9.400010000000000218e+03
4.691000000000000000e+03
1.340000000000000000e+04
1.716859000000000015e+04
6.433755999999999767e+04
5.769579999999999927e+03
3.550199999999999818e+02
3.805670000000000073e+03
7.575760000000000218e+03
6.695000000000000000e+03
1.317335000000000036e+04
6.188539999999999964e+03
2.428890000000000146e+04
7.986350000000000364e+03
2.820000000000000000e+04
3.522186000000000058e+04
8.499400000000000000e+04
1.490137999999999920e+04
3.196911999999999898e+04
1.208589999999999918e+03
4.899999999999999911e-01
5.546483000000000175e+04
2.456360000000000127e+03
1.511412999999999920e+04
2.399700000000000000e+04
4.784250000000000000e+03
5.774099999999999682e+02
2.983406000000000131e+04
8.861909999999999854e+03
1.021330000000000041e+03
5.652795999999999913e+04
9.599870000000000800e+03
3.659309999999999945e+03
2.571049000000000160e+04
2.525577000000000044e+04
1.434099999999999966e+02
2.435411000000000058e+04
2.482400000000000091e+02
1.990300000000000011e+02
2.776179999999999836e+03
1.000000000000000000e+03
3.013619999999999891e+03
5.736200000000000045e+02
6.136599999999999682e+02
7.457699000000000524e+04
7.081359999999999673e+03
2.237559999999999945e+03
1.283000000000000000e+04
3.009900000000000091e+02
3.016313999999999942e+04
9.907911999999999534e+04
4.087710000000000036e+03
5.950670000000000073e+03
1.917800000000000000e+04
9.519700000000000273e+02
3.237984000000000015e+04
2.521547999999999956e+04
1.704907999999999884e+05
5.003826999999999680e+04
3.631000000000000227e+02
1.173821999999999935e+04
1.230100000000000000e+04
4.877300000000000182e+02
1.791589999999999918e+03
1.224735000000000036e+04
6.037836000000000058e+04
2.495152999999999884e+04
1.403285000000000036e+04
2.231190999999999985e+04
7.926840000000000146e+03
6.153843900000000140e+05
1.784054999999999927e+04
3.315000000000000000e+03
2.826497000000000116e+04
6.373590000000000146e+03
3.727306999999999971e+04
4.658408999999999651e+04
3.457708999999999651e+04
5.270780999999999767e+04
4.536756999999999971e+04
8.800000000000000000e+03
1.927154999999999927e+04
2.999800000000000182e+03
6.556000000000000000e+04
7.155299999999999727e+02
6.250058000000000175e+04
7.965510000000000218e+03
3.985639999999999873e+03
3.932000000000000000e+03
1.855099999999999909e+02
6.547789999999999964e+03
1.600000000000000000e+03
1.467244000000000051e+04
1.220000000000000000e+04
1.051275000000000000e+04
4.003239999999999782e+03
2.051943000000000029e+04
3.685999999999999943e+01
5.532799999999999727e+02
1.767026700000000128e+05
4.639140000000000146e+04
2.093079999999999927e+04
6.530000000000000000e+04
1.620592000000000007e+04
1.032554499999999971e+05
2.640600000000000023e+02
1.458799999999999955e+02
1.848657000000000116e+05
9.843750000000000000e+03
3.508937000000000262e+04
8.683186999999999534e+04
3.078000000000000114e+02
1.352800000000000011e+02
3.724139999999999873e+03
6.002960000000000036e+03
1.750000000000000000e+03
6.610000000000000000e+02
1.827968999999999869e+04
1.719900000000000091e+03
5.242666999999999825e+04
6.526900000000000546e+02
9.885739999999999782e+03
2.850988000000000102e+04
5.022500000000000000e+04
2.800000000000000000e+02
1.773624000000000160e+04
3.698100000000000000e+04
3.223636000000000058e+04
3.271161000000000058e+04
3.041979000000000087e+04
8.535999999999999943e+01
1.078770599999999977e+05
2.016519999999999982e+03
4.500000000000000000e+03
2.347959999999999854e+04
2.479531999999999971e+04
1.961025999999999840e+04
1.424185599999999977e+05
3.000000000000000000e+02
2.195600000000000023e+02
7.349550000000000182e+03
1.687169400000000023e+05
1.790152000000000044e+04
1.193638999999999942e+04
4.267930000000000291e+03
2.916452999999999884e+04
8.581799999999999500e+02
2.839900000000000091e+02
5.124930000000000291e+03
5.541208000000000175e+04
5.741048000000000320e+04
5.182818000000000029e+04
1.957380000000000109e+03
8.339700000000000728e+03
2.948874000000000160e+04
1.254165999999999985e+04
4.828560000000000400e+03
8.823940000000000509e+03
5.281698999999999796e+04
7.322229999999999563e+03
2.396999999999999886e+02
2.057058000000000175e+04
1.877970000000000073e+04
3.436070000000000164e+03
1.989000000000000000e+04
1.911363000000000102e+04
9.000000000000000000e+01
9.851299999999999955e+02
1.969984999999999854e+04
4.883939999999999600e+03
3.782191999999999825e+04
2.296397000000000116e+04
7.492899999999999636e+02
3.990500000000000000e+03
4.037420000000000073e+03
3.889599999999999909e+03
2.474002999999999884e+04
9.583460000000000582e+04
4.654890000000000327e+03
1.904789999999999964e+03
2.486054000000000087e+04
7.744800000000000182e+02
1.606975830000000075e+06
1.025491900000000023e+05
6.000000000000000000e+03
3.715469999999999800e+03
4.836800000000000182e+03
6.670582000000000698e+04
1.246050000000000000e+04
1.920000000000000000e+02
1.670834000000000015e+04
2.319099999999999966e+02
1.365093500000000058e+05
4.968000000000000000e+03
3.020054999999999927e+04
8.196879999999999200e+03
1.015200000000000000e+04
1.270759799999999959e+05
1.238118500000000058e+05
2.115768999999999869e+04
1.787011000000000058e+04
6.059297000000000116e+04
2.150575999999999840e+04
1.175160800000000017e+05
6.175045999999999913e+04
7.547869999999999891e+03
5.140989999999999782e+03
1.490752099999999919e+05
4.162029999999999745e+03
2.587736999999999898e+04
1.219039999999999964e+03
1.367789999999999964e+03
5.040868000000000029e+04
4.849560000000000400e+03
1.961315000000000146e+04
1.607673999999999978e+04
1.279847799999999988e+05
2.223674000000000160e+04
1.226939999999999964e+04
2.472236999999999898e+04
3.080490999999999985e+04
1.220837000000000080e+04
4.205194999999999709e+04
4.797980000000000291e+04
1.144727000000000044e+04
7.459917999999999302e+04
1.480050000000000000e+04
8.748999999999999488e+01
5.911704000000000087e+04
2.916800000000000182e+03
1.178493000000000029e+04
3.197880000000000109e+03
5.351776999999999680e+04
9.471209999999999127e+03
4.205194999999999709e+04
1.155577899999999936e+05
3.485299999999999727e+02
6.315858000000000175e+04
1.276381600000000035e+05
2.370000000000000000e+03
8.250850000000000364e+03
8.811690000000000509e+03
2.085443000000000029e+04
5.236000000000000000e+03
7.452000000000000000e+04
1.914343999999999869e+04
2.850000000000000000e+02
4.627699999999999818e+02
2.762500000000000000e+03
2.643969999999999800e+03
1.044337799999999988e+05
1.875083000000000175e+04
2.159477000000000044e+04
2.190863999999999942e+04
3.386780000000000200e+03
1.285598999999999978e+04
1.545262999999999920e+04
2.581899999999999977e+02
1.130000000000000000e+02
4.547649999999999636e+03
1.127579999999999927e+03
3.300000000000000000e+03
1.350089999999999918e+03
2.562000000000000000e+04
1.455938999999999942e+04
2.713100000000000000e+04
1.016028000000000065e+04
4.290899999999999750e+02
1.512087999999999920e+04
2.296954999999999927e+04
3.007472000000000116e+04
5.702680000000000291e+03
3.330262999999999738e+04
1.837500000000000000e+04
7.612627000000000407e+04
2.500000000000000000e+02
2.162854200000000128e+05
8.239608999999999651e+04
4.130000000000000000e+03
9.535899999999999636e+03
4.387900000000000205e+02
1.576134000000000015e+04
5.503506999999999971e+04
1.783898599999999860e+05
2.735000000000000000e+04
2.080000000000000000e+04
4.750000000000000000e+03
1.347389999999999964e+04
2.601095000000000073e+04
8.668799999999999955e+02
2.750000000000000000e+02
1.870999999999999943e+02
1.963000000000000000e+03
1.396995000000000073e+04
4.726172000000000116e+04
1.990289999999999964e+03
4.463976000000000204e+04
4.095010000000000218e+03
2.247922799999999988e+05
5.558712999999999738e+04
3.460070000000000164e+03
3.919904000000000087e+04
5.228899999999999864e+02
1.163420000000000073e+04
3.616363999999999942e+04
1.751890000000000100e+03
1.095731999999999971e+04
1.318062999999999920e+04
4.130000000000000000e+03
1.718720000000000073e+04
9.321599999999999682e+02
1.400970000000000073e+04
3.120489999999999782e+03
4.708727999999999884e+04
3.922995999999999913e+04
5.787010000000000218e+03
2.737420999999999913e+04
2.518991999999999825e+04
1.315704800000000105e+05
2.629534000000000015e+04
2.077765999999999985e+04
7.099779999999999745e+03
1.335694000000000051e+04
7.017291999999999825e+04
4.091480000000000018e+03
3.142615999999999985e+04
4.097500000000000000e+04
7.018710000000000036e+03
7.134178999999999360e+04
1.991288000000000102e+04
3.243590000000000146e+03
1.967979999999999927e+04
2.481408000000000175e+04
2.617500999999999840e+04
3.896686000000000058e+04
8.483170000000000073e+03
2.600000000000000000e+04
6.750000000000000000e+04
8.890000000000000000e+03
1.325339999999999918e+03
4.025100000000000000e+04
7.582199999999999818e+03
2.538760000000000218e+03
2.858975000000000000e+04
7.008159999999999854e+03
7.891489999999999782e+03
1.251223999999999978e+04
2.559049000000000160e+04
1.136005500000000029e+05
1.124299999999999955e+03
1.137099999999999937e+02
8.840540000000000873e+03
6.224800000000000182e+02
9.218377999999999884e+04
1.170100000000000000e+04
6.887522999999999593e+04
3.439824099999999744e+05
1.992922000000000116e+04
1.306410000000000082e+03
4.322000000000000000e+03
1.055000000000000000e+05
4.404548999999999796e+04
3.506136000000000058e+04
2.032247999999999956e+04
1.126972999999999956e+04
1.545687000000000080e+04
5.167100000000000364e+02
3.436329999999999927e+03
5.218576999999999680e+04
6.916799999999999500e+02
1.098100000000000023e+02
8.846309999999999491e+03
1.017149999999999977e+03
1.636362999999999920e+04
2.999936900000000023e+05
7.956000000000000000e+03
6.172300000000000182e+02
1.897279999999999927e+04
5.066670000000000073e+03
9.218377999999999884e+04
3.335480000000000018e+03
1.788380000000000109e+03
1.925900000000000034e+02
8.253569999999999709e+03
6.122080999999999767e+04
4.378662999999999738e+04
2.029200000000000045e+03
6.365000000000000000e+03
2.922313999999999942e+04
1.203160000000000082e+03
3.488894000000000233e+04
1.194495000000000073e+04
4.204783999999999651e+04
2.013990000000000009e+03
1.373704999999999927e+04
3.286000000000000000e+03
2.130904000000000087e+04
3.526280000000000200e+03
1.008248999999999978e+04
1.323809000000000015e+04
3.248400000000000000e+04
8.523799999999999955e+02
6.439310000000000400e+03
1.029029400000000023e+05
2.358388000000000102e+04
1.321525000000000000e+04
1.974650000000000091e+03
1.599604100000000035e+05
1.711890000000000100e+03
3.321044000000000233e+04
6.457999999999999545e+02
1.321999999999999886e+02
1.486379999999999927e+04
2.557552000000000044e+04
1.734300000000000000e+04
2.223684000000000015e+04
1.020000000000000000e+03
1.714268800000000047e+05
7.800000000000000000e+02
1.103628300000000017e+05
5.265720999999999913e+04
8.233709999999999127e+03
8.611280999999999767e+04
4.500000000000000000e+04
2.095543999999999869e+04
1.000436000000000058e+04
2.898945000000000073e+04
3.514000000000000000e+03
8.434389999999999418e+04
4.388449999999999818e+03
3.134979000000000087e+04
3.431399999999999864e+02
3.160700000000000000e+04
5.000000000000000000e+03
2.720000000000000000e+03
1.870924000000000160e+04
2.240690000000000055e+03
9.798360000000000582e+03
1.514437000000000080e+04
1.256006900000000023e+05
9.075299999999999727e+02
5.833701000000000204e+04
6.707596000000000640e+04
7.855939999999999600e+03
6.254400000000000546e+02
1.364230000000000018e+03
3.181639999999999873e+03
1.419661000000000058e+05
1.349260000000000036e+04
3.659499999999999886e+02
1.051769000000000051e+04
2.445980000000000018e+03
2.982159999999999854e+03
7.303149999999999636e+03
1.260362000000000080e+04
2.000000000000000042e-02
6.881460000000000036e+03
6.750471000000000640e+04
1.902550999999999840e+04
1.663920000000000073e+04
4.664600000000000364e+03
2.612869999999999891e+03
1.152399999999999949e+02
9.978209999999999127e+03
2.000000000000000000e+02
4.571000000000000000e+04
6.065939999999999600e+03
6.800000000000000000e+03
2.190679999999999836e+03
6.584385000000000582e+04
3.237984000000000015e+04
1.401287999999999920e+04
2.233650000000000000e+05
5.077473999999999796e+04
2.875597399999999907e+05
6.055229000000000087e+04
1.254088999999999942e+04
2.812889999999999873e+03
2.200000000000000000e+03
5.999999999999999778e-02
2.958489999999999782e+03
2.831477000000000044e+04
1.764870000000000073e+04
1.226939999999999964e+04
1.050756999999999971e+04
7.448113000000000466e+04
1.213967000000000007e+04
1.474788999999999942e+04
1.278112000000000080e+04
2.881510000000000218e+03
2.340000000000000000e+03
6.515099999999999909e+02
1.377581999999999971e+04
5.065622000000000116e+04
1.950413999999999942e+04
8.743420000000000073e+03
7.985640000000000327e+03
3.677949999999999818e+03
2.000368999999999869e+04
1.446100000000000000e+04
1.205131799999999930e+05
3.259450999999999840e+04
1.398013999999999942e+04
4.349279999999999745e+03
8.497614999999999418e+04
9.846699999999999591e+02
6.300000000000000000e+03
8.986280000000000655e+03
2.459399999999999977e+02
1.860890000000000100e+03
1.780677699999999895e+05
6.228879000000000087e+04
2.362370000000000073e+04
1.500000000000000000e+04
1.880660000000000082e+03
6.393744000000000233e+04
2.859610000000000127e+03
7.443200000000000500e+02
8.178200000000000500e+02
3.231747999999999956e+04
4.770680000000000291e+03
1.269739999999999964e+04
1.086140000000000100e+03
2.011769999999999982e+03
5.000000000000000000e+02
1.046279999999999927e+04
4.322325000000000000e+04
6.684764999999999418e+04
5.246499999999999773e+02
4.045179999999999836e+03
7.959300000000000182e+03
2.285200000000000000e+04
7.600000000000000000e+03
1.028600000000000000e+04
1.683630000000000109e+03
6.280789999999999964e+03
1.788199999999999932e+02
6.214539999999999964e+03
4.328670000000000073e+03
1.725425000000000000e+04
2.312681999999999971e+04
2.831000000000000000e+03
1.416950000000000000e+05
1.081206999999999971e+04
9.665200000000000728e+03
1.318313999999999942e+04
2.380102999999999884e+04
1.598362999999999920e+04
8.451152999999999884e+04
1.122352000000000044e+04
2.042524000000000160e+04
2.387284000000000015e+04
1.452387999999999920e+04
3.389981999999999971e+04
9.332500000000000000e+02
3.040000000000000000e+02
9.537069999999999709e+03
3.616800000000000182e+03
2.666029999999999927e+04
2.940000000000000000e+04
4.204900000000000091e+02
4.461829000000000087e+04
1.494619999999999891e+03
4.023931999999999971e+04
1.574000000000000000e+03
1.345522999999999956e+04
4.491116999999999825e+04
1.202424499999999971e+05
2.184000000000000000e+03
3.648859999999999854e+04
1.188812999999999920e+04
8.292933000000000175e+04
8.082399999999999636e+03
6.530000000000000000e+02
9.073600000000000136e+02
2.695791999999999825e+04
8.013158999999999651e+04
1.843168999999999869e+04
2.081027999999999884e+04
5.057000000000000028e+01
5.438720000000000255e+03
2.558000000000000000e+03
6.705538000000000466e+04
5.791747000000000116e+04
3.557400000000000091e+02
3.023999999999999773e+02
6.256109999999999673e+03
1.222199999999999989e+02
8.470399999999999636e+02
5.122798000000000320e+04
2.231399999999999864e+02
2.175530000000000200e+03
4.128649999999999636e+03
1.238948999999999978e+04
2.387565000000000146e+04
9.998659999999999854e+03
1.193530999999999949e+04
9.645700000000000500e+02
2.392697000000000116e+04
5.940000000000000000e+02
5.240710000000000036e+03
6.313772000000000116e+04
1.057576000000000022e+04
9.249600000000000364e+02
3.466100000000000136e+02
2.720000000000000000e+02
5.200000000000000000e+03
8.252229999999999563e+03
2.067079999999999927e+03
6.175270000000000437e+03
9.112025999999999476e+04
1.850240000000000009e+03
1.226175000000000000e+04
1.528189999999999964e+04
2.549000000000000000e+03
5.807000000000000000e+03
2.495593999999999869e+04
2.946670000000000073e+03
1.264189999999999964e+04
2.790029000000000087e+04
3.466840000000000146e+03
3.967680999999999767e+04
3.633070000000000164e+03
5.760000000000000000e+02
1.247806999999999971e+04
4.956550000000000182e+03
3.001741999999999825e+04
3.128670000000000073e+03
2.398759000000000015e+04
3.808944000000000233e+04
2.603800000000000000e+04
9.584610000000000582e+03
5.506000000000000000e+03
8.458502999999999884e+04
3.458299999999999841e+02
3.605400000000000091e+03
1.282500000000000000e+03
1.078779999999999973e+03
1.284470000000000073e+04
1.524167000000000007e+04
1.076779999999999973e+03
3.675308000000000175e+04
2.829941999999999825e+04
2.522081999999999971e+04
1.229659600000000064e+05
2.241559999999999945e+03
6.163419999999999709e+04
1.586509999999999991e+03
1.880581999999999971e+04
1.381586000000000058e+04
2.809256000000000131e+04
9.728300000000000409e+02
5.922800000000000000e+04
1.309056999999999971e+04
2.732770000000000073e+04
1.730591999999999825e+04
5.134970000000000255e+03
9.536469999999999345e+03
6.729457000000000698e+04
3.790119000000000233e+04
4.478840000000000146e+04
1.875000000000000000e+03
8.931000000000000000e+03
3.453489999999999782e+03
3.062077999999999884e+04
2.407783000000000175e+04
2.044250000000000000e+03
5.604575000000000000e+04
1.003000000000000000e+03
1.917768999999999869e+04
1.478542099999999919e+05
2.249268000000000029e+04
2.354827999999999884e+04
2.918547000000000116e+04
2.959029000000000087e+04
1.083945999999999913e+04
2.212266999999999825e+04
7.249299999999999500e+02
6.961067999999999302e+04
3.130434999999999854e+04
8.150000000000000000e+02
2.220734000000000015e+04
7.951214999999999418e+04
3.331538999999999942e+04
5.365419999999999709e+04
3.856690000000000146e+04
5.480000000000000000e+03
1.238529000000000087e+04
1.602705400000000081e+05
3.238631000000000131e+04
2.049739999999999782e+03
3.868862000000000262e+04
1.551301000000000022e+04
3.062593999999999869e+04
1.181184000000000015e+04
2.779177999999999884e+04
3.452829999999999927e+03
5.882739999999999782e+03
2.185708000000000175e+04
8.276230999999999767e+04
1.015339999999999964e+04
7.883350000000000364e+03
1.688354999999999927e+04
3.671766999999999825e+04
1.386052500000000000e+05
2.259774000000000160e+04
1.297789999999999964e+03
1.428000000000000000e+04
6.914535000000000582e+04
2.208697999999999956e+04
6.000000000000000000e+03
4.466239999999999782e+03
6.662500000000000000e+04
1.707663999999999942e+04
8.839500000000000455e+02
9.915379999999999200e+03
2.932097999999999956e+04
1.608938999999999942e+04
3.523769999999999982e+03
4.255899999999999750e+02
6.587609999999999673e+03
1.089480000000000000e+05
4.883149999999999636e+03
1.200012999999999920e+04
1.005094700000000012e+05
1.002571999999999935e+04
8.115180999999999767e+04
1.000000000000000000e+04
2.184875499999999884e+05
1.096251000000000022e+04
5.532799999999999727e+02
2.836000000000000000e+03
6.682420000000000073e+03
7.651923499999999767e+05
1.020306999999999971e+04
1.000000000000000021e-02
7.436199999999999818e+03
1.928609999999999900e+03
3.496700000000000000e+04
5.261863499999999767e+05
6.828159999999999854e+03
9.899860000000000582e+03
3.139825999999999840e+04
8.429722000000000116e+04
5.360000000000000000e+03
6.000000000000000000e+04
6.820000000000000000e+02
6.968513000000000466e+04
1.432036000000000058e+04
5.742661000000000058e+04
1.281622999999999956e+04
3.717820000000000164e+03
6.226300000000000000e+04
9.056149999999999636e+03
6.812000000000000455e+02
9.128600000000000364e+03
1.095729000000000087e+04
1.696379999999999927e+04
5.474900000000000091e+02
4.184800000000000000e+04
7.554983999999999651e+04
6.193960000000000036e+03
9.241930000000000291e+03
1.116099999999999994e+02
4.778729999999999563e+03
1.335009000000000015e+04
1.872009999999999854e+04
8.179400000000000546e+02
1.799680000000000064e+03
5.181340000000000146e+03
6.966685000000000582e+04
1.296412000000000080e+04
1.108385399999999936e+05
1.564630100000000093e+05
3.038915999999999985e+04
1.293379000000000087e+04
3.407300000000000182e+02
1.948268000000000029e+04
1.396500000000000057e+02
2.967393000000000029e+04
5.200000000000000000e+03
1.202440800000000017e+05
1.759520999999999913e+04
9.499989999999999782e+03
2.092279999999999927e+04
5.486559999999999854e+04
2.480000000000000000e+03
6.015760000000000218e+03
4.135199999999999818e+02
7.397999999999999545e+02
6.360480999999999767e+04
4.849900000000000091e+02
1.470982999999999993e+04
4.120762000000000262e+04
1.977538000000000102e+04
7.779680000000000291e+03
1.657904200000000128e+05
3.600000000000000000e+04
3.081774000000000160e+04
2.377136999999999898e+04
2.271500000000000000e+04
1.950000000000000000e+03
2.438304999999999927e+04
2.920010000000000218e+03
3.514109999999999854e+04
1.161540999999999985e+04
8.259299999999999500e+02
1.171120700000000070e+05
5.078719000000000233e+04
3.137565999999999985e+04
2.576000000000000000e+04
9.318100000000000364e+03
3.096195999999999913e+04
4.428000000000000114e+02
3.114300000000000182e+03
3.180541999999999825e+04
1.321099999999999909e+03
1.750254000000000087e+04
1.255762999999999920e+04
6.277699999999999818e+02
1.679000100000000093e+05
1.022250000000000000e+04
7.656999999999999318e+01
2.914190000000000055e+03
8.750000000000000000e+02
5.041649999999999636e+03
1.754665000000000146e+04
8.213400000000000000e+04
2.652672000000000116e+04
1.075000000000000000e+03
3.794787999999999738e+04
2.268334999999999854e+04
5.891379100000000326e+05
4.131113999999999942e+04
6.980720000000000255e+03
3.897699999999999818e+02
1.346514999999999964e+04
1.096775099999999948e+05
3.524600000000000000e+04
1.842013000000000102e+04
3.290283000000000175e+04
1.755634000000000015e+04
7.188680000000000291e+03
2.208000000000000000e+03
2.776445000000000073e+04
4.602095999999999913e+04
1.033799999999999955e+03
9.177340000000000146e+03
1.047900000000000091e+03
1.981240000000000009e+03
2.021875000000000000e+04
7.444514999999999418e+04
5.181340000000000146e+03
3.539669000000000233e+04
7.894299999999999500e+02
3.518655999999999767e+04
2.108806999999999971e+04
5.355850000000000364e+03
2.226970999999999913e+04
1.371072999999999956e+04
2.629979000000000087e+04
2.746095000000000073e+04
6.984760000000000218e+03
6.455090000000000146e+03
3.200000000000000000e+04
4.315920000000000073e+03
2.914650000000000000e+04
1.637789999999999964e+03
3.008034999999999854e+04
2.097215000000000146e+04
8.086000000000000000e+03
3.249761999999999898e+04
1.465639999999999964e+04
4.939819999999999709e+03
1.097099999999999909e+03
3.621820000000000164e+03
1.080919900000000052e+05
9.354199999999999591e+02
8.985099999999999909e+02
1.457401000000000022e+04
3.998072000000000116e+04
1.041845999999999913e+04
5.243300000000000409e+02
6.405599999999999454e+02
1.673047999999999956e+04
1.265917000000000007e+04
2.281820000000000164e+03
1.620690000000000055e+03
5.097708000000000175e+04
1.216300000000000000e+04
1.756520999999999913e+04
7.400229999999999563e+03
1.425430000000000064e+03
2.668966999999999825e+04
2.892400000000000091e+02
7.212000000000000000e+03
5.743260000000000218e+03
2.493665999999999985e+04
1.136100000000000000e+04
2.385045299999999988e+05
1.664554999999999927e+04
4.705710000000000036e+03
9.356860000000000582e+03
1.740131999999999971e+04
6.910000000000000142e+00
2.620000000000000000e+03
8.661799999999999500e+02
1.300882999999999993e+04
1.078779999999999973e+03
1.057098999999999978e+04
1.471929999999999927e+04
1.396464999999999964e+04
2.226620700000000070e+05
2.539263000000000102e+04
1.083819999999999936e+03
2.555200000000000000e+04
3.727993699999999953e+05
1.605950000000000045e+03
8.760959999999999127e+03
5.514199999999999591e+02
1.061995000000000073e+04
1.764804999999999927e+04
4.979170000000000073e+03
1.672884999999999854e+04
9.497514999999999418e+04
2.332300000000000182e+03
2.983475000000000000e+04
2.553241999999999825e+04
6.390319999999999709e+03
2.027500000000000000e+02
7.525110000000000582e+04
4.550909999999999854e+03
8.854000000000000000e+03
6.398340000000000146e+03
2.112365999999999985e+04
3.499233999999999651e+04
1.176000000000000000e+03
8.547739999999999782e+03
4.578720000000000255e+03
1.656579999999999927e+04
5.218000000000000000e+03
5.193616000000000349e+04
5.191229999999999563e+03
7.353640000000000327e+03
4.400283000000000175e+04
2.329000000000000000e+03
5.137980000000000291e+04
1.539992000000000007e+04
1.290967000000000007e+04
3.357599999999999909e+02
5.362913999999999942e+04
1.240420000000000073e+03
2.250850999999999840e+04
5.832243000000000029e+04
1.865677999999999884e+04
1.221119000000000051e+04
2.145575999999999840e+04
3.141730000000000018e+03
2.274000000000000000e+03
3.493451999999999680e+04
7.121075000000000000e+04
2.116193999999999869e+04
2.727511000000000058e+04
3.602825000000000000e+04
1.466346999999999935e+04
3.196938999999999942e+04
1.064920000000000073e+03
7.394289999999999964e+03
4.552099999999999795e+02
9.012340000000000146e+03
2.857327999999999884e+04
1.951095000000000073e+04
4.161640000000000327e+03
1.119000000000000000e+03
1.080976000000000022e+04
5.745789999999999964e+03
3.520000000000000000e+03
4.354580000000000291e+04
6.214680000000000291e+03
3.683349999999999909e+03
7.410591999999999825e+04
2.269452000000000044e+04
4.181999999999999886e+02
6.973300000000000409e+02
2.103095000000000073e+04
3.600000000000000000e+03
1.223398999999999978e+04
4.986299999999999955e+02
1.903252000000000044e+04
5.999999999999999778e-02
7.590569999999999709e+03
7.289900000000000091e+02
1.437599999999999909e+03
5.299800000000000182e+03
4.627869999999999891e+03
1.287638999999999942e+04
7.724970000000000255e+03
8.480459999999999127e+03
1.142600000000000000e+04
2.406212699999999895e+05
1.076353000000000065e+04
1.413899999999999864e+02
5.067801000000000204e+04
2.452581000000000131e+04
4.216289999999999964e+03
5.509829999999999927e+03
1.744093999999999942e+05
3.317420000000000073e+03
1.679204999999999927e+04
3.310770999999999913e+04
3.207200000000000273e+02
1.495200000000000000e+04
6.042340000000000146e+04
1.140000000000000000e+04
2.560381999999999971e+04
2.365454999999999927e+04
6.881039999999999964e+03
1.858500000000000000e+04
1.893759999999999991e+03
1.120000000000000000e+04
5.259350000000000364e+03
5.669500000000000455e+02
8.766100000000000136e+02
6.156699999999999591e+02
9.295840000000000146e+03
1.104662999999999920e+04
1.442850000000000000e+04
1.800000000000000000e+03
4.962529999999999745e+03
1.049930000000000064e+03
1.815000000000000000e+03
1.970900000000000000e+04
3.556200000000000000e+04
2.453179999999999836e+03
1.875769999999999982e+03
2.816318000000000029e+04
4.940000000000000000e+02
2.635550999999999840e+04
1.536269999999999982e+03
7.543675999999999476e+04
9.308600000000000136e+02
1.857289999999999964e+03
8.400000000000000000e+03
2.388499999999999943e+02
9.366139999999999418e+03
7.956200000000000045e+02
9.788659999999999854e+03
1.623140000000000100e+03
2.443389999999999873e+03
6.643439999999999418e+04
1.135570000000000073e+04
1.489831999999999971e+04
7.063699999999999818e+03
2.124084999999999854e+04
7.984560000000000400e+03
8.046000000000000227e+02
2.561161999999999898e+04
1.479786000000000058e+04
3.694276999999999680e+04
1.012938999999999942e+04
6.600000000000000000e+03
2.809800000000000182e+02
7.225000000000000000e+03
2.712008000000000175e+04
4.853866999999999825e+04
1.369099999999999966e+02
2.279093999999999869e+04
6.837964999999999418e+04
3.285039999999999964e+03
2.336320999999999913e+04
3.462354000000000087e+04
2.309840999999999985e+04
2.167489999999999782e+03
5.054800000000000182e+03
8.581709999999999127e+03
5.724529999999999745e+03
1.709839999999999918e+03
7.427500000000000000e+02
1.930999999999999943e+02
4.262558000000000175e+04
1.356943000000000029e+04
1.175264299999999930e+05
8.950170000000000073e+03
1.979630000000000109e+03
2.807254000000000087e+04
3.227199999999999818e+03
2.938954999999999927e+04
2.976059000000000015e+04
2.557929000000000087e+04
1.287078000000000065e+04
4.420600000000000023e+02
4.849880000000000109e+03
2.910108000000000175e+04
1.194754999999999927e+04
4.949670000000000073e+03
3.244210000000000036e+03
4.427899999999999636e+03
3.945600000000000023e+02
1.216980000000000018e+03
3.090522999999999956e+04
1.620914999999999964e+04
2.142306000000000131e+04
1.035259000000000015e+04
2.631299999999999955e+02
9.581670000000000073e+03
2.561377999999999884e+04
1.800000000000000000e+04
3.112799999999999727e+02
1.451600000000000000e+04
1.211037599999999948e+05
1.972800000000000000e+04
1.662063399999999965e+05
1.850000000000000000e+04
1.575515999999999985e+04
4.715600000000000023e+02
7.333899999999999864e+02
1.228547799999999988e+05
1.668461999999999898e+04
9.054229999999999563e+03
1.110365999999999985e+04
1.324390999999999985e+04
1.145902000000000044e+04
4.401600000000000000e+04
1.289997999999999956e+04
1.874372999999999956e+04
2.855218400000000256e+05
3.454639999999999873e+03
7.134999999999999432e+01
2.960920000000000073e+04
6.595199999999999818e+03
6.750000000000000000e+02
2.162584999999999854e+04
2.463183000000000175e+04
5.872140000000000327e+03
8.003119999999999891e+03
9.606207000000000698e+04
5.331039999999999964e+03
4.094763999999999942e+04
9.849469000000000233e+04
5.874399999999999636e+03
1.519500000000000000e+04
6.700000000000000000e+03
1.200000000000000000e+03
1.866870000000000073e+04
6.670613000000000466e+04
1.718483000000000175e+04
1.140823999999999978e+04
3.298500000000000227e+02
4.790859999999999673e+03
1.409462999999999920e+04
2.952961000000000058e+04
1.244536000000000058e+04
3.015000000000000000e+04
3.152258000000000175e+04
4.389500000000000000e+03
6.637039999999999964e+03
7.765461000000000058e+04
1.331474500000000116e+05
8.179500000000000455e+02
5.583818000000000029e+04
2.628247999999999956e+04
2.085100000000000000e+04
1.424359999999999900e+03
3.845355000000000291e+04
2.315659999999999854e+03
7.676975000000000000e+04
5.945900000000000318e+02
7.840394000000000233e+04
6.152300000000000000e+04
1.229512599999999948e+05
1.403810100000000093e+05
8.936897000000000116e+04
9.085370000000000800e+03
1.628600000000000000e+05
2.013886999999999898e+04
1.644466999999999825e+04
2.603289999999999964e+03
5.724397000000000116e+04
3.207159999999999854e+03
6.658500000000000227e+02
2.952929999999999836e+03
7.950000000000000000e+02
7.438300000000000409e+02
2.523440000000000055e+03
1.624836000000000058e+04
4.809069999999999709e+03
1.447400000000000000e+04
1.521500000000000000e+04
2.358740000000000146e+04
2.594110000000000127e+03
1.035632999999999993e+04
8.877599999999999909e+02
8.260000000000000000e+03
1.540000000000000000e+04
1.474550899999999965e+05
8.147000000000000455e+02
1.254400000000000000e+04
3.072500000000000000e+02
1.083868000000000029e+04
2.447438000000000102e+04
2.400070000000000164e+03
1.438353000000000065e+04
2.300000000000000000e+02
6.007200000000000273e+02
1.728000000000000000e+04
2.392327999999999884e+04
5.623029999999999745e+03
4.200879000000000087e+04
1.222651000000000022e+04
5.625456999999999971e+04
1.335990999999999985e+04
1.414109000000000015e+04
2.560696600000000035e+05
6.999609999999999673e+03
3.698989999999999782e+03
1.087695000000000000e+05
2.044250000000000000e+03
1.207639999999999964e+04
1.507199999999999989e+02
1.080000000000000000e+04
1.402159000000000015e+04
8.478000000000000114e+01
5.300437000000000262e+04
1.919166999999999825e+04
2.437254000000000087e+04
1.519500000000000000e+04
2.184474000000000160e+04
1.104820000000000073e+04
2.798520999999999913e+04
3.600000000000000000e+04
4.372705999999999767e+04
3.178619999999999891e+03
1.838859999999999854e+04
4.132200000000000273e+02
2.231929000000000087e+04
4.017584999999999854e+04
3.769705000000000291e+04
4.353399999999999750e+02
3.377769999999999982e+03
8.134409999999999854e+03
5.091313999999999942e+04
1.002695000000000073e+04
1.050187000000000080e+04
6.934900000000000091e+02
1.573109999999999900e+03
5.142960000000000036e+03
4.289577999999999884e+04
4.209399999999999977e+02
9.497514999999999418e+04
1.420200000000000000e+04
9.643420000000000073e+03
7.608829999999999927e+03
1.059777000000000044e+04
1.153218000000000029e+04
8.658129999999999200e+03
4.243900000000000000e+04
2.505000000000000000e+04
1.793856999999999971e+04
2.443158299999999872e+05
2.415900000000000091e+03
2.768873300000000163e+05
1.281643699999999953e+05
3.634898000000000320e+04
4.698810000000000400e+03
2.648954000000000087e+04
6.320400000000000000e+04
4.563494999999999709e+04
3.454741999999999825e+04
4.372226000000000204e+04
1.387125499999999884e+05
4.499459999999999854e+04
5.581689999999999600e+03
7.062439999999999600e+03
5.739762000000000262e+04
1.013066799999999930e+05
7.736575000000000000e+04
1.417730000000000018e+03
4.099180000000000291e+03
1.066559999999999945e+03
1.204042700000000041e+05
1.548089999999999964e+04
2.045236999999999898e+04
2.827365000000000146e+04
8.324500000000000455e+02
1.144648999999999978e+04
5.137279999999999745e+03
8.098572000000000116e+04
1.955847999999999956e+04
1.794800000000000000e+04
3.418500000000000000e+03
4.350000000000000000e+03
1.020407999999999993e+04
2.860534999999999854e+04
6.479837000000000262e+04
1.123507999999999993e+04
2.149397000000000116e+04
2.668190999999999985e+04
1.890940000000000146e+04
3.000000000000000000e+03
1.672822000000000116e+04
4.045179999999999836e+03
1.656868999999999869e+04
4.585304000000000087e+04
2.481169299999999930e+05
1.313480000000000018e+03
6.018930000000000291e+03
7.170010000000000218e+03
1.381692600000000093e+05
2.179769999999999982e+03
3.405316000000000349e+04
1.429076000000000022e+04
1.486688999999999942e+04
3.909219999999999709e+04
2.280686000000000058e+04
1.087922599999999948e+05
7.919449999999999818e+03
2.630306999999999971e+04
2.947081999999999971e+04
1.858240000000000146e+04
1.906980000000000018e+03
6.563500000000000227e+02
6.376455999999999767e+04
3.587070000000000164e+03
3.660000000000000000e+03
5.110699999999999932e+02
2.014745999999999913e+04
1.474300000000000068e+02
1.194300000000000068e+02
1.708170999999999913e+04
3.962317000000000116e+05
1.272852799999999988e+05
5.388700000000000045e+02
5.062405999999999767e+04
8.136933000000000175e+04
1.259077000000000044e+04
3.960110000000000127e+03
2.832599999999999909e+02
2.232769999999999982e+03
3.900000000000000000e+03
1.783100000000000000e+04
2.843369999999999891e+03
1.889400000000000000e+04
6.440004000000000087e+04
2.205600000000000000e+04
1.212730000000000018e+03
9.241799999999999272e+03
4.847280000000000291e+04
2.219677999999999884e+04
3.955900000000000091e+03
8.582600999999999476e+04
2.759208000000000175e+04
2.384016999999999825e+04
1.207500000000000000e+04
1.253684799999999959e+05
2.540000000000000000e+03
3.215600000000000023e+02
3.745675000000000000e+04
5.354380000000000109e+03
1.229126100000000006e+05
7.014611999999999534e+04
7.202297999999999593e+04
6.928899999999999864e+02
1.345428000000000065e+04
2.003910000000000082e+03
1.312000000000000000e+03
4.394894999999999709e+04
5.407220000000000255e+03
5.555793000000000029e+04
7.638979999999999563e+03
1.492318399999999965e+05
6.280858000000000175e+04
5.087149999999999636e+03
2.085574000000000160e+04
1.369255999999999949e+04
1.932000000000000000e+04
1.449556400000000140e+05
9.952508000000000175e+04
2.442965999999999985e+04
1.522168000000000029e+04
9.752200000000000273e+02
7.713089999999999418e+04
1.029182700000000041e+05
1.489413999999999942e+04
2.926111000000000058e+04
1.813266999999999825e+04
3.077833000000000175e+04
5.151100000000000364e+03
3.500000000000000000e+03
4.666162000000000262e+04
9.893309999999999491e+03
9.944500000000000000e+04
1.583299999999999955e+03
4.684918000000000029e+04
3.536576999999999680e+04
1.198599999999999994e+02
1.735200000000000045e+03
1.731519999999999982e+03
1.167950000000000045e+03
1.488419000000000051e+04
2.579204000000000087e+04
6.458973999999999796e+04
2.911000000000000000e+04
3.070145000000000073e+04
6.000000000000000000e+02
6.050000000000000000e+02
2.377193999999999869e+04
3.192883000000000175e+04
2.963133000000000175e+04
6.518233999999999651e+04
4.376779999999999745e+03
1.488677000000000044e+04
9.792300000000000182e+02
6.637600000000000364e+03
2.290240000000000146e+04
9.501559999999999491e+03
1.425350000000000000e+04
1.612519000000000051e+04
4.693590000000000146e+03
8.319500000000000000e+03
5.100000000000000000e+03
2.905909999999999854e+04
2.236936999999999898e+04
8.650299999999999727e+02
1.635062000000000080e+04
8.355059999999999491e+03
7.047005999999999767e+04
1.289406999999999971e+04
5.653000000000000000e+03
3.240486000000000058e+04
1.197000000000000000e+03
4.005980000000000018e+03
8.876000000000000512e+01
1.056270000000000000e+05
8.679659999999999854e+03
1.131740999999999985e+04
4.304800000000000182e+02
1.929142699999999895e+05
3.702275000000000000e+04
1.809000000000000000e+04
1.566752000000000044e+04
3.529319000000000233e+04
5.339429000000000087e+04
2.683299999999999841e+02
8.687699999999999818e+02
3.213630000000000109e+03
1.642188000000000102e+04
2.433856999999999971e+04
6.381840000000000146e+03
7.038200000000000000e+04
5.492408000000000175e+04
1.633660000000000082e+03
1.320000000000000000e+04
1.028200000000000000e+04
2.163540999999999985e+04
9.671000000000000000e+03
4.931409999999999854e+03
2.468366999999999825e+04
2.731820000000000073e+04
2.563997000000000116e+04
1.143857999999999993e+04
2.400260000000000218e+03
2.996456999999999971e+04
3.089684000000000015e+04
2.009495999999999913e+04
6.131875000000000000e+04
4.579999999999999716e+01
2.641050000000000182e+03
2.119920000000000073e+04
6.106916000000000349e+04
1.242325399999999936e+05
5.116000000000000000e+03
2.755456999999999971e+04
1.061940000000000000e+05
8.085829999999999927e+03
9.088516999999999825e+04
3.631851000000000204e+04
5.343800000000000000e+04
1.242325399999999936e+05
2.330659000000000015e+04
9.920629999999999200e+03
5.812689999999999600e+03
1.213607999999999993e+04
3.766291999999999825e+04
2.498630000000000109e+03
1.096909000000000015e+04
1.438245999999999913e+04
2.415159999999999854e+03
2.488495999999999913e+04
1.687002999999999884e+04
2.210000000000000000e+04
5.765579999999999927e+03
4.761310000000000400e+03
2.108709000000000015e+04
1.254152000000000044e+04
1.095877200000000012e+05
1.660256999999999971e+04
3.310770999999999913e+04
9.999663000000000466e+04
2.692958000000000175e+04
1.095900000000000034e+02
4.268539999999999964e+03
1.370893000000000029e+04
8.878930000000000291e+03
1.089000000000000057e+02
3.920840000000000146e+03
5.374380000000000109e+03
3.563799999999999955e+02
8.586850000000000364e+03
5.403862000000000262e+04
2.730059000000000015e+04
4.200000000000000000e+02
3.918133999999999651e+04
5.847938999999999942e+04
7.993899999999999864e+02
5.145909999999999854e+03
7.871510000000000218e+03
2.629399999999999977e+02
1.506762999999999920e+04
3.201143000000000029e+04
8.666200000000000045e+02
8.555900000000000318e+02
2.732497000000000116e+04
1.256200000000000045e+03
9.861350000000000364e+03
5.428000000000000000e+03
1.903252000000000044e+04
7.641100000000000364e+03
6.205288999999999942e+04
2.616700000000000000e+04
1.145121999999999935e+04
8.600000000000000000e+03
1.065203000000000065e+04
1.604467000000000007e+04
3.251074000000000160e+04
4.916100000000000136e+02
2.157545999999999913e+04
5.517200000000000273e+02
1.169149100000000035e+05
9.100000000000000000e+02
8.334000000000000000e+03
1.429592000000000007e+04
7.607017999999999302e+04
6.407470000000000255e+03
9.129399999999999636e+03
6.795659999999999854e+03
1.188628000000000065e+04
1.969920000000000073e+04
1.099539999999999964e+03
1.438664999999999964e+04
1.245132999999999993e+04
1.142619999999999891e+03
1.080453000000000065e+04
2.041181999999999971e+04
1.239657999999999993e+04
1.668499999999999943e+02
1.152443000000000029e+04
8.650800000000000000e+04
5.764294000000000233e+04
6.321100000000000000e+04
5.510299999999999727e+02
7.698289999999999964e+03
2.314000000000000000e+03
1.260246999999999935e+04
6.193000000000000000e+03
4.136000000000000227e+02
3.231266999999999825e+04
1.909847000000000116e+04
5.570038999999999942e+04
1.487343900000000140e+05
3.233383000000000175e+04
7.933430999999999767e+04
9.514000000000000000e+03
1.207609999999999900e+03
5.299380000000000291e+04
2.236816999999999825e+04
1.050846799999999930e+05
2.688139999999999873e+03
6.786900000000000000e+04
1.766625000000000000e+04
1.328413999999999942e+04
3.821000000000000000e+03
5.151718000000000029e+04
2.775427999999999884e+04
1.873339800000000105e+05
7.354420000000000073e+03
3.714504000000000087e+04
6.121789999999999964e+03
1.657359000000000015e+04
5.375147000000000116e+04
7.786729999999999563e+03
3.588308000000000175e+04
2.088000000000000000e+04
1.485637999999999920e+04
1.014804000000000087e+04
2.350200000000000102e+02
3.528000000000000114e+02
9.103600000000000136e+02
6.059897500000000000e+05
3.180000000000000000e+02
5.367819999999999709e+03
9.687100000000000364e+02
1.401099999999999909e+03
5.298000000000000000e+03
7.506299999999999955e+02
1.219970000000000027e+03
6.000000000000000000e+02
5.420740000000000146e+04
2.246545000000000073e+04
1.400000000000000000e+04
4.192470000000000255e+03
1.222864700000000012e+05
1.881120000000000073e+04
1.256723999999999978e+04
4.113649999999999636e+03
1.311565999999999985e+04
3.546090000000000146e+04
6.496399999999999864e+02
7.637925000000000000e+04
1.189013999999999942e+04
2.545054999999999927e+04
3.830719999999999800e+03
3.166000000000000227e+02
1.402826000000000022e+04
1.004770000000000073e+04
9.576450000000000728e+03
1.642702999999999884e+04
7.973000000000000000e+03
7.977000000000000000e+03
9.575832000000000698e+04
1.550509999999999991e+03
6.345710000000000036e+03
2.648931999999999971e+04
9.139933000000000175e+04
3.271252000000000044e+04
1.482931999999999971e+04
1.525782999999999993e+04
8.750000000000000000e+03
7.120585000000000582e+04
1.206907999999999993e+04
1.560000000000000000e+04
4.680651999999999680e+04
5.596140000000000327e+03
1.724306999999999971e+04
2.285980000000000018e+03
9.395199999999999818e+02
6.073651000000000204e+04
6.520800000000000409e+02
4.129770000000000437e+03
5.249015000000000146e+04
9.206900000000000546e+02
2.720000000000000000e+02
4.814051999999999680e+04
1.002872999999999956e+04
2.519243999999999869e+04
7.401599999999999682e+02
1.134846999999999935e+04
3.544700000000000273e+02
1.572962399999999907e+05
1.924740000000000146e+04
4.954761000000000058e+04
1.320065999999999985e+04
1.662900000000000091e+03
5.552788999999999942e+04
2.268000000000000114e+02
5.889352999999999884e+04
1.778325000000000000e+04
2.773195999999999913e+04
2.596684000000000015e+04
2.799227000000000044e+04
1.041637999999999920e+04
5.905960000000000036e+03
3.600000000000000000e+03
2.806200000000000045e+02
1.496581999999999971e+04
6.767010000000000218e+03
9.567260000000000218e+03
9.192533999999999651e+04
6.800000000000000000e+02
2.816929999999999836e+03
9.556189999999999418e+04
6.474299999999999500e+02
6.013300000000000182e+03
1.431461000000000058e+04
3.985199999999999818e+02
4.662319999999999709e+03
1.400000000000000000e+03
5.733550000000000000e+04
2.845920000000000073e+04
7.841670000000000073e+03
9.452549999999999272e+03
3.491566000000000349e+04
1.255430000000000064e+03
2.407150999999999840e+04
4.168000000000000000e+03
6.254244000000000233e+04
5.629258999999999651e+04
1.813329999999999927e+03
5.630000000000000000e+02
2.500000000000000000e+03
1.043109999999999900e+03
1.000000000000000021e-02
7.368300000000000182e+03
2.243036999999999898e+04
1.583859999999999900e+03
1.076950000000000000e+04
1.691869999999999891e+03
3.742609999999999854e+04
9.865129999999999200e+03
4.975000000000000000e+02
5.411216999999999825e+04
2.446681999999999971e+04
1.968911000000000058e+04
1.385555999999999949e+04
1.766460000000000036e+03
1.699411400000000140e+05
5.595079999999999927e+03
1.042035099999999948e+05
5.500000000000000000e+03
1.512200000000000045e+03
3.344926999999999680e+04
8.000213999999999942e+04
1.414657300000000105e+05
1.473230000000000018e+03
8.569199999999999591e+02
5.404815000000000146e+04
7.222503999999999360e+04
5.363999999999999773e+02
8.100000000000000000e+03
9.866170000000000073e+03
2.148229999999999927e+04
1.042788999999999942e+04
1.017779999999999927e+04
5.470579999999999927e+03
2.310800000000000125e+02
2.911661999999999898e+04
3.120079999999999927e+03
1.009911000000000058e+04
1.063499999999999943e+02
2.033340999999999985e+04
2.973880000000000109e+03
2.734559999999999854e+04
1.067054000000000087e+04
1.320211000000000058e+04
3.405799999999999841e+02
1.303002799999999988e+05
7.787500000000000000e+02
2.427700000000000102e+02
2.176693399999999965e+05
4.387555999999999767e+04
2.500000000000000000e+03
1.656220000000000073e+04
2.491958000000000175e+04
5.563933999999999651e+04
1.128821999999999935e+04
1.111793000000000029e+04
1.116637000000000080e+04
2.000811999999999898e+04
4.314969999999999709e+04
1.508722999999999956e+04
2.178800000000000000e+04
7.148479999999999563e+03
2.744489999999999782e+03
5.957458000000000175e+04
4.678687999999999738e+04
6.743092999999999302e+04
7.436799999999999500e+02
1.303314999999999964e+04
1.940083000000000175e+04
4.318541999999999825e+04
7.270199999999999818e+02
4.000000000000000000e+04
3.712840000000000146e+03
4.945000000000000284e+01
5.880776000000000204e+04
4.142090000000000146e+04
4.715250000000000000e+03
4.085899999999999750e+02
1.397956999999999971e+04
3.449276000000000204e+04
1.305000000000000000e+03
1.000000000000000000e+04
2.147039999999999964e+03
1.129709000000000015e+04
7.912140000000000327e+03
7.144000000000000000e+03
1.906327999999999884e+04
3.140593000000000029e+04
5.732000000000000000e+04
5.511733999999999651e+04
4.353250000000000000e+03
6.784739999999999782e+03
1.924068999999999869e+04
4.957300000000000182e+02
2.571179999999999836e+03
1.881059999999999945e+03
2.289834999999999854e+04
3.296612000000000262e+04
5.729419000000000233e+04
5.205600000000000364e+03
2.625000000000000000e+02
1.072328000000000065e+04
7.300020000000000437e+03
5.330109999999999673e+03
1.468387999999999920e+04
5.156949999999999818e+03
9.510329999999999927e+03
1.236888999999999942e+04
6.547729999999999563e+03
1.639699000000000160e+04
1.887900000000000091e+03
3.743700000000000045e+02
5.117058000000000175e+04
9.241799999999999272e+03
2.523202000000000044e+04
4.282420000000000073e+03
7.486670000000000073e+03
6.504694000000000233e+04
1.855356999999999971e+04
1.328513800000000047e+05
2.329059999999999945e+03
1.300876000000000022e+04
5.622980000000000291e+04
1.704907999999999884e+05
2.093329999999999927e+03
2.400000000000000000e+03
4.461672999999999884e+05
4.220199999999999818e+03
1.859690000000000055e+03
1.470797900000000081e+05
2.202150999999999840e+04
2.475000000000000000e+03
4.270823999999999796e+04
4.715020000000000437e+03
1.407905999999999949e+04
9.526389999999999418e+03
3.982900000000000000e+04
3.334000000000000000e+03
2.873922999999999956e+04
1.178150000000000091e+03
1.171902000000000044e+04
2.025609999999999900e+03
1.222378000000000065e+04
1.503359999999999900e+03
3.367415000000000146e+04
2.874716999999999825e+04
1.123330999999999949e+04
1.149924400000000023e+05
6.612172000000000116e+04
2.337895000000000073e+04
3.772320000000000164e+03
3.085983000000000175e+04
3.323606999999999971e+04
2.673613000000000102e+04
1.882641600000000035e+05
3.002489999999999782e+03
1.454559999999999945e+03
2.681559999999999945e+03
5.814489999999999782e+03
5.438609999999999673e+03
2.379313000000000102e+04
8.890000000000000000e+03
4.202000000000000000e+03
1.450800000000000125e+02
9.356860000000000582e+03
9.538325999999999476e+04
1.753181999999999971e+04
4.914439999999999600e+03
5.867579999999999927e+03
2.618736000000000058e+04
3.844365000000000146e+04
2.773500000000000227e+02
3.122079999999999927e+04
4.725090000000000146e+03
1.324670000000000073e+04
1.336429000000000087e+04
5.905704000000000087e+04
6.400000000000000000e+03
1.555525000000000000e+04
4.100000000000000000e+03
2.910029999999999927e+04
4.064849999999999909e+03
3.700000000000000000e+03
9.283124000000000524e+04
1.401500000000000057e+02
3.798222000000000116e+04
1.388097999999999956e+04
6.120679000000000087e+04
1.764586999999999898e+04
2.497115999999999985e+04
1.410000000000000000e+04
4.427000000000000313e+01
1.325951000000000022e+04
9.229549999999999272e+03
3.849998999999999796e+04
7.847689999999999600e+03
3.050997999999999956e+04
1.058517000000000007e+04
1.220000000000000000e+03
6.062873999999999796e+04
1.298944000000000051e+04
5.526619999999999891e+03
1.700000000000000000e+03
1.800886000000000058e+04
6.672533000000000175e+04
3.588600000000000136e+02
1.629509999999999991e+03
1.200000000000000000e+04
1.411995000000000073e+04
5.603062000000000262e+04
3.488891999999999825e+04
1.498875000000000000e+04
2.516891999999999825e+04
2.887199999999999818e+03
2.999325000000000000e+04
4.141999999999999886e+02
3.270000000000000000e+02
3.766168000000000029e+04
6.093100000000000364e+03
2.987997999999999956e+04
7.630840000000000146e+03
2.878018999999999869e+04
2.319499000000000160e+04
3.303700000000000045e+02
8.619000000000000000e+03
7.006979999999999563e+03
8.896502000000000407e+04
2.593750000000000000e+04
8.070420000000000073e+03
3.900237000000000262e+04
1.434809999999999945e+03
2.413300000000000125e+02
1.223218000000000029e+04
4.263649999999999636e+03
1.236712000000000080e+04
1.180727000000000044e+04
9.781200000000000045e+02
3.155000000000000000e+03
7.430859999999999673e+03
1.957009999999999991e+03
3.599739999999999782e+03
3.732710000000000036e+03
5.732200000000000273e+02
2.205190999999999985e+04
2.803199999999999932e+02
7.857327999999999884e+04
1.280556100000000006e+05
3.053420000000000073e+03
5.645000000000000284e+01
1.370000000000000000e+02
9.641899999999999636e+03
1.534215999999999985e+04
2.613690000000000055e+03
5.203311000000000058e+04
5.789400000000000546e+02
2.081124000000000160e+04
8.645590000000000146e+03
6.129999999999999716e+01
1.301756999999999971e+04
2.194958000000000175e+04
6.161020000000000437e+03
4.646608000000000175e+04
7.728536000000000058e+04
4.201705000000000291e+04
3.414400000000000000e+04
4.580472000000000116e+04
3.503699999999999818e+03
8.422169000000000233e+04
8.860000000000000000e+03
1.597509000000000015e+04
1.113599999999999909e+03
1.280000000000000000e+04
7.300919999999999709e+04
7.080109999999999673e+03
9.292100000000000364e+02
3.314705999999999767e+04
8.872639999999999418e+03
5.388823999999999796e+04
7.745649999999999636e+03
2.095649000000000160e+04
9.189110000000000582e+03
6.102709999999999854e+04
4.704460000000000036e+03
2.338099000000000160e+04
3.908008000000000175e+04
2.709073300000000163e+05
1.822897000000000116e+04
5.319398000000000320e+04
1.001096699999999983e+05
4.633912999999999738e+04
3.357599999999999909e+02
1.587320000000000073e+04
4.673000000000000000e+04
1.175518200000000070e+05
3.915662000000000262e+04
1.632387999999999920e+04
4.800000000000000000e+03
7.657000000000000000e+03
2.361106999999999971e+04
4.628999999999999773e+02
3.988260000000000218e+03
8.211900000000000000e+04
9.560999999999999943e+01
2.249502999999999884e+04
6.747210000000000036e+03
4.573050000000000182e+03
1.511565999999999985e+04
4.250000000000000000e+03
3.220374000000000160e+04
5.861850000000000364e+03
6.698319999999999709e+03
6.473244999999999709e+04
7.260289999999999964e+03
5.470579999999999927e+03
7.465960000000000582e+04
3.654700000000000273e+02
1.824815000000000146e+04
5.667869999999999891e+03
1.332769999999999982e+03
6.659977999999999884e+04
1.190079999999999927e+03
4.347029000000000087e+04
2.288277999999999884e+04
1.228079999999999927e+04
6.284345999999999913e+04
2.928220000000000073e+04
1.992854000000000087e+04
1.725200000000000102e+02
9.600000000000000000e+03
5.938159999999999854e+03
6.659977999999999884e+04
4.535000000000000000e+03
2.607800000000000000e+04
6.718390000000000327e+03
6.782609999999999673e+03
1.949789999999999964e+03
1.800000000000000000e+02
5.685000000000000142e+01
1.888600000000000000e+04
9.448099999999999454e+02
2.567320000000000073e+04
4.841090000000000146e+03
2.535897000000000116e+04
5.359000000000000341e+01
2.050247999999999956e+04
6.290890000000000327e+03
6.915999999999999659e+01
2.996420000000000073e+03
1.597484000000000015e+04
2.578999999999999915e+01
2.405499000000000160e+04
2.494925999999999840e+04
1.342970000000000027e+03
9.863540000000000873e+03
4.300587999999999738e+04
6.598400000000000318e+02
2.024900000000000000e+04
3.060379000000000087e+04
2.186477000000000044e+04
6.701236999999999534e+04
2.429400000000000000e+04
4.181800000000000068e+02
4.563799999999999955e+02
8.599100000000000000e+04
3.055690000000000146e+04
2.756000000000000000e+03
5.901795999999999913e+04
6.348039999999999964e+03
6.008960000000000036e+03
1.002000000000000000e+04
1.486638500000000058e+05
2.357000000000000000e+04
2.452893000000000029e+04
1.296823999999999978e+04
1.398400000000000000e+04
7.512500000000000000e+04
1.904616999999999825e+04
3.516984999999999854e+04
3.628000000000000000e+03
2.798170000000000073e+04
1.166620000000000000e+05
2.836800000000000182e+03
1.080000000000000000e+03
5.060170000000000073e+03
1.835840000000000146e+04
1.124544700000000012e+05
1.403563999999999942e+04
1.107014100000000035e+05
1.549770400000000081e+05
3.255650000000000091e+03
3.962200000000000273e+02
2.231000000000000000e+03
5.224766999999999825e+04
2.497280000000000200e+03
4.553460000000000036e+03
1.239599999999999937e+02
3.115909999999999854e+03
4.134781999999999971e+04
3.066820000000000164e+03
1.693252999999999884e+04
1.176000000000000000e+03
5.028199999999999932e+02
2.999000000000000000e+04
9.446699999999999591e+02
3.810040000000000146e+04
5.797845999999999913e+04
3.860000000000000000e+02
5.108847000000000116e+04
2.508650999999999840e+04
1.718984999999999854e+04
2.642900000000000205e+02
2.573539999999999964e+03
2.017136999999999898e+04
2.184880000000000109e+03
4.137265000000000146e+04
3.355473000000000320e+04
3.334000000000000000e+03
3.469901000000000204e+04
1.323388999999999942e+04
1.203490000000000009e+03
8.410899999999999636e+03
1.245837000000000080e+04
2.800000000000000000e+02
3.033562299999999814e+05
1.365109999999999900e+03
9.747400000000000091e+02
4.660369999999999891e+03
6.001125000000000000e+04
1.839000000000000057e+02
1.292500000000000000e+04
1.043704299999999930e+05
2.113191999999999825e+04
9.023575999999999476e+04
4.664100000000000000e+04
7.945029999999999745e+03
7.437720000000000255e+03
1.292500000000000000e+04
1.430995000000000073e+04
1.093660099999999948e+05
9.665590000000000146e+03
9.176540000000000873e+03
1.792259999999999854e+04
6.348680000000000291e+03
2.483277999999999884e+04
5.612172000000000116e+04
2.960727999999999884e+04
6.500000000000000000e+03
1.075799999999999983e+02
2.980425000000000000e+04
6.252956999999999971e+04
5.435680000000000291e+03
2.553645000000000073e+04
3.718897000000000116e+04
1.000000000000000021e-02
7.716200000000000045e+02
2.205190999999999985e+04
1.184799999999999955e+03
5.335850000000000364e+03
1.389973999999999978e+04
7.031024000000000524e+04
1.056428500000000058e+05
1.055430000000000064e+03
9.072524000000000524e+04
2.196000000000000000e+03
5.449939999999999600e+03
7.192119999999999891e+03
1.509118000000000029e+04
2.385030000000000200e+03
4.174319999999999709e+03
1.298946999999999935e+04
9.635499999999999545e+02
3.200000000000000000e+02
6.875090000000000146e+03
2.166659999999999854e+03
2.447547000000000116e+04
2.737940000000000055e+03
1.505040999999999985e+04
1.000000000000000000e+03
1.247200000000000045e+03
4.178460000000000036e+03
9.828100000000000364e+03
3.935729000000000087e+04
1.730600999999999840e+04
3.473130000000000109e+03
1.068695399999999936e+05
3.094989999999999782e+03
3.371080000000000291e+04
1.866381999999999971e+04
3.759059999999999945e+03
3.196800000000000182e+03
1.604431600000000035e+05
6.784119999999999891e+03
5.310000000000000000e+04
5.415000000000000000e+03
4.523243000000000029e+04
4.145000000000000000e+03
1.349440999999999985e+04
1.871131700000000128e+05
3.357400000000000091e+03
6.167899999999999636e+03
5.341326000000000204e+04
5.289952999999999884e+04
7.001510000000000218e+03
3.901641999999999825e+04
5.032140000000000327e+03
4.876100000000000364e+03
9.831894999999999709e+04
3.212309999999999945e+03
1.716334999999999854e+04
3.358100000000000000e+04
1.532961000000000058e+04
2.640258900000000140e+05
9.474202999999999884e+04
1.548126000000000022e+04
6.089810000000000400e+03
2.522219999999999800e+03
8.543999999999999773e+02
4.831899999999999636e+03
3.835369999999999891e+03
4.905130000000000109e+03
3.968399999999999750e+02
7.333000000000000000e+03
2.785040999999999985e+04
1.451410000000000036e+04
1.225029999999999927e+04
6.451393199999999488e+05
9.657139999999999418e+03
2.777538999999999942e+04
3.127174000000000160e+04
1.223719000000000051e+04
1.518714999999999964e+04
1.025200000000000045e+03
2.500941999999999825e+04
1.884999000000000160e+04
1.029797999999999956e+04
1.202145999999999913e+04
7.470999999999999375e+01
3.600000000000000000e+04
1.222359400000000023e+05
3.567826000000000204e+04
2.961761999999999898e+04
1.056910000000000036e+04
1.080339999999999918e+03
5.349440000000000146e+04
1.240000000000000000e+03
1.428319999999999936e+03
1.561720000000000027e+03
1.279348399999999965e+05
2.099458000000000175e+04
1.107430000000000064e+03
1.395140000000000100e+03
4.280819000000000233e+04
6.569600000000000364e+02
4.772369999999999709e+04
2.780860000000000127e+03
2.437610000000000127e+03
6.392130000000000109e+03
6.116499999999999773e+02
4.454012999999999738e+04
1.036559000000000015e+04
3.319597000000000116e+04
6.235619999999999891e+03
2.478638999999999942e+04
1.140699999999999932e+02
3.583799999999999955e+02
5.438720000000000255e+03
4.791894999999999709e+04
1.630715999999999985e+04
6.694000000000000000e+03
4.660369999999999891e+03
9.892600000000000364e+03
8.354750000000000000e+03
3.632600000000000000e+04
1.265629900000000052e+05
7.682939999999999600e+03
6.966433999999999651e+04
2.262949000000000160e+04
2.011311999999999898e+04
2.056584999999999854e+04
4.612008999999999651e+04
3.529500000000000000e+04
1.929075999999999840e+04
2.582409999999999854e+04
5.943140000000000327e+03
1.704856000000000131e+04
2.361199000000000160e+04
3.371499999999999773e+02
2.869511199999999953e+05
1.687904400000000023e+05
1.685656600000000035e+05
1.436223999999999978e+04
1.765152000000000044e+04
3.240000000000000000e+04
1.104688000000000029e+05
3.300793000000000029e+04
1.255337999999999920e+04
5.103536000000000058e+04
9.871799999999999500e+02
5.852130000000000109e+03
2.169429999999999836e+03
2.349058000000000175e+04
4.831899999999999977e+02
1.689100000000000000e+04
8.712149999999999636e+03
3.284449999999999818e+03
2.022652000000000044e+04
3.036370000000000073e+04
4.699300000000000182e+03
2.038690000000000055e+03
1.883247999999999956e+04
4.653000000000000000e+03
1.378965999999999985e+04
1.126719799999999959e+05
2.079010000000000218e+03
1.353935000000000036e+04
1.333329999999999927e+03
3.221519999999999982e+03
1.319200000000000000e+04
1.331601000000000022e+04
2.582884999999999854e+04
2.580231000000000131e+04
9.278180000000000291e+03
2.197547300000000105e+05
2.102463999999999942e+04
2.014220999999999913e+04
1.160777299999999959e+05
1.606660000000000082e+03
1.276026000000000022e+04
7.597170000000000073e+03
9.271219999999999345e+03
3.468159999999999854e+03
6.791000000000000000e+04
1.388099999999999909e+03
2.396663999999999942e+04
9.215307000000000698e+04
2.054325999999999840e+04
2.971970999999999913e+04
4.778966999999999825e+04
1.529695000000000073e+04
2.191227999999999884e+04
1.002671999999999935e+04
1.800029000000000087e+04
3.131059999999999945e+03
4.158304000000000087e+04
1.020352000000000044e+04
1.254479999999999927e+04
1.292200000000000000e+04
3.850502600000000093e+05
1.270600000000000023e+02
2.746047000000000116e+04
1.329420000000000073e+03
2.558799999999999955e+02
3.358970999999999913e+04
2.122736999999999898e+04
3.644975000000000000e+04
7.255180000000000291e+03
2.090695999999999913e+04
4.771999999999999886e+02
1.210525000000000000e+04
7.681060000000000400e+03
4.052665000000000146e+04
1.349586900000000023e+05
4.994233999999999651e+04
5.360805999999999767e+04
1.612197699999999895e+05
1.706632500000000000e+05
2.065999999999999943e+02
1.210065999999999985e+04
2.292000000000000000e+03
6.541344999999999709e+04
2.866658000000000175e+04
1.797425000000000000e+04
1.206380000000000109e+03
2.009859999999999900e+03
4.233306999999999971e+04
1.503295000000000073e+04
7.600000000000000000e+03
1.137816000000000058e+05
7.837380000000000109e+03
1.221673899999999994e+05
1.734000000000000000e+03
9.060000000000000000e+02
4.768079999999999927e+03
7.640250000000000000e+03
1.353300000000000125e+02
4.713000000000000114e+02
1.342104000000000087e+04
6.996100000000000136e+02
2.120809999999999945e+03
9.984299999999999500e+02
5.370845999999999913e+04
3.909377999999999884e+04
1.281899999999999977e+02
5.918269999999999709e+04
1.046425000000000000e+04
3.671639999999999873e+03
1.218960000000000036e+03
8.763299999999999272e+03
5.917390000000000327e+03
5.555277999999999884e+04
1.817706999999999971e+04
1.082200000000000000e+04
1.118271999999999935e+04
4.000000000000000000e+02
3.918595000000000000e+05
1.068839999999999918e+03
2.063500000000000000e+04
5.175319000000000233e+04
7.326000000000000512e+01
4.643101000000000204e+04
5.167100000000000364e+02
7.532220000000000000e+05
4.469649999999999636e+03
8.510700000000000500e+02
3.687594999999999709e+04
2.386281000000000131e+04
5.641700000000000000e+04
3.900000000000000000e+03
1.366710000000000036e+03
4.288031999999999971e+04
1.645527999999999884e+04
8.806896000000000640e+04
1.709311999999999898e+04
1.768113000000000102e+04
1.199525000000000000e+04
4.456259199999999837e+05
2.440550000000000182e+03
1.639261000000000058e+04
1.134710000000000036e+03
6.629299999999999500e+02
1.316940000000000055e+03
1.742240000000000146e+04
9.482520000000000437e+03
6.340000000000000000e+03
1.907211999999999898e+04
7.888600000000000136e+02
9.652829999999999927e+03
2.079110000000000127e+03
3.061579999999999927e+03
4.925288999999999942e+04
7.188980000000000291e+04
9.555399999999999636e+03
1.327470000000000027e+03
5.086840000000000146e+03
4.706260000000000218e+03
3.367187000000000262e+04
5.233329999999999927e+03
5.314425000000000000e+04
3.941870999999999913e+04
3.768000000000000000e+04
1.694225000000000000e+04
7.597197999999999593e+04
9.140959999999999127e+03
2.320000000000000000e+02
1.282500000000000000e+03
1.533700000000000000e+04
1.471020999999999913e+04
1.924006999999999971e+04
3.276270999999999913e+04
7.007399999999999636e+03
1.050000000000000000e+03
1.243155999999999949e+04
1.319200000000000000e+04
3.796894000000000233e+04
3.843199999999999818e+03
2.873093999999999869e+04
8.415000000000000000e+03
2.514525000000000000e+04
9.707930000000000291e+03
1.358750000000000000e+03
1.755588999999999942e+04
7.454425000000000000e+04
8.198407000000000698e+04
6.599900000000000091e+02
9.154360000000000582e+03
8.320790000000000873e+03
6.591699999999999591e+02
1.364752000000000044e+04
2.913629999999999927e+04
1.972688999999999942e+04
8.158550999999999476e+04
1.982000000000000000e+04
8.867860000000000582e+03
1.881238999999999942e+04
1.975986000000000058e+04
1.502725000000000000e+04
1.933350000000000000e+04
4.263659999999999854e+03
7.195640000000000327e+03
1.627293000000000029e+04
5.550000000000000000e+02
2.218406000000000131e+04
5.868770000000000437e+03
2.671727000000000044e+04
6.320400000000000000e+04
2.120809999999999945e+03
1.138685000000000036e+04
6.496199999999999818e+03
5.502411000000000058e+04
3.032500000000000000e+04
1.523319999999999936e+03
7.248200000000000500e+02
1.309102000000000044e+04
3.500000000000000000e+03
2.153426199999999953e+05
2.726447000000000116e+04
2.103969999999999800e+03
1.596146999999999935e+04
3.194700000000000000e+04
1.030559400000000023e+05
1.574650000000000091e+03
4.548729000000000087e+04
4.494966999999999825e+04
4.334466000000000349e+04
3.801889999999999873e+03
3.291156999999999971e+04
3.071920000000000073e+04
2.541299000000000160e+04
3.033456999999999971e+04
1.104730000000000018e+03
1.764956000000000131e+04
1.948089999999999918e+03
2.168875999999999840e+04
4.015975000000000000e+04
5.801626999999999680e+04
2.132000000000000028e+01
2.785752999999999884e+04
2.869511199999999953e+05
1.062127000000000044e+04
4.276476000000000204e+04
4.266299999999999955e+02
6.327329999999999927e+03
5.540773999999999796e+04
1.470572999999999956e+04
1.255676000000000022e+04
2.427383000000000175e+04
4.376806999999999971e+04
2.653327000000000044e+04
1.095878000000000065e+04
2.417395000000000073e+04
1.457394299999999930e+05
3.197658000000000175e+04
3.540705000000000291e+04
1.656949000000000160e+04
3.113409999999999854e+03
8.767059999999999491e+03
5.359000000000000341e+01
5.341000000000000000e+03
8.596699999999999591e+02
4.853291000000000349e+04
8.383875000000000000e+04
1.930695000000000073e+04
2.329620000000000073e+04
2.360480000000000018e+03
4.000199999999999818e+03
1.020499999999999972e+02
2.270754000000000087e+04
4.718880999999999767e+04
3.558947000000000116e+04
5.601454000000000087e+04
1.148445000000000073e+04
2.333450000000000000e+04
5.456000000000000227e+02
1.159600000000000000e+05
7.775611999999999534e+04
5.489130000000000109e+03
3.312631999999999971e+04
7.095599999999999454e+02
8.000000000000000000e+02
2.291047000000000116e+04
5.580123000000000320e+04
4.568899999999999864e+02
8.239113999999999942e+04
3.609929999999999836e+03
1.132150000000000091e+03
1.505835000000000036e+04
1.107437999999999920e+04
2.512034000000000015e+04
4.237100000000000000e+04
6.600329999999999927e+03
2.998072999999999956e+04
3.396283000000000175e+04
1.257856600000000035e+05
1.633843000000000029e+04
5.546483000000000175e+04
8.944309999999999491e+03
3.026899999999999977e+02
2.341666999999999825e+04
1.377779999999999973e+03
1.174799999999999955e+03
2.299570000000000073e+04
1.443743000000000029e+04
4.728934999999999854e+04
1.556809999999999945e+03
1.435594000000000051e+04
7.647200000000000000e+04
3.495568000000000029e+04
9.594753999999999360e+04
2.869452999999999884e+04
2.896642800000000279e+05
2.938502000000000044e+04
1.351999999999999886e+02
5.444233999999999651e+04
3.185530000000000200e+03
6.642702000000000407e+04
1.621814999999999964e+04
1.078756999999999971e+04
1.409231700000000128e+05
2.830000000000000000e+02
8.685950000000000728e+03
2.850219999999999800e+03
3.948647000000000116e+04
1.250000000000000000e+03
5.886119999999999891e+03
1.171164999999999964e+04
1.475470000000000027e+03
9.402920000000000073e+03
8.860430000000000291e+04
1.178677899999999936e+05
2.604227999999999884e+05
1.271103000000000065e+04
2.773000000000000000e+04
1.739516999999999825e+04
1.594023999999999978e+04
1.222199999999999989e+02
2.480059999999999945e+03
8.766579999999999927e+03
2.083650000000000000e+04
3.931399999999999864e+02
3.015408000000000175e+04
3.400000000000000000e+03
2.339508000000000175e+04
1.087003000000000065e+04
5.731669999999999709e+04
9.179180000000000291e+03
4.839000000000000057e+01
2.220000000000000000e+02
4.271206999999999971e+04
3.375481999999999971e+04
2.346427000000000044e+04
1.413022999999999956e+04
6.543300000000000409e+02
1.101599999999999966e+02
7.659529999999999745e+03
8.937400000000000091e+02
5.765838999999999942e+04
5.480829999999999927e+03
7.906055999999999767e+04
5.954679000000000087e+04
7.762400000000000091e+02
2.495497999999999956e+04
1.418377000000000044e+04
6.027619999999999891e+03
1.060273999999999978e+04
2.405000000000000000e+02
2.807759000000000015e+04
2.981550999999999840e+04
1.333599999999999909e+03
2.303547999999999956e+04
3.054079999999999927e+03
1.898590000000000146e+04
3.756879000000000087e+04
1.137099999999999937e+02
1.032349999999999909e+03
4.570400000000000000e+04
1.403545999999999913e+04
1.897906000000000131e+04
2.596000000000000227e+02
2.070481999999999971e+04
1.293984100000000035e+05
1.425548999999999978e+04
5.424649999999999636e+03
1.252831999999999971e+04
8.811690000000000509e+03
2.372199999999999989e+02
4.666100000000000136e+02
1.666313000000000102e+04
1.664433800000000047e+05
1.589599999999999909e+03
2.791556000000000131e+04
8.394427999999999884e+04
1.835300999999999840e+04
7.386499999999999773e+02
5.342000000000000455e+02
6.720999999999999375e+01
5.850420000000000073e+03
2.142225999999999840e+04
1.066153000000000065e+04
9.258870000000000800e+03
1.338400000000000091e+03
1.085900000000000034e+02
6.412030999999999767e+04
2.076486999999999898e+04
1.149730000000000018e+03
6.880557000000000698e+04
2.843713000000000102e+04
3.546730000000000018e+03
8.001810000000000400e+03
5.807969999999999709e+04
1.438664999999999964e+04
3.619800000000000182e+02
3.273179999999999836e+03
9.570709999999999127e+03
1.926869999999999891e+03
4.839609999999999673e+03
9.556766000000000349e+04
1.253159000000000015e+04
4.326026999999999680e+04
8.514959999999999127e+03
7.695355000000000291e+04
9.239620899999999674e+05
2.233361999999999898e+04
4.821819999999999709e+03
1.767050000000000000e+04
1.262343000000000029e+04
1.410437000000000080e+04
1.247380000000000109e+03
5.511654000000000087e+04
1.237929999999999927e+04
2.329206000000000131e+04
1.088083899999999994e+05
1.032554499999999971e+05
6.333300000000000409e+02
1.108100000000000000e+04
2.270099999999999909e+03
1.444300000000000000e+04
7.428117999999999302e+04
8.207000000000000455e+02
5.665000000000000000e+04
1.748430000000000064e+03
2.299679999999999836e+03
1.500000000000000000e+03
8.149600000000000364e+02
1.986443000000000029e+04
6.091586000000000058e+04
5.846200000000000045e+02
5.910370999999999913e+04
9.142144999999999709e+04
2.019447000000000116e+04
5.246955999999999767e+04
1.606899999999999977e+02
2.130288999999999942e+04
1.134472999999999956e+04
1.958918000000000029e+04
6.931670000000000073e+03
3.941999999999999886e+02
8.398808000000000175e+04
4.404848000000000320e+04
1.698200000000000000e+04
5.331630000000000109e+03
4.789300000000000182e+03
6.806300000000000000e+04
3.109884000000000015e+04
3.782400000000000091e+03
8.252600000000000364e+03
2.671177000000000044e+04
2.495974000000000160e+04
1.787779999999999973e+03
5.347229999999999563e+03
5.821810000000000400e+03
8.400000000000000000e+03
2.513369999999999891e+03
1.982400000000000000e+04
1.169112999999999920e+04
5.411216999999999825e+04
9.009209999999999127e+03
5.145010000000000218e+03
2.849400000000000000e+04
3.667000000000000000e+03
1.492781999999999971e+04
2.436091999999999825e+04
5.434569999999999709e+04
1.107279999999999973e+03
1.066529999999999973e+03
2.987572000000000116e+04
4.063644000000000233e+04
1.038986999999999971e+05
4.000000000000000000e+03
1.706306000000000131e+04
1.951300000000000000e+04
4.439180000000000291e+03
7.566750000000000000e+03
6.847667999999999302e+04
1.085600000000000000e+04
2.694300000000000068e+02
1.548530899999999965e+05
1.068725000000000000e+04
5.067479999999999563e+03
5.600000000000000000e+02
1.761573999999999942e+05
5.393060000000000400e+03
2.265227000000000044e+04
5.509920000000000073e+03
3.569250000000000000e+03
8.212816000000000349e+04
7.436799999999999500e+02
1.044511000000000058e+04
7.164229999999999563e+03
1.823527000000000044e+04
4.504569999999999709e+03
3.382500000000000000e+03
6.727799999999999727e+02
2.274800000000000000e+04
3.715272000000000116e+04
3.633036000000000058e+04
2.185447999999999956e+04
2.430900000000000000e+04
3.184263999999999942e+04
7.732380000000000109e+03
1.671252000000000044e+04
5.970000000000000000e+02
1.877127000000000044e+04
2.579997999999999956e+04
2.786500000000000000e+03
1.921880000000000109e+03
2.965190000000000146e+04
3.600000000000000000e+03
1.986363999999999942e+04
1.746277999999999884e+04
7.588141999999999825e+04
2.541000000000000000e+04
1.608000000000000000e+04
7.545444999999999709e+04
1.837800000000000011e+02
9.589190000000000509e+03
5.691449999999999818e+03
4.768300000000000182e+03
1.605178000000000065e+04
1.016977000000000044e+04
6.531000000000000227e+01
6.792189999999999600e+03
4.446300000000000000e+04
3.140489999999999782e+03
2.063472999999999956e+04
3.272829999999999927e+03
1.153799999999999955e+02
4.569700000000000000e+04
1.001256999999999971e+04
9.004969999999999345e+03
1.560000000000000000e+04
9.091499999999999773e+02
1.518364999999999964e+04
1.078199999999999932e+02
3.403559999999999945e+03
6.960000000000000000e+04
4.018860000000000127e+03
2.556829999999999927e+04
6.914191999999999825e+04
6.200829999999999927e+03
6.325868800000000047e+05
4.300000000000000000e+04
1.038929999999999927e+04
7.232999999999999829e+01
2.556818999999999869e+04
1.643793000000000029e+04
3.277940000000000146e+04
1.141661000000000058e+04
1.614497999999999956e+04
2.791972999999999956e+04
5.109750000000000000e+03
4.902479999999999563e+03
3.725110000000000127e+03
2.176572000000000116e+04
3.049700000000000273e+02
1.086140000000000100e+03
1.713700000000000045e+03
1.055011000000000058e+04
3.385570999999999913e+04
3.310376000000000204e+04
5.751399999999999636e+03
2.049227500000000000e+05
2.896000000000000000e+04
2.466033000000000175e+04
3.301000000000000000e+03
5.278059999999999854e+04
1.326000000000000000e+04
1.655645999999999913e+04
7.337359999999999673e+03
3.168313000000000102e+04
7.237802999999999884e+04
1.791047000000000116e+04
1.554487000000000080e+04
2.959868000000000029e+04
4.288489999999999782e+03
1.814010299999999988e+05
1.149659000000000015e+04
1.078269000000000051e+04
1.003156999999999971e+04
5.730000000000000000e+03
4.092351699999999837e+05
1.563200000000000000e+04
1.702347999999999956e+04
1.723783000000000175e+04
4.821579999999999927e+03
1.824619999999999891e+03
1.377740000000000009e+03
4.276600000000000250e+02
2.710645999999999913e+04
5.998947000000000116e+04
1.289537999999999920e+04
1.332602000000000044e+04
6.489579000000000087e+04
5.792079999999999927e+03
8.418000000000000000e+03
4.615000000000000000e+04
1.350410000000000082e+03
6.400000000000000000e+03
1.004395999999999913e+04
2.897308000000000175e+04
2.142600000000000000e+04
2.209834999999999854e+04
1.619221999999999935e+04
2.500000000000000000e+03
4.646562000000000262e+04
1.107430000000000064e+03
4.093960000000000036e+03
3.988123000000000320e+04
1.290255999999999949e+04
1.625230000000000018e+03
2.971380000000000109e+03
2.054500000000000000e+04
1.750133000000000175e+04
6.530000000000000000e+02
1.432019999999999982e+03
3.700569999999999709e+04
1.072821999999999935e+04
2.692952000000000044e+04
1.977154000000000087e+04
5.982800000000000182e+03
8.625540000000000873e+03
4.673020000000000437e+03
1.333744000000000051e+04
6.784900000000000000e+04
7.652799999999999727e+02
6.381840000000000146e+03
1.997199999999999989e+02
3.908929999999999836e+03
1.438070999999999913e+04
3.985639999999999873e+03
6.841336000000000058e+04
2.660456000000000131e+04
1.821384000000000015e+04
4.862460000000000036e+03
2.240019999999999982e+03
8.392920000000000073e+03
1.272150800000000017e+05
1.666800000000000068e+02
5.946800000000000182e+03
3.522300000000000000e+04
1.477841900000000023e+05
3.791475000000000000e+04
7.596100000000000136e+02
3.723710000000000036e+03
2.536699999999999875e+02
8.236440000000000509e+03
1.081802299999999959e+05
1.514640000000000000e+05
5.489283999999999651e+04
5.363529999999999745e+03
2.369472999999999956e+04
4.347508999999999651e+04
1.461515999999999985e+04
1.313757399999999907e+05
8.270290000000000873e+03
7.611621000000000640e+04
5.326215000000000146e+04
9.496940000000000509e+03
4.018289999999999964e+03
2.455095000000000073e+04
5.396100000000000136e+02
1.156088200000000070e+05
1.104099999999999966e+02
5.606599999999999682e+02
1.300467000000000007e+04
1.218409000000000015e+04
1.747491999999999825e+04
8.611280999999999767e+04
2.728900000000000091e+03
1.755549000000000160e+04
3.742860000000000127e+03
6.792999999999999545e+02
8.770475999999999476e+04
9.523040000000000873e+03
3.457966000000000349e+04
2.409181000000000131e+04
8.297000000000000000e+03
2.002684000000000015e+04
2.147740000000000146e+04
1.888740000000000146e+04
2.463759000000000015e+04
6.756077999999999884e+04
1.990000000000000000e+04
3.695210000000000036e+03
3.686137000000000262e+04
1.305829999999999927e+04
8.213020000000000437e+03
2.733260000000000218e+03
6.229659999999999854e+03
1.656993999999999869e+04
5.535655999999999767e+04
1.655381999999999971e+04
6.309469999999999709e+04
1.942556999999999971e+04
4.647013999999999942e+04
2.884116999999999825e+04
1.180073699999999953e+05
2.408000000000000114e+02
2.480000000000000000e+02
6.889470000000000255e+03
3.605309999999999854e+04
4.625000000000000000e+03
6.810413000000000466e+04
1.402712000000000080e+04
1.984783000000000175e+04
2.092434000000000015e+04
2.416831999999999971e+04
1.637800000000000011e+02
4.905930000000000291e+03
1.596920000000000073e+04
9.962200000000000000e+04
1.022501199999999953e+05
1.344863999999999942e+04
1.950000000000000000e+02
5.000000000000000278e-02
7.216913999999999942e+04
1.817561000000000058e+04
2.700590000000000146e+03
2.915222999999999956e+04
1.672593999999999869e+04
2.975210000000000036e+03
1.404119999999999891e+03
4.789300000000000182e+03
2.431000000000000000e+03
4.623004000000000087e+04
6.050000000000000000e+02
1.911743000000000029e+04
7.840829999999999927e+03
6.628547000000000116e+04
3.749027999999999884e+04
1.564731999999999971e+04
4.092100000000000000e+04
8.565399999999999636e+02
1.260000000000000000e+04
1.023800000000000000e+04
1.498630000000000109e+03
3.268281000000000131e+04
1.490000000000000000e+04
5.093739999999999782e+03
1.216000000000000000e+03
3.919200000000000000e+04
1.706150000000000091e+03
6.469251999999999680e+04
8.942400000000000091e+02
2.588199999999999818e+03
5.394700000000000273e+02
2.214000000000000057e+02
4.794810000000000400e+03
4.376401999999999680e+04
3.167554000000000087e+04
7.170282000000000698e+04
7.180800000000000182e+03
5.289081999999999971e+04
7.858194000000000233e+04
3.152400000000000000e+04
2.868409999999999854e+04
2.400000000000000000e+04
1.711999999999999886e+02
1.452830999999999949e+04
5.594000000000000000e+03
8.987000000000000455e+02
1.742711999999999898e+04
6.015800000000000000e+04
1.208930000000000064e+03
5.931850000000000364e+03
8.396778999999999360e+04
2.486681600000000035e+05
5.261765000000000146e+04
1.080835000000000036e+04
8.565399999999999636e+03
2.520300000000000182e+03
3.600000000000000000e+04
1.245645000000000073e+04
2.223956199999999953e+05
3.622122000000000116e+04
1.166376000000000022e+04
1.137369999999999891e+03
5.213899999999999864e+02
4.384813999999999942e+04
1.531119999999999891e+03
3.363238999999999942e+04
5.552500000000000000e+02
8.871060000000000582e+04
1.006532899999999936e+05
4.638543000000000029e+04
9.287000000000000000e+03
1.190401000000000022e+04
1.123696999999999935e+04
7.079420000000000073e+03
1.063512999999999920e+04
2.326880000000000109e+03
2.714495999999999913e+04
2.820000000000000000e+03
8.556000000000000227e+01
6.957500000000000000e+02
4.200000000000000000e+03
1.115091300000000047e+05
2.361127000000000044e+04
1.412421999999999935e+04
2.689100000000000250e+02
7.369300000000000182e+03
1.000000000000000000e+03
8.180000000000000000e+02
5.200000000000000000e+04
1.460240999999999985e+04
2.820409999999999854e+03
1.759900000000000000e+04
5.640000000000000000e+04
4.654399999999999977e+02
6.197691999999999825e+04
2.352686000000000058e+04
4.194851999999999680e+04
6.712800000000000182e+03
2.986432199999999721e+05
1.258783999999999942e+05
9.661930000000000291e+03
8.470000000000000284e+01
1.341127000000000044e+04
9.636905999999999767e+04
1.465554999999999927e+04
2.831040999999999985e+04
1.783500000000000000e+03
1.598870999999999913e+04
3.237886000000000058e+04
1.643802000000000044e+04
1.632602999999999884e+05
5.036960000000000036e+03
5.928500000000000000e+04
1.361430999999999949e+04
2.737775000000000000e+04
2.551247999999999956e+04
4.815000000000000000e+03
2.520759000000000015e+04
4.389229999999999563e+03
3.963349999999999909e+03
2.678434999999999854e+04
1.934933000000000175e+04
1.216146999999999935e+04
1.824400000000000000e+04
9.000024000000000524e+04
1.884536999999999898e+04
2.957920000000000073e+03
8.799200000000000728e+03
3.337888999999999942e+04
6.220369999999999891e+03
2.720000000000000000e+03
1.603993000000000029e+04
3.942983999999999651e+04
3.172809000000000015e+04
3.599999999999999867e-01
1.995020000000000073e+04
8.261100000000000136e+02
2.332852000000000044e+04
4.077130999999999767e+04
6.260050000000000182e+03
1.672458000000000175e+04
2.636269999999999982e+03
2.163540999999999985e+04
1.053000000000000000e+03
2.118086000000000058e+04
1.658160299999999988e+05
9.671300999999999476e+04
1.740045000000000073e+04
6.941599999999999682e+02
5.257039999999999964e+03
1.260395999999999913e+04
5.500000000000000000e+02
3.069227000000000044e+04
9.903300000000000409e+02
1.552420000000000073e+04
1.554887000000000080e+04
8.399989999999999782e+03
1.231579999999999927e+03
4.297699999999999818e+02
6.940479999999999563e+03
4.573040000000000146e+04
2.852715000000000146e+04
2.459778699999999953e+05
5.561366000000000349e+04
1.220278000000000065e+04
3.518923999999999796e+04
1.119848999999999978e+04
4.896649999999999636e+03
8.261090000000000146e+03
4.237361000000000058e+04
6.587609999999999673e+03
5.933999999999999773e+02
6.268840000000000146e+03
4.565939999999999600e+03
3.957599999999999909e+03
1.477439999999999964e+04
4.698002999999999884e+05
6.969229999999999563e+03
5.919989999999999782e+03
5.368720000000000255e+03
1.015504999999999927e+04
9.571059999999999491e+03
1.336212999999999920e+04
2.255941499999999942e+05
2.249100000000000000e+04
1.796559999999999945e+03
1.168161000000000058e+04
1.929450000000000045e+03
2.718175000000000000e+04
1.307742799999999988e+05
3.761720999999999913e+04
1.067069999999999936e+03
1.562807999999999993e+04
1.754900000000000091e+02
1.928368999999999869e+04
1.926063999999999942e+04
5.296766999999999825e+04
2.230159000000000015e+04
1.800000000000000000e+03
2.315030000000000200e+03
3.587070000000000164e+03
3.116000000000000000e+03
9.111649999999999636e+03
4.082731999999999971e+04
9.800000000000000000e+03
7.710425999999999476e+04
1.063512999999999920e+04
1.597400000000000091e+02
1.792000999999999840e+04
2.045945999999999913e+04
3.605234999999999854e+04
1.259077000000000044e+04
1.742859999999999900e+03
2.313320999999999913e+04
3.268500000000000227e+02
1.160000000000000000e+02
1.668881999999999971e+04
1.060025000000000000e+04
6.898069999999999709e+03
1.484009999999999991e+03
9.477370000000000800e+03
3.405799999999999841e+02
1.353590999999999985e+04
2.578116999999999825e+04
2.984300000000000068e+02
4.772126000000000204e+04
3.307801999999999680e+04
7.468609999999999673e+03
7.787605999999999767e+04
6.539355999999999767e+04
2.821500000000000000e+04
8.400000000000000000e+03
4.810779299999999930e+05
8.066144999999999709e+04
8.570903999999999360e+04
6.064210000000000036e+03
8.779809999999999491e+03
4.958779999999999745e+03
7.785113999999999942e+04
4.995077999999999884e+04
1.001520999999999913e+04
1.784890000000000100e+03
7.737244999999999709e+04
1.361210000000000036e+03
1.060435399999999936e+05
1.742500000000000000e+03
4.131268400000000256e+05
2.660706599999999744e+05
2.559440000000000146e+04
2.937233000000000175e+04
2.143449999999999818e+03
3.560000000000000000e+03
1.460000000000000000e+02
5.006069999999999709e+03
3.620000000000000000e+03
4.172060000000000400e+03
1.598738999999999942e+04
3.120000999999999840e+04
2.903897999999999956e+04
3.695636000000000058e+04
8.304299999999999272e+03
2.080000000000000000e+03
1.281899999999999977e+02
1.535529999999999927e+04
2.976000000000000000e+03
3.227809999999999854e+04
3.073445999999999913e+04
9.795940000000000509e+03
8.084880000000000109e+03
6.116470000000000255e+03
4.998399999999999750e+02
2.310308000000000175e+04
2.465999999999999943e+02
3.803799999999999955e+02
5.474463999999999942e+04
9.255599999999999454e+02
2.604140000000000146e+04
1.622230000000000018e+03
2.582520000000000073e+04
9.028709999999999127e+03
4.532308000000000175e+04
4.924900000000000091e+02
1.379862399999999907e+05
3.537650000000000091e+03
3.600000000000000000e+02
3.897699999999999818e+02
3.379318000000000029e+04
7.371569999999999709e+04
2.342329999999999927e+04
7.962399999999999636e+03
5.669000000000000000e+03
1.714374000000000160e+04
1.455265999999999985e+04
2.227727999999999884e+04
1.248259000000000015e+04
6.074400000000000546e+02
1.982849999999999909e+03
1.068495999999999913e+04
7.388500000000000227e+02
6.048449999999999818e+03
6.099579999999999927e+03
3.165618900000000140e+05
1.367544000000000051e+04
2.337890700000000070e+05
1.180596999999999935e+04
2.094807999999999884e+05
1.236089999999999964e+04
5.089302999999999884e+04
1.128610000000000036e+04
2.021524000000000160e+04
4.040576500000000233e+05
2.962765999999999985e+04
8.568061000000000058e+04
5.803108999999999651e+04
7.522300000000000182e+02
1.316970000000000027e+03
8.702875000000000000e+04
1.504673299999999872e+05
5.902939999999999600e+03
1.291250000000000000e+03
1.207968099999999977e+05
3.955900000000000091e+03
1.783006999999999971e+04
2.500000000000000000e+02
2.536397000000000116e+04
1.728147099999999919e+05
5.415399999999999636e+03
2.729300000000000182e+03
1.478549999999999955e+03
3.667504000000000087e+04
9.119530000000000655e+03
2.748406999999999971e+04
1.162979000000000087e+04
8.894900000000000091e+02
2.521106000000000131e+04
1.561200000000000000e+04
8.800010000000000218e+03
9.131870000000000800e+03
1.129379000000000087e+04
4.813865000000000146e+04
1.386676000000000022e+04
1.145121999999999935e+04
2.663334000000000015e+04
4.438750000000000000e+03
7.269130000000000109e+03
2.612860000000000127e+03
2.978774000000000160e+04
1.730000000000000000e+02
5.103816999999999825e+04
1.035590000000000000e+05
2.823800000000000182e+03
1.525400000000000000e+04
5.525779999999999745e+03
7.968999999999999773e+02
3.603383999999999651e+04
4.572500000000000000e+04
5.811000000000000227e+02
1.229599999999999937e+02
4.563799999999999955e+02
2.251869999999999891e+03
3.607119999999999709e+04
1.092260000000000000e+05
1.830200000000000102e+02
5.353420000000000073e+03
5.808510000000000218e+03
1.805263200000000070e+05
1.314239999999999964e+04
1.421930999999999949e+04
2.889800000000000182e+02
5.384837999999999738e+04
3.995000000000000000e+02
1.409385000000000036e+04
8.529329999999999927e+03
5.602661000000000058e+04
4.812608000000000175e+04
1.443213299999999872e+05
1.451700000000000000e+04
9.091499999999999773e+02
3.499000000000000000e+03
2.944000000000000000e+04
3.497531400000000140e+05
5.785199999999999818e+02
8.546079999999999927e+03
4.469818000000000029e+04
1.178019999999999982e+03
3.572600000000000000e+04
5.769760000000000218e+03
8.136819999999999709e+03
1.981397999999999956e+04
8.197228999999999360e+04
4.222012000000000262e+04
5.790000000000000000e+02
2.232219999999999800e+03
2.361827999999999884e+04
1.971740000000000009e+03
2.465000000000000000e+03
7.222170000000000073e+03
2.967715000000000146e+04
8.720680000000000291e+03
5.250000000000000000e+03
4.862460000000000036e+03
2.500000000000000000e+03
3.429262999999999738e+04
8.013700000000000045e+02
1.879046900000000023e+05
3.676000000000000000e+04
5.657326000000000204e+04
3.593751999999999680e+04
3.742491000000000349e+04
1.358719000000000051e+04
4.237361000000000058e+04
1.073186000000000058e+04
1.860420000000000073e+03
1.376609200000000128e+05
6.706399999999999636e+03
2.933559999999999854e+04
5.996716000000000349e+04
4.783799999999999955e+02
6.842474000000000524e+04
7.802025000000000000e+04
2.082136999999999898e+04
1.020000000000000000e+03
1.654825000000000000e+04
4.206437999999999738e+04
9.698340000000000146e+03
2.184840000000000146e+04
2.906525999999999840e+04
1.183254000000000087e+04
5.036600000000000364e+03
7.108140000000000327e+03
3.222700000000000000e+04
2.317050000000000000e+04
1.430000000000000000e+03
3.675355000000000291e+04
6.868450999999999476e+04
6.393744000000000233e+04
5.757260000000000218e+03
2.310265999999999985e+04
3.523999999999999773e+02
1.875866999999999825e+04
1.355820999999999913e+04
9.622540000000000873e+03
1.626656999999999971e+04
8.550989999999999782e+03
4.230000000000000000e+04
9.095594000000000233e+04
1.242271999999999935e+04
5.851359999999999673e+03
3.461760000000000218e+03
1.233700000000000000e+04
5.800000000000000000e+02
2.635647000000000116e+04
3.150277999999999884e+04
1.230000000000000000e+03
7.065629200000000419e+05
1.651099000000000160e+04
9.189100000000000364e+03
3.351420000000000073e+03
5.630819999999999709e+03
4.082200000000000000e+04
1.899016000000000058e+05
8.592530000000000291e+04
2.774000000000000000e+04
4.264208300000000163e+05
1.466500299999999988e+05
2.080000000000000000e+03
4.087039999999999964e+03
2.037288000000000102e+04
3.361925900000000256e+05
3.487699999999999818e+02
2.276047999999999956e+04
2.538829999999999927e+04
1.878752999999999884e+04
1.579042000000000007e+04
1.509058399999999965e+05
3.910908000000000175e+04
1.428400000000000000e+04
1.707509999999999854e+04
2.244059999999999945e+03
1.369470000000000073e+04
5.008299999999999841e+02
6.332507900000000373e+05
6.600000000000000000e+03
5.539931999999999971e+04
6.100000000000000000e+01
3.232409999999999854e+03
3.247215000000000146e+04
3.000000000000000000e+03
1.276500000000000057e+02
2.204289999999999964e+03
2.271075999999999840e+04
1.347131999999999971e+04
1.529509999999999991e+03
1.445726000000000022e+04
4.260105999999999767e+04
3.212990000000000146e+04
1.239670000000000073e+03
6.007199999999999818e+03
2.716510000000000218e+03
1.192800000000000000e+04
1.223970999999999913e+04
1.690777500000000000e+05
3.447223000000000320e+04
8.141789999999999964e+03
1.163271999999999935e+04
2.913329999999999927e+03
3.384019999999999982e+03
6.207479000000000087e+04
8.910000000000000000e+02
3.351679999999999836e+03
1.361991499999999942e+05
1.590863999999999942e+04
4.229739999999999782e+03
4.062195999999999913e+04
1.536520000000000073e+04
6.876100000000000136e+02
7.900489999999999782e+03
4.664550000000000182e+03
9.235378999999999360e+04
1.148819999999999936e+03
1.342160000000000036e+04
9.467427999999999884e+04
1.944000000000000000e+04
1.333787699999999895e+05
1.430099999999999909e+02
5.376710000000000036e+03
2.750000000000000000e+03
3.120400000000000205e+02
6.193999999999999773e+01
3.448620999999999913e+04
4.347520000000000437e+03
9.535159999999999854e+03
2.211880000000000109e+03
5.116755000000000291e+04
1.000000000000000000e+04
3.260600000000000023e+02
2.250452000000000044e+04
3.267279999999999927e+04
1.239907999999999993e+04
3.591289999999999964e+03
1.312788699999999953e+05
2.061500000000000000e+04
8.212983999999999651e+04
1.786289999999999964e+03
3.324159999999999854e+03
6.470000000000000000e+04
2.367849000000000160e+04
1.599996999999999935e+04
2.328838000000000102e+04
7.760000000000000000e+03
3.671291999999999825e+04
1.617529999999999973e+03
5.834680000000000291e+03
1.295380000000000109e+03
3.449672000000000116e+04
5.190762999999999738e+04
6.740547000000000116e+04
4.354272000000000116e+04
2.027841999999999825e+04
1.735200000000000045e+03
6.670760000000000218e+03
2.635493000000000029e+04
4.150000000000000000e+04
2.145915999999999985e+04
3.227604999999999927e+04
2.772099999999999795e+02
5.342699999999999818e+03
2.227727999999999884e+04
4.310412999999999738e+04
1.458799999999999955e+02
9.744600000000000364e+02
2.991675000000000000e+04
6.620727999999999884e+04
1.110780999999999949e+04
2.244763999999999942e+04
8.272819999999999709e+03
2.051152000000000044e+04
4.927798999999999796e+04
8.481129999999999200e+03
1.530000000000000000e+04
3.774398000000000320e+04
2.076199999999999818e+03
5.258300000000000182e+03
9.298209999999999127e+03
3.575539999999999964e+03
3.458299999999999841e+02
1.209215999999999985e+04
6.942149999999999636e+03
5.262959999999999854e+04
1.734036000000000058e+04
4.129173999999999796e+04
1.673147000000000116e+04
2.464619999999999891e+03
1.925779999999999927e+04
6.461079999999999927e+03
3.233999999999999773e+02
2.015515999999999985e+04
1.157000000000000028e+02
1.241970000000000027e+03
2.644710000000000036e+03
2.514531000000000131e+04
3.108000000000000000e+04
6.618869000000000233e+04
2.376800000000000182e+03
3.269036000000000058e+04
5.625631999999999971e+04
7.891489999999999782e+03
7.366699999999999591e+02
2.805000000000000000e+02
2.612233000000000175e+04
1.387111700000000128e+05
2.721411000000000058e+04
1.992663999999999942e+04
1.576204999999999927e+04
5.856500000000000000e+03
1.488344000000000051e+04
6.153843900000000140e+05
4.780000000000000000e+03
5.522222000000000116e+04
3.239922999999999956e+04
1.124614999999999964e+04
3.168700000000000045e+02
4.701470000000000255e+03
5.176900000000000546e+02
2.298629000000000087e+04
2.383022999999999956e+04
6.132949999999999818e+03
1.352930999999999949e+04
6.442795999999999913e+04
2.155920000000000073e+03
2.615797999999999956e+04
3.051624000000000160e+04
6.027200000000000273e+02
5.050202999999999884e+04
2.370000000000000000e+03
1.103945000000000073e+04
1.562488800000000047e+05
6.556890000000000327e+03
3.137565999999999985e+04
4.994420999999999913e+04
1.057101799999999930e+05
1.149551600000000035e+05
1.223750000000000000e+03
1.045337000000000080e+04
4.701569999999999709e+03
1.566705999999999949e+04
7.906069999999999709e+03
2.248593999999999869e+04
3.262252999999999884e+04
6.878653499999999767e+05
1.526745000000000073e+04
1.463344000000000051e+04
2.018568000000000029e+04
3.790669999999999709e+04
2.393824000000000160e+04
5.760010000000000218e+03
1.599800000000000000e+04
1.033850000000000000e+04
2.982400000000000091e+02
2.494019999999999982e+03
8.924467999999999302e+04
2.677968999999999869e+04
2.135081000000000131e+04
1.486505999999999949e+04
2.742260000000000218e+03
1.013151699999999983e+05
2.173486000000000058e+04
1.390813999999999942e+04
4.696694000000000233e+04
3.423341999999999825e+04
7.209999999999999432e+01
2.515781000000000131e+04
4.526070999999999913e+04
1.113844000000000051e+04
1.562765999999999985e+04
2.417915999999999985e+04
2.636675999999999840e+04
6.705470000000000255e+03
3.908525000000000000e+04
6.033300000000000409e+02
1.653500000000000000e+03
2.913688000000000102e+04
1.980678900000000140e+05
1.205056999999999971e+05
1.674061000000000058e+04
7.807899999999999636e+02
2.870375999999999840e+04
1.959033000000000175e+04
2.561504800000000105e+05
7.993899999999999864e+02
2.365440000000000055e+03
1.310600000000000000e+04
7.419760000000000218e+03
6.765909999999999854e+03
1.121212999999999920e+04
1.250049999999999955e+03
1.926399999999999864e+02
5.231750000000000000e+03
2.195000000000000000e+02
8.093750000000000000e+03
2.554324000000000160e+04
2.943715999999999985e+04
9.727930000000000291e+04
1.401723999999999978e+04
8.083099999999999454e+02
4.558799999999999955e+02
1.025170000000000073e+04
9.565430000000000291e+03
5.698779999999999745e+03
1.575000000000000000e+04
9.871299999999999272e+03
3.719027999999999884e+04
5.176640000000000327e+03
8.519199999999999591e+02
3.347320999999999913e+04
8.394160000000000582e+04
1.724000000000000000e+03
3.213813999999999942e+04
8.210610000000000582e+03
1.295306600000000035e+05
1.250798999999999978e+04
8.766930000000000291e+03
1.285793000000000029e+04
3.673929999999999836e+03
5.553449999999999818e+03
3.148030000000000200e+03
1.951815999999999985e+04
4.699736000000000058e+04
1.040976000000000022e+04
1.564000000000000000e+03
6.950900000000000318e+02
1.977150000000000000e+04
6.616599999999999682e+02
2.285949999999999818e+03
1.737400000000000000e+04
2.275159000000000015e+04
7.158158000000000175e+04
1.232554999999999927e+04
2.000000000000000000e+03
4.134500000000000000e+04
2.718415999999999985e+04
2.042187399999999907e+05
5.000000000000000000e+02
2.258019999999999982e+03
7.900000000000000000e+02
3.724139999999999873e+03
1.334153000000000065e+04
2.119840000000000146e+03
7.371390000000000327e+03
5.600000000000000000e+03
8.578809999999999491e+03
2.838297999999999956e+04
7.423664999999999418e+04
6.614529999999999745e+03
3.237599999999999909e+02
1.094029999999999973e+03
9.897967999999999302e+04
1.231210000000000036e+03
4.768079999999999927e+03
2.323697999999999956e+04
9.406000000000000000e+03
1.574927000000000044e+04
4.882699999999999818e+02
9.050452000000000407e+04
1.023000000000000000e+03
2.749760000000000218e+03
1.430817000000000007e+04
3.356901000000000204e+04
6.842960000000000036e+03
1.561440000000000055e+03
4.072973999999999796e+04
2.899325999999999840e+04
3.938210000000000036e+03
1.925856999999999971e+04
7.048836000000000058e+04
1.937500000000000000e+04
1.478710000000000036e+03
7.569920000000000073e+03
3.261736999999999898e+04
3.175799999999999841e+02
1.900627999999999884e+04
3.828940000000000055e+03
1.239161000000000058e+04
9.685900000000000318e+02
1.025341399999999994e+05
1.059960000000000036e+04
2.022109999999999900e+03
2.725650999999999840e+04
2.679881000000000131e+04
1.335771999999999935e+04
4.498312999999999738e+04
2.379530000000000200e+03
1.611862799999999988e+05
2.928400999999999840e+04
1.244454000000000087e+04
3.785294999999999709e+04
3.379615000000000146e+04
1.031299999999999955e+02
1.049851000000000022e+04
2.552770000000000073e+04
3.971000000000000000e+03
1.680959000000000015e+04
2.025609999999999900e+03
2.189499999999999886e+02
2.019589999999999918e+03
3.660194999999999709e+04
6.434476000000000204e+04
7.842380000000000109e+03
3.930139999999999873e+03
7.789041000000000349e+04
1.535995000000000073e+04
7.758213000000000466e+04
2.368530000000000200e+03
1.399609000000000015e+04
8.135600000000000000e+04
6.764819999999999709e+03
9.643639999999999418e+03
1.080915999999999985e+04
4.146659999999999854e+03
1.101721999999999935e+04
4.290798999999999796e+04
1.000050000000000000e+04
2.000000000000000000e+03
5.801510000000000218e+03
1.056267000000000007e+04
2.146499000000000160e+04
5.221340000000000146e+03
4.900359999999999673e+03
4.392154000000000087e+04
2.000099999999999909e+03
4.710739999999999782e+03
6.338630000000000291e+04
6.140516999999999825e+04
1.091759999999999991e+03
9.100383999999999651e+04
1.621946300000000047e+05
6.000000000000000000e+02
3.437347000000000116e+04
3.366854000000000087e+04
2.634215999999999985e+04
4.207480999999999767e+04
5.033708000000000175e+04
1.731929999999999927e+04
1.396800000000000068e+02
5.783658000000000175e+04
1.167039999999999964e+04
2.771000000000000227e+02
3.723872000000000116e+04
4.560000000000000000e+04
1.087137000000000080e+04
1.460163999999999942e+04
1.589953000000000065e+04
1.888654999999999927e+04
3.652876000000000204e+04
1.322299999999999898e+02
7.451200000000000000e+04
3.387099999999999795e+02
2.449943999999999869e+04
1.468000000000000000e+04
4.395927999999999884e+04
6.674359999999999673e+03
1.549813500000000058e+05
1.603499999999999943e+02
1.044463300000000017e+05
1.460975000000000000e+04
6.254244000000000233e+04
2.827559999999999945e+03
3.532800000000000000e+04
1.532245999999999913e+04
8.062510000000000218e+03
1.441982000000000116e+05
2.928210000000000036e+03
8.288099999999999454e+02
4.807699999999999818e+02
1.623750000000000000e+04
2.671989999999999782e+03
6.479000000000000000e+04
1.188000000000000000e+03
3.080254000000000087e+04
4.220984999999999854e+04
8.393780000000000655e+03
1.080731399999999994e+05
5.359299999999999500e+02
1.287826000000000022e+04
1.395331300000000047e+05
3.720000000000000000e+02
6.035340000000000146e+03
2.000000000000000042e-02
1.569093000000000029e+04
4.800000000000000000e+03
4.684659999999999854e+03
2.719700000000000273e+02
1.335456700000000128e+05
1.486382000000000116e+05
6.141815000000000146e+04
3.808299999999999841e+02
5.070409999999999854e+03
6.023720000000000255e+03
9.513879999999999200e+03
4.984369999999999891e+03
1.240504000000000087e+04
1.026000000000000000e+04
4.167840000000000146e+03
2.249238999999999942e+04
2.205103699999999953e+05
4.086005999999999767e+04
8.565399999999999636e+02
7.514800000000000182e+02
1.079266699999999983e+05
6.467400000000000091e+02
2.000000000000000000e+04
7.874130000000000109e+03
4.079438999999999942e+04
3.721639400000000023e+05
4.780310000000000400e+03
1.261978000000000065e+04
7.440000000000000000e+03
2.720000000000000000e+02
9.704600000000000364e+02
2.446170000000000073e+03
7.437800999999999476e+04
3.407860000000000127e+03
3.263383000000000175e+04
1.413022999999999956e+04
1.181990000000000009e+03
2.960897000000000116e+04
1.426586000000000058e+04
6.301920000000000073e+03
3.128795000000000073e+04
2.338087000000000116e+05
2.575449999999999818e+03
5.300000000000000000e+02
1.039000000000000000e+04
4.466100000000000136e+02
1.381000000000000050e+01
5.541736000000000058e+04
1.322104000000000087e+04
2.250000000000000000e+04
4.808700000000000045e+02
1.051702500000000000e+05
9.000229999999999563e+03
1.500000000000000000e+03
6.637600000000000364e+03
8.284030000000000655e+03
2.456631000000000131e+04
1.350825599999999977e+05
3.534579999999999927e+03
4.150840000000000146e+03
7.663700000000000045e+02
2.298800000000000182e+03
5.518948999999999796e+04
1.736499000000000160e+04
2.757506000000000131e+04
2.353775000000000000e+04
8.262280000000000655e+03
2.000000000000000000e+02
4.030983999999999651e+04
1.767500000000000000e+04
5.599800000000000182e+02
7.010599999999999454e+02
1.703500999999999840e+04
8.025050000000000182e+03
9.536499999999999773e+02
2.372199999999999989e+02
1.689468999999999869e+04
5.298672000000000116e+04
5.645488999999999942e+04
2.322611999999999898e+04
3.030036999999999898e+04
4.986299999999999955e+02
7.000000000000000000e+04
1.694309999999999854e+04
1.070112799999999988e+05
3.660250000000000000e+03
3.672840000000000146e+03
3.952380000000000109e+03
3.333500000000000000e+03
2.417486999999999898e+04
5.527000000000000000e+03
5.461699999999999591e+02
2.235690999999999985e+04
8.176819999999999709e+03
1.449575799999999872e+05
2.826400000000000091e+03
3.660750000000000000e+04
6.571640000000000327e+03
1.800000000000000000e+03
3.624829999999999927e+03
4.126899999999999977e+02
2.818302000000000044e+04
2.497943999999999869e+04
1.261279999999999927e+04
1.655640000000000100e+03
9.338999999999999773e+02
4.022599999999999909e+03
1.889410000000000082e+03
1.473268000000000029e+04
4.383289999999999964e+03
2.914427999999999884e+04
2.477568000000000029e+04
2.618100000000000000e+04
4.044679999999999836e+03
6.050499999999999545e+02
2.736000000000000000e+04
7.345413000000000466e+04
6.630450999999999476e+04
2.422677000000000044e+04
4.357943000000000029e+04
1.161600000000000000e+04
8.692010000000000218e+03
2.055465000000000146e+04
3.569106999999999971e+04
3.334000000000000000e+03
4.168609999999999673e+03
2.673439899999999907e+05
1.685000000000000000e+03
8.082799999999999727e+02
1.268549999999999955e+03
7.360264999999999418e+04
4.012152999999999884e+04
1.911363000000000102e+04
5.102480000000000291e+04
1.841652999999999884e+05
2.475699999999999932e+02
4.140000000000000000e+03
6.689577999999999884e+04
1.328099999999999909e+03
2.086897999999999956e+04
4.910554000000000087e+04
1.473544500000000116e+05
2.337504000000000087e+04
3.049072700000000186e+05
6.000000000000000000e+02
1.463231400000000140e+05
1.970599999999999909e+03
2.675380000000000109e+03
1.440072999999999956e+04
6.549750000000000000e+03
8.138383000000000175e+04
1.373670000000000073e+04
2.762500000000000000e+03
4.033595999999999913e+04
4.257600000000000364e+03
3.779029000000000087e+04
2.450000000000000000e+03
5.148390000000000146e+04
1.795531000000000131e+04
7.179989999999999418e+04
4.027323999999999796e+04
1.217680999999999949e+04
2.025000000000000000e+03
1.153706999999999971e+04
2.737800000000000000e+04
1.574609999999999900e+03
1.083880000000000109e+03
7.745205000000000291e+04
7.046119999999999891e+03
1.676287799999999988e+05
1.735029999999999973e+03
1.033500000000000000e+04
1.212983600000000006e+05
1.000004000000000087e+04
1.139611000000000058e+04
1.494631999999999971e+04
5.353799999999999955e+02
3.511299999999999955e+02
5.690829999999999927e+03
8.624750000000000000e+03
9.638079999999999927e+03
2.943115900000000256e+05
4.924094999999999709e+04
2.337279999999999927e+04
1.222411000000000058e+04
8.876000000000000512e+01
3.339599999999999795e+02
2.823829999999999927e+04
1.060990000000000009e+03
4.640000000000000000e+02
3.225280000000000200e+03
6.614000000000000000e+03
5.370845999999999913e+04
7.723930000000000291e+03
6.480000000000000000e+04
2.030250000000000000e+03
7.994920000000000073e+03
4.039250000000000000e+04
2.568960000000000036e+03
1.552420000000000073e+04
1.852431000000000131e+04
1.094529999999999973e+03
5.700000000000000000e+03
8.901499999999999773e+02
6.410979999999999563e+03
1.233413999999999942e+04
1.600000000000000033e-01
1.491653000000000065e+04
1.240097999999999956e+04
5.290029999999999745e+03
3.598444000000000233e+04
2.118849999999999909e+03
4.605980000000000291e+04
5.163000000000000000e+03
1.927281600000000035e+05
1.497290999999999985e+04
3.290283000000000175e+04
5.928462000000000262e+04
3.458299999999999841e+02
2.082615000000000146e+04
4.365784999999999854e+04
4.379609999999999673e+03
1.777523599999999860e+05
2.002450000000000045e+03
1.850220000000000073e+04
1.171120700000000070e+05
9.819400000000000546e+02
5.057819999999999709e+03
2.105984000000000015e+04
5.416033999999999651e+04
7.733300999999999476e+04
4.919000000000000000e+03
1.648499999999999943e+02
8.750000000000000000e+02
1.245668000000000029e+04
2.373610000000000127e+03
2.634127000000000044e+04
1.012898999999999978e+04
7.810489999999999782e+03
2.437519999999999982e+03
5.492800000000000182e+03
1.149748000000000029e+05
1.593609999999999900e+03
1.167890999999999985e+04
2.104186999999999898e+04
1.056428500000000058e+05
1.298946999999999935e+04
1.043061699999999983e+05
3.718612999999999738e+04
1.827220000000000073e+04
9.604600000000000000e+04
2.761199999999999818e+03
5.975656999999999971e+04
1.197009000000000015e+04
1.289399999999999977e+02
1.458764299999999930e+05
7.354420000000000073e+03
1.445152000000000044e+04
7.368403999999999360e+04
1.256500000000000000e+03
1.907859999999999900e+03
1.667598099999999977e+05
1.415796999999999935e+04
2.185047999999999956e+04
1.090417000000000007e+04
1.040069999999999936e+03
7.489900000000000000e+04
2.061559999999999945e+03
6.198826999999999680e+04
2.843861000000000058e+04
3.283639999999999873e+03
3.715401999999999680e+04
2.352519999999999982e+03
5.702300000000000182e+02
2.203399000000000160e+04
2.960000000000000000e+02
3.700000000000000000e+03
1.150660000000000036e+04
9.727000000000000000e+03
1.295400000000000091e+03
1.914215999999999985e+04
7.600680000000000291e+03
7.108500000000000227e+02
6.570639999999999418e+04
1.899504000000000087e+04
1.218000000000000000e+03
1.852170000000000073e+03
6.447100000000000364e+02
1.957465999999999985e+04
2.923300000000000182e+03
1.546143000000000029e+04
6.157333000000000175e+04
7.284600000000000364e+02
3.272588999999999942e+04
4.181029000000000087e+04
7.099779999999999745e+03
9.541319999999999709e+03
4.007119000000000233e+04
2.054402799999999988e+05
7.500000000000000000e+01
8.867013999999999942e+04
9.007338000000000466e+04
1.897899999999999920e+02
1.780004000000000087e+04
4.446319999999999709e+03
2.324739999999999782e+03
2.338779000000000087e+04
1.811134999999999854e+04
7.390786000000000058e+04
5.322479999999999563e+03
1.849589999999999918e+03
8.364420000000000073e+03
5.972449999999999818e+03
1.438317799999999988e+05
3.301320000000000164e+03
8.137283999999999651e+04
4.467441999999999825e+04
4.026866999999999825e+04
5.863600000000000136e+02
2.592290000000000146e+04
1.901309999999999854e+04
3.243938999999999942e+04
2.508374000000000160e+04
9.244940000000000509e+03
9.440000000000000000e+03
9.528738999999999942e+04
1.738413999999999942e+04
2.711630000000000109e+03
4.160912000000000262e+04
1.239560000000000036e+04
5.116351999999999680e+04
6.069279999999999745e+03
1.712400000000000091e+03
5.667529000000000087e+04
3.077718999999999869e+04
2.679059999999999945e+03
1.211327000000000044e+04
5.732180000000000291e+03
1.214799999999999955e+03
1.410860000000000036e+04
2.880002000000000044e+04
3.639437000000000262e+04
1.947100000000000000e+04
1.125705999999999949e+04
1.529188999999999942e+04
3.116000000000000000e+04
2.545602000000000044e+04
7.691000000000000227e+02
3.539669000000000233e+04
1.558911000000000058e+04
5.661600000000000000e+04
2.254006999999999971e+04
1.206079000000000087e+04
5.397766500000000233e+05
1.670175000000000000e+04
1.918000000000000114e+02
5.373000000000000000e+03
2.008790999999999985e+04
1.081069000000000051e+04
4.301529999999999745e+03
5.160000000000000000e+02
3.595540000000000146e+04
4.223816999999999825e+04
0.000000000000000000e+00
2.778059999999999945e+03
2.090372999999999956e+04
9.844170000000000073e+03
1.652466999999999825e+04
8.146079999999999927e+03
1.205000000000000000e+02
5.259754000000000087e+04
1.916991999999999825e+04
8.125816999999999825e+04
6.942000000000000000e+04
4.547200000000000000e+04
3.980699999999999818e+03
1.102747500000000000e+05
3.608559999999999945e+03
4.608000000000000000e+03
1.347100000000000080e+02
8.464120000000000800e+03
5.671916999999999825e+04
1.659277000000000044e+04
7.825689999999999600e+03
8.196319999999999709e+03
2.298309999999999854e+04
8.159485000000000582e+04
1.672158000000000175e+04
6.400000000000000000e+03
8.877899999999999636e+02
9.375120000000000800e+03
1.975400000000000000e+04
1.717500000000000000e+02
5.083000000000000000e+03
1.666800000000000068e+02
2.665079999999999927e+03
1.000000000000000021e-02
6.617939999999999418e+04
1.970200000000000045e+03
6.082912500000000000e+05
2.484431000000000131e+04
9.821680000000000291e+03
2.880422000000000116e+04
2.132861999999999898e+04
9.013440000000000509e+03
2.468589800000000105e+05
1.952371600000000035e+05
2.246841900000000023e+05
2.719500000000000000e+03
9.876417999999999302e+04
2.857695000000000073e+04
5.341659999999999854e+03
1.113839999999999964e+04
1.075292000000000007e+04
5.411533000000000175e+04
4.399947000000000116e+04
1.125819000000000051e+04
1.350520000000000073e+04
1.258211000000000058e+04
6.453779999999999745e+03
1.489953000000000065e+04
2.862040999999999985e+04
6.407999999999999545e+02
6.758100000000000364e+03
1.977795999999999913e+04
3.438679999999999836e+03
1.312212000000000080e+04
6.695663000000000466e+04
1.824920000000000073e+03
6.217300000000000182e+02
1.534431999999999971e+04
1.673334000000000015e+04
4.317510000000000218e+03
1.239000000000000000e+04
4.482898999999999796e+04
4.800400000000000205e+02
3.486690000000000146e+04
3.713227999999999884e+04
4.438529000000000087e+04
7.237000000000000000e+03
2.137772000000000116e+04
2.326284899999999907e+05
3.499599999999999795e+02
1.891309999999999854e+04
1.643377999999999884e+04
1.520799999999999955e+03
3.096047000000000116e+04
1.305818399999999965e+05
2.935693999999999869e+04
2.769816999999999825e+04
4.095349999999999909e+03
8.969086000000000058e+04
1.039490000000000009e+03
5.591569999999999709e+03
4.230000000000000000e+03
5.452400000000000091e+02
3.378176000000000204e+04
6.474299999999999500e+02
8.328690000000000509e+03
1.177057999999999993e+04
2.346610000000000127e+03
4.996425000000000000e+04
3.973323999999999796e+04
2.049970000000000073e+04
7.591819999999999709e+03
3.632349999999999909e+03
2.305427699999999895e+05
7.382000000000000455e+02
1.720152000000000044e+04
3.500000000000000000e+03
1.948600000000000136e+02
6.099072000000000116e+04
9.923579999999999927e+03
2.145000000000000000e+03
4.404548999999999796e+04
1.409920000000000073e+04
1.690695000000000073e+04
1.394954599999999919e+05
1.032720000000000073e+04
1.679493999999999869e+04
2.793388000000000102e+04
6.653188000000000466e+04
2.601999999999999957e+01
6.753869999999999891e+03
4.790099999999999909e+02
1.200000000000000000e+04
2.369370999999999913e+04
3.458993000000000029e+04
1.535220999999999913e+04
1.242412999999999920e+04
1.672506000000000131e+04
3.201068999999999869e+04
1.749799999999999898e+02
4.839609999999999673e+03
1.652681000000000131e+04
3.894604000000000087e+04
1.329390000000000100e+03
2.111199000000000160e+04
9.726799999999999500e+02
4.486649999999999636e+03
4.524840000000000146e+04
2.711754000000000087e+04
1.497019999999999982e+03
3.501899999999999977e+02
2.870090000000000146e+03
3.111600000000000250e+02
2.147968000000000029e+04
1.176665299999999988e+05
1.171846999999999935e+04
2.325100999999999840e+04
6.265720000000000255e+03
1.110000000000000000e+04
1.245645000000000073e+04
4.819948999999999796e+04
8.633159999999999854e+03
8.923500000000000000e+03
1.403335000000000036e+04
1.804318999999999869e+04
1.074311000000000058e+05
1.987815000000000146e+04
7.187000000000000455e+02
1.525388999999999942e+04
7.703888000000000466e+04
2.825329999999999927e+04
3.708980000000000018e+03
1.020352000000000044e+04
1.877597999999999956e+04
1.840000000000000000e+03
1.534730000000000018e+03
1.277399999999999949e+02
4.426859999999999673e+03
3.790000000000000000e+03
5.656130000000000291e+04
8.831159999999999854e+03
1.135894000000000051e+04
7.379739999999999782e+03
3.488576999999999680e+04
2.035309999999999854e+04
3.598101999999999680e+04
1.899500000000000000e+03
2.174300000000000068e+02
6.746819999999999709e+03
9.189680000000000291e+03
3.666659999999999854e+03
7.105086999999999534e+04
4.198115000000000146e+04
9.265110000000000582e+03
1.161000000000000000e+03
1.735539999999999964e+03
4.831899999999999636e+03
3.043390000000000146e+04
2.049243000000000029e+04
9.851190000000000509e+03
2.270922999999999884e+05
1.873420000000000073e+04
2.764670999999999913e+04
1.149270000000000000e+05
2.797790000000000146e+04
1.620690000000000055e+03
1.495312999999999920e+04
1.399798999999999978e+04
2.300000000000000000e+03
1.253000000000000000e+04
5.630688999999999942e+04
3.347126000000000204e+04
5.135838999999999942e+04
4.317699999999999818e+02
4.672641000000000349e+04
3.210990000000000146e+04
4.148631999999999971e+04
6.947340000000000146e+03
2.450247999999999956e+04
1.995000000000000000e+04
4.130000000000000000e+03
5.051284999999999854e+04
1.912688999999999942e+04
1.603047999999999956e+04
6.757840000000000146e+03
8.188000000000000000e+03
7.647000000000000000e+03
3.525999999999999801e+01
6.223999999999999773e+02
1.669619999999999891e+03
6.614899999999999636e+03
3.600000000000000000e+03
6.292600000000000364e+03
1.544319999999999936e+03
3.034518000000000029e+04
2.370615999999999985e+04
1.872299999999999898e+02
1.881238999999999942e+04
2.572113299999999872e+05
1.078320999999999913e+04
7.014130000000000109e+03
7.031149999999999636e+03
1.706665999999999985e+04
3.062190000000000055e+03
2.783150000000000000e+04
4.934262000000000262e+04
3.517570999999999913e+04
5.709776000000000204e+04
3.500000000000000000e+02
1.286279999999999973e+03
3.996856999999999971e+04
8.131294000000000233e+04
1.961599999999999966e+02
2.753872999999999956e+04
7.610569999999999709e+03
2.574715000000000146e+04
1.983460000000000036e+03
6.419473000000000320e+04
5.331299999999999955e+02
4.068687999999999738e+04
1.280000000000000000e+04
1.222140000000000100e+03
2.073000000000000000e+03
5.575999999999999801e+01
1.623799999999999955e+03
6.962800000000000182e+03
9.000000000000000000e+03
2.972039999999999964e+03
1.652934999999999854e+04
5.855130000000000109e+03
7.015713000000000466e+04
2.928000000000000000e+03
1.468101000000000022e+04
1.037965999999999985e+04
8.082230999999999767e+04
1.231410000000000082e+03
1.718600000000000136e+02
2.163720000000000073e+04
1.284142000000000007e+04
8.277211999999999534e+04
1.045604000000000087e+04
1.411839999999999964e+04
1.123967000000000007e+04
2.815700000000000000e+04
6.393458000000000175e+04
1.498770999999999913e+04
1.030720000000000073e+04
2.169199000000000160e+04
4.276745999999999913e+04
2.167909000000000015e+04
2.244110000000000127e+03
5.253493000000000029e+04
3.305162000000000262e+04
1.013403000000000065e+04
3.695444000000000233e+04
6.455739999999999782e+03
6.777050000000000182e+03
7.745649999999999636e+03
3.500000000000000000e+03
1.041626399999999994e+05
1.893149000000000160e+04
1.922670000000000073e+04
2.201043000000000029e+04
1.674099999999999909e+03
5.569825000000000000e+04
1.017571999999999935e+04
8.215879999999999200e+03
5.014300000000000182e+03
1.450000000000000000e+02
1.609250000000000000e+03
1.295380000000000109e+03
1.639256999999999971e+04
2.205190999999999985e+04
3.452480000000000018e+03
3.966680000000000291e+04
7.109000000000000341e+01
1.173572999999999956e+04
3.081318000000000029e+04
5.668439999999999600e+03
1.491470000000000027e+03
5.617400000000000091e+02
1.105470000000000073e+04
4.055793000000000029e+04
1.387740000000000009e+03
4.393239999999999782e+03
2.526911999999999898e+04
1.805263200000000070e+05
3.826449999999999818e+03
8.634700000000000273e+02
8.954999999999999716e+01
1.120840000000000000e+05
2.614147999999999956e+04
4.446226999999999680e+04
4.152416000000000349e+04
3.472850000000000000e+04
6.244519999999999709e+04
4.285500000000000000e+04
4.101409999999999854e+04
4.691541000000000349e+04
3.235734000000000015e+04
1.925309999999999945e+03
4.249775000000000000e+04
2.414552999999999884e+04
3.277179000000000087e+04
1.824618999999999869e+04
3.976409999999999854e+04
3.796100000000000000e+04
5.988369999999999891e+03
5.138039999999999964e+03
6.947358000000000175e+04
3.334000000000000000e+03
9.690610000000000582e+03
5.410283999999999651e+04
5.724000000000000000e+03
4.159489999999999782e+03
1.260372999999999956e+04
6.206699999999999591e+02
3.162422999999999956e+04
3.765780000000000200e+03
3.717000000000000000e+03
3.216283000000000175e+04
3.392626999999999680e+04
1.517139999999999964e+04
4.708867800000000279e+05
3.859062999999999738e+04
2.740771300000000047e+05
4.532551000000000204e+04
2.706218000000000029e+04
4.261877999999999884e+04
3.525455999999999767e+04
2.619900000000000091e+02
7.116299999999999955e+02
1.765554999999999927e+04
1.605832999999999993e+04
5.016499999999999773e+02
4.166710000000000036e+03
6.505613999999999942e+04
3.351648000000000320e+04
4.441000000000000227e+02
5.736369999999999891e+03
5.657326000000000204e+04
1.451600000000000000e+04
5.716900000000000000e+04
6.545599999999999454e+02
6.177270000000000437e+03
1.574457999999999993e+04
2.132340000000000146e+03
1.010345999999999913e+04
3.098739999999999782e+03
2.708824000000000160e+04
2.917590499999999884e+05
1.171428000000000065e+04
6.891500000000000000e+03
2.810199999999999818e+02
3.593600000000000136e+02
1.126157999999999993e+04
1.231112000000000080e+04
5.361299999999999955e+02
3.378299999999999841e+02
2.733813000000000102e+04
1.240410000000000082e+03
4.105369999999999891e+03
1.087417899999999936e+05
1.730019299999999930e+05
1.261769999999999982e+03
1.081323999999999978e+04
2.874263000000000102e+04
4.500000000000000000e+03
8.547079999999999927e+03
5.293298000000000320e+04
2.326880000000000109e+03
3.622875000000000000e+04
7.555600000000000364e+03
3.093999999999999773e+02
2.042208000000000175e+04
8.138763999999999942e+04
4.061349999999999909e+03
1.024769999999999982e+03
4.004112000000000262e+04
8.450399999999999636e+02
4.080000000000000000e+03
2.137280000000000200e+03
1.008224100000000035e+05
7.674963999999999942e+04
2.437700000000000102e+02
2.750559999999999945e+03
1.486999999999999922e+01
1.134550000000000000e+05
3.922775000000000000e+04
8.400000000000000000e+03
5.649600000000000364e+02
6.301100000000000136e+02
8.243455000000000291e+04
2.099277999999999884e+04
1.188439900000000052e+05
2.250000000000000000e+04
1.345259899999999907e+05
7.278930000000000291e+03
2.705340000000000146e+04
4.566600000000000250e+02
2.911599000000000160e+04
2.856100000000000136e+02
1.398013999999999942e+04
4.027323999999999796e+04
4.007400000000000091e+02
5.236201000000000204e+04
4.978690000000000146e+04
1.340605999999999949e+04
3.729505999999999767e+04
9.589190000000000509e+03
2.160670000000000073e+03
1.487603000000000065e+04
1.016150000000000000e+04
3.175609999999999854e+04
4.281054000000000087e+04
1.323099999999999909e+03
5.316479999999999563e+03
7.786729999999999563e+03
2.374030700000000070e+05
4.958123999999999796e+04
8.342000000000000455e+02
4.957208999999999651e+04
5.000250000000000000e+03
1.409429000000000087e+04
7.108280000000000291e+04
5.417189999999999600e+03
5.153000000000000000e+03
2.872489999999999782e+03
1.746000000000000000e+04
4.331899999999999636e+03
8.792760000000000218e+03
4.541815000000000146e+04
4.759720000000000255e+03
2.234870000000000073e+04
7.886090000000000146e+03
1.640800000000000000e+04
1.032003000000000065e+04
2.181536999999999898e+04
7.904788000000000466e+04
1.417248999999999978e+04
3.255640000000000146e+04
4.653480999999999767e+04
8.905952000000000407e+04
1.218487999999999920e+04
3.756818000000000029e+04
1.140490200000000041e+05
5.188022000000000116e+04
1.235000000000000000e+04
2.468684000000000015e+04
5.819884999999999854e+04
1.084618000000000029e+04
5.941672000000000116e+04
1.821743000000000029e+04
1.463819999999999936e+03
7.575760000000000218e+03
2.575130000000000109e+03
6.626044000000000233e+04
2.472577999999999884e+04
4.986630000000000109e+03
2.402825999999999840e+04
7.295880000000000109e+03
1.347004999999999927e+04
4.297699999999999818e+02
8.576000000000000000e+03
9.683430000000000291e+03
3.856999999999999886e+02
1.438769999999999982e+03
1.205169000000000051e+04
4.467439999999999600e+03
3.070763000000000102e+04
2.081300000000000000e+04
2.585624000000000160e+04
2.781315999999999985e+04
2.365340000000000146e+03
9.244469999999999345e+03
8.750000000000000000e+02
4.221580999999999767e+04
9.800000000000000000e+03
1.870038999999999942e+04
2.455049000000000160e+04
3.512200000000000000e+04
2.481169299999999930e+05
2.219506000000000131e+04
1.787681000000000131e+04
4.082629000000000087e+04
3.392626999999999680e+04
1.606269999999999982e+03
9.600000000000000000e+03
1.496529999999999973e+03
1.903841999999999825e+04
4.260294000000000233e+04
1.022261999999999971e+05
3.436299999999999955e+02
5.313869999999999709e+04
1.116725000000000000e+05
2.266252999999999884e+04
1.045572500000000000e+05
1.206236000000000058e+04
2.003759999999999991e+03
7.170000000000000000e+03
1.716940999999999985e+04
1.081323999999999978e+04
1.557069000000000051e+04
3.816670000000000073e+03
1.885200000000000045e+03
1.662449000000000160e+04
1.428512000000000080e+04
6.752486000000000058e+04
1.194609999999999900e+03
6.753020000000000437e+03
2.077465999999999985e+04
1.448860000000000036e+04
3.033347000000000116e+04
3.250329999999999927e+03
3.345320000000000164e+03
1.072800000000000011e+02
5.428547000000000116e+04
3.144802000000000044e+04
4.400799999999999841e+02
1.300000000000000000e+04
4.825170000000000073e+03
1.029234799999999959e+05
3.353147000000000116e+04
3.923270999999999913e+04
1.203104000000000087e+04
2.208150000000000091e+03
1.997772000000000116e+04
5.434259999999999854e+04
4.643069999999999709e+03
1.489784000000000015e+04
9.359180000000000291e+03
4.028920000000000073e+03
4.235140000000000327e+03
1.152059999999999945e+03
1.959670000000000073e+04
8.455800000000000409e+02
3.810898999999999796e+04
2.747889999999999873e+03
1.176772999999999956e+04
1.427717000000000007e+04
1.224000000000000000e+04
1.028197999999999956e+04
1.224175000000000000e+04
3.679351999999999680e+04
2.715900000000000000e+04
5.427460000000000036e+03
2.240250000000000000e+04
1.711663000000000102e+04
3.040980000000000018e+03
1.680000000000000000e+04
3.048380000000000109e+03
1.389786000000000058e+04
6.520319999999999709e+04
6.500000000000000000e+03
4.526000000000000000e+03
1.388945999999999913e+04
1.856000000000000000e+03
3.001429999999999927e+04
1.701769999999999982e+03
7.952716000000000349e+04
1.729400000000000091e+03
2.700000000000000178e-01
1.657800000000000000e+04
4.570041000000000349e+04
1.005112999999999920e+04
7.909000000000000341e+01
3.675876000000000204e+04
1.819552999999999884e+04
1.978849999999999909e+03
5.863600000000000136e+02
5.100000000000000000e+03
3.165829999999999927e+03
6.989130000000000109e+03
2.440000000000000000e+04
1.375000000000000000e+03
2.160000000000000000e+04
1.414557900000000081e+05
1.271353000000000065e+04
2.815690000000000055e+03
1.800000000000000000e+03
1.716859999999999854e+04
2.696800000000000068e+02
5.022579999999999927e+03
2.645777999999999884e+04
3.571130000000000291e+04
2.252500000000000000e+04
4.418700000000000000e+04
2.500000000000000000e+03
5.180000000000000000e+04
1.000000000000000000e+03
3.783148999999999796e+04
3.906629000000000087e+04
2.619900000000000091e+02
8.886052999999999884e+04
5.419399999999999636e+03
3.781100000000000136e+02
1.732950000000000045e+03
1.865960000000000036e+03
2.528334000000000015e+04
1.677634000000000015e+04
5.077699999999999818e+02
1.101426000000000022e+04
1.810000000000000000e+02
4.300000000000000000e+03
9.920000000000000284e+01
8.312959999999999127e+03
3.162949999999999818e+03
4.636848499999999767e+05
4.107500000000000000e+03
1.330000000000000000e+04
1.806661999999999898e+04
1.037107200000000012e+05
1.568164999999999964e+04
3.683750000000000000e+03
4.026866999999999825e+04
4.818539999999999964e+03
8.508297999999999593e+04
2.693600000000000000e+04
9.523979999999999563e+03
4.936276999999999680e+04
5.869489999999999782e+03
4.455837000000000262e+04
1.700543000000000029e+04
1.900000000000000000e+03
4.257691999999999825e+04
1.072400000000000000e+04
2.878243300000000163e+05
1.651163200000000070e+05
2.642320000000000164e+03
2.534347000000000116e+04
2.239170000000000073e+03
1.034850099999999948e+05
1.480504999999999927e+04
2.421950000000000000e+04
1.602309999999999945e+03
1.441468000000000029e+04
5.323999999999999773e+02
2.228600000000000136e+02
5.637400000000000091e+02
1.542849999999999909e+03
2.305868000000000029e+04
1.843483000000000175e+04
1.159985000000000036e+04
2.966200000000000045e+02
4.493401999999999680e+04
1.753638999999999942e+04
2.203374000000000160e+04
1.444900000000000091e+02
3.913915000000000146e+04
1.835243000000000029e+04
3.873340000000000146e+03
9.737999999999999545e+02
4.667700000000000000e+04
7.069039999999999964e+03
1.587828000000000065e+04
4.600356999999999971e+04
4.298899999999999864e+02
3.305799999999999841e+02
3.016363000000000102e+04
3.497680000000000291e+04
1.327905999999999949e+04
1.775138999999999942e+04
2.080656000000000131e+04
9.862205000000000291e+04
6.138744999999999709e+04
7.265760000000000218e+03
1.947990000000000146e+04
6.045056999999999971e+04
2.472150000000000000e+04
3.000300000000000182e+03
2.211550000000000000e+04
7.030858000000000175e+04
7.945029999999999745e+03
1.272538999999999942e+04
6.129873999999999796e+04
3.004397999999999956e+04
2.853650000000000091e+03
3.897699999999999818e+02
2.863724000000000160e+04
1.968911000000000058e+04
5.561000000000000000e+03
1.347187399999999907e+05
9.235378999999999360e+04
1.819179000000000087e+04
1.890100000000000000e+04
1.398470000000000000e+05
2.191736000000000058e+04
4.206063999999999942e+04
2.247849000000000160e+04
6.319816000000000349e+04
1.223380000000000109e+03
8.211499999999999773e+02
5.000107399999999907e+05
5.714098000000000320e+04
9.386200000000000728e+03
1.469753000000000065e+04
1.147636000000000058e+04
6.000000000000000000e+02
3.011733000000000175e+04
1.643818000000000029e+04
2.525210000000000036e+03
1.368980000000000018e+03
1.507031999999999971e+04
7.346200000000000045e+02
2.707888400000000256e+05
2.123729999999999927e+04
1.677475000000000000e+04
2.318566999999999825e+04
3.199960000000000036e+03
1.255000000000000000e+03
1.621009000000000015e+04
1.500000000000000000e+04
2.842500000000000000e+04
8.401639999999999418e+03
2.116193999999999869e+04
2.976800000000000068e+02
8.587594999999999709e+04
4.744100000000000250e+02
3.090515000000000146e+04
1.319735000000000036e+04
6.247102999999999884e+04
1.153154999999999927e+04
4.045500000000000114e+02
9.349579999999999927e+03
2.103456999999999971e+04
4.000900000000000091e+03
1.173900000000000006e+02
1.738654999999999927e+04
1.004654499999999971e+05
3.657308000000000175e+04
9.403239999999999782e+03
3.977863999999999942e+04
3.480000000000000000e+04
4.734945999999999913e+04
1.021250000000000000e+03
1.000000000000000021e-02
1.985688000000000102e+04
4.452799999999999727e+02
3.725949999999999818e+03
1.340740000000000009e+03
8.777760000000000218e+03
7.663700000000000045e+02
9.286819999999999709e+03
8.365021000000000640e+04
7.490000000000000000e+02
4.959999999999999964e+00
2.413454000000000087e+04
2.209599999999999909e+03
2.098513000000000102e+04
1.831539999999999964e+03
1.387267000000000007e+04
1.586800000000000068e+02
2.585639999999999873e+03
5.512859999999999673e+03
9.485125999999999476e+04
2.500820999999999913e+04
9.899860000000000582e+03
1.270759799999999959e+05
1.560029999999999973e+03
6.107795899999999674e+05
1.089759999999999991e+03
1.967869999999999891e+03
1.525000000000000000e+04
3.643715000000000146e+04
1.398185000000000036e+04
2.723899999999999864e+02
1.600740999999999985e+04
1.711783000000000175e+04
3.538800000000000182e+03
8.250850000000000364e+03
3.214409999999999854e+03
3.249599999999999795e+02
6.741580999999999767e+04
7.150989999999999782e+03
7.704389999999999418e+04
1.723647000000000116e+04
3.213513999999999942e+04
4.380949999999999818e+03
9.678000000000000114e+01
3.037599999999999909e+03
2.341293000000000029e+04
1.786931000000000131e+04
1.663481000000000131e+04
2.250000000000000000e+04
3.479022000000000116e+04
2.302326700000000128e+05
5.814489999999999782e+03
8.046000000000000227e+02
7.148489999999999782e+03
2.653356999999999971e+04
3.424105000000000291e+04
8.564366999999999825e+04
3.382916999999999825e+04
4.340466999999999825e+04
5.272351800000000512e+05
2.557025000000000000e+04
4.333329999999999927e+03
3.192000000000000000e+04
1.293660000000000036e+04
6.729210000000000036e+03
1.237056999999999971e+04
4.490205999999999767e+04
4.021798999999999796e+04
2.652879999999999927e+04
5.082151999999999680e+04
1.227023999999999978e+04
1.418000000000000114e+02
7.010000000000000000e+02
4.100000000000000000e+03
3.662041000000000349e+04
3.544570000000000164e+03
2.553789999999999964e+03
1.168752000000000044e+04
2.540000000000000000e+03
1.569831999999999971e+04
1.000000000000000021e-02
7.332625000000000000e+04
9.112500000000000000e+03
2.427843999999999869e+04
1.793089999999999918e+03
3.515398000000000320e+04
3.677494999999999709e+04
7.296549000000000524e+04
3.300400000000000205e+02
2.508599999999999909e+03
3.277498000000000320e+04
4.352019000000000233e+04
2.091199999999999818e+03
8.894900000000000091e+02
2.835268000000000029e+04
6.737739999999999782e+03
5.572069999999999709e+03
1.578052000000000044e+04
6.175868000000000029e+04
1.500150000000000091e+03
5.330099999999999909e+02
6.744100000000000364e+03
7.090900000000000318e+02
4.941000000000000000e+04
1.753127999999999884e+04
1.000000000000000021e-02
6.168590000000000146e+03
4.956550000000000182e+03
6.418926999999999680e+04
1.264340999999999985e+04
8.908309999999999491e+03
2.073320000000000164e+03
1.427367000000000007e+04
4.295090000000000146e+03
3.783730999999999767e+04
1.710136999999999898e+04
3.579200000000000159e+02
7.256810000000000400e+03
1.446023999999999978e+04
1.042300000000000000e+04
3.000000000000000000e+03
2.410909999999999854e+04
2.919480599999999977e+05
7.025000000000000000e+04
1.111195999999999913e+04
1.775431999999999971e+04
2.593199999999999818e+03
8.988850000000000364e+03
3.120827999999999884e+04
3.018230000000000018e+03
3.600000000000000000e+04
2.343672999999999956e+04
1.428490000000000009e+03
3.062650000000000091e+03
1.392596999999999935e+04
4.598747000000000116e+04
1.686927000000000044e+04
1.038326300000000047e+05
2.524872999999999956e+04
2.738999999999999773e+02
1.861978399999999965e+05
3.059870000000000073e+04
3.436658000000000175e+04
2.752730000000000018e+03
8.251786999999999534e+04
1.053031900000000023e+05
5.428099999999999454e+02
8.880000000000000000e+03
1.396562000000000080e+04
1.474598999999999978e+04
1.457651000000000022e+04
5.090661000000000058e+04
7.564800000000000182e+03
3.702606999999999971e+04
1.350000000000000000e+04
7.840079999999999927e+03
7.558300000000000409e+02
5.604526000000000204e+04
3.988623999999999796e+04
9.479860000000000582e+03
1.175711000000000058e+04
4.893299999999999841e+02
2.462739999999999782e+03
1.435932999999999993e+04
4.259644999999999709e+04
5.694659999999999854e+03
3.728250000000000000e+03
1.608400000000000000e+04
2.876652999999999884e+04
5.047590000000000146e+03
1.788952999999999884e+04
4.205359999999999673e+03
1.637600000000000000e+04
1.749052399999999907e+05
2.981577000000000044e+04
3.268000000000000000e+04
1.073152000000000044e+04
3.448091000000000349e+04
1.653420000000000073e+03
4.495260000000000218e+03
1.707390999999999985e+04
1.120000000000000000e+04
4.924394000000000233e+04
2.100000000000000000e+03
6.414970000000000255e+03
1.425460000000000036e+03
2.742260000000000218e+03
3.859062999999999738e+04
2.736665999999999985e+04
3.635025000000000000e+04
4.754619999999999891e+03
6.600000000000000000e+04
7.703109999999999673e+03
8.045000000000000000e+02
2.131168999999999869e+04
6.851786999999999534e+04
1.199164999999999964e+04
2.077900000000000000e+04
2.605962999999999884e+05
1.691445000000000073e+04
1.003171300000000047e+05
8.518300999999999476e+04
2.117849999999999909e+03
3.849652999999999884e+04
1.648606600000000035e+05
4.871000000000000000e+03
1.051150000000000091e+03
4.165149999999999636e+03
2.847740000000000146e+04
2.183865999999999985e+04
1.997538999999999942e+04
7.656999999999999318e+01
3.842786000000000058e+04
2.573200000000000000e+04
1.920009999999999991e+03
3.310579000000000087e+04
5.298611000000000058e+04
3.779998999999999796e+04
2.561515999999999985e+04
3.730000000000000000e+03
1.120000000000000000e+03
9.089400000000000546e+02
7.550000000000000000e+01
6.760010000000000582e+04
2.021902300000000105e+05
1.707299999999999955e+03
2.274399999999999977e+02
2.762500000000000000e+03
4.124800000000000182e+02
1.440000000000000000e+04
7.023500000000000227e+02
2.702719999999999800e+03
3.973603499999999767e+05
4.378649999999999636e+03
4.403130000000000291e+04
1.400000000000000000e+02
1.235451000000000022e+04
4.569819999999999709e+03
1.793902999999999884e+04
1.687011000000000058e+04
1.202000000000000000e+04
6.333000000000000000e+03
1.534289999999999964e+03
9.360000000000000000e+03
3.226030000000000200e+03
5.890399999999999636e+02
6.118739999999999782e+03
7.548742999999999302e+04
1.564180100000000093e+05
1.737500000000000000e+03
1.009599999999999937e+02
5.573705000000000291e+04
7.305800000000000182e+03
5.246000000000000000e+04
7.044880000000000109e+03
1.315663999999999942e+04
1.037388000000000029e+05
1.151911199999999953e+05
8.213809999999999491e+03
5.309543000000000029e+04
1.652070999999999913e+04
1.699150000000000091e+03
1.330420000000000073e+04
5.751512999999999738e+04
1.451442000000000007e+04
1.227900000000000063e+02
6.333590000000000146e+03
1.757400000000000091e+02
6.108176999999999680e+04
2.294966999999999825e+04
4.458169999999999709e+04
1.104104000000000087e+04
2.935250000000000000e+03
2.749760000000000218e+03
3.165000000000000000e+04
4.337119999999999891e+03
1.992663999999999942e+04
2.209834999999999854e+04
1.612640000000000100e+03
7.183859999999999673e+03
2.618070000000000164e+03
2.045449000000000160e+04
4.016000000000000227e+02
1.856536999999999898e+04
5.102289999999999964e+03
1.100298999999999978e+04
1.268522999999999956e+04
7.586299999999999955e+02
3.897699999999999818e+02
1.532843000000000029e+04
3.069000000000000000e+03
4.168698999999999796e+04
1.273942000000000007e+04
1.184240000000000009e+03
8.960940000000000509e+03
6.367250000000000000e+04
2.146856999999999971e+04
7.688510000000000218e+03
4.404449999999999818e+03
4.566880000000000109e+03
2.763013999999999942e+04
4.139199999999999818e+03
8.984202099999999627e+05
6.746819999999999709e+03
5.326646700000000419e+05
6.316258999999999651e+04
1.320500000000000114e+02
1.199241300000000047e+05
1.698499999999999943e+02
1.555117000000000007e+04
9.554500000000000455e+02
1.115390000000000100e+03
5.718500000000000227e+02
6.808386000000000058e+04
9.518030000000000655e+03
1.720600000000000000e+04
8.034060000000000400e+03
6.594399999999999636e+03
9.725819999999999709e+03
1.945358000000000175e+04
3.433199999999999932e+02
4.365199999999999818e+03
2.312847000000000116e+04
5.710611000000000058e+04
2.755440000000000055e+03
2.879750999999999840e+04
1.989065999999999985e+04
1.608425000000000000e+04
1.497686000000000058e+04
3.424615000000000146e+04
3.850199999999999818e+03
3.400000000000000000e+03
1.141334000000000015e+04
3.922199999999999818e+03
2.058606999999999971e+04
7.520000000000000000e+03
3.980000000000000000e+02
1.075000000000000000e+02
1.866670000000000073e+03
5.856180000000000291e+03
1.110353000000000065e+04
2.594170999999999913e+04
3.498199999999999818e+03
4.237531999999999971e+04
6.929880000000000109e+03
3.491899999999999977e+02
2.143300000000000125e+02
1.592199999999999989e+02
2.143988000000000102e+04
1.254196999999999935e+04
1.383567000000000007e+04
5.445780000000000291e+04
2.385256999999999971e+04
4.264119999999999891e+03
3.630000000000000000e+03
1.205056999999999971e+05
8.229800000000000000e+04
3.423799999999999955e+02
3.568893000000000029e+04
9.930600000000000364e+03
3.756844000000000233e+04
1.092000000000000000e+04
1.667100000000000080e+02
5.266779999999999745e+03
1.619134000000000015e+04
9.167620000000000800e+03
1.169210000000000000e+05
3.000110000000000127e+03
4.005980000000000018e+03
2.950600000000000000e+04
2.517474000000000160e+04
9.604420000000000073e+03
6.345949999999999818e+03
2.229139999999999873e+03
5.353799999999999955e+02
2.346099000000000160e+04
2.517289999999999964e+03
5.077529999999999745e+03
5.487798000000000320e+04
2.153459000000000015e+04
7.500000000000000000e+03
4.942329999999999927e+03
1.991834000000000015e+04
3.672911000000000058e+04
2.867100000000000000e+04
2.635358000000000175e+04
1.473077000000000044e+04
2.545206000000000131e+04
2.330547999999999956e+04
1.466145000000000073e+04
4.705000000000000000e+02
2.840000000000000000e+04
1.293426000000000022e+04
1.983044700000000012e+05
2.167099999999999909e+03
2.418108000000000175e+04
2.261090999999999985e+04
4.203560000000000400e+03
9.415800000000000409e+02
4.000000000000000000e+04
1.227488999999999942e+04
5.322479999999999563e+03
2.751366999999999825e+04
1.283502000000000044e+04
4.528720000000000255e+03
9.321639999999999418e+03
1.487165999999999985e+04
1.146799999999999955e+03
2.024047999999999956e+04
1.671950999999999840e+04
5.217799999999999727e+02
2.632831000000000131e+04
1.075000000000000000e+02
1.920000000000000000e+02
2.682039999999999964e+03
7.114900000000000091e+02
1.678320999999999913e+04
2.038690000000000055e+03
2.678010000000000218e+03
4.668000000000000000e+03
3.592000000000000000e+04
5.273666999999999825e+04
4.089366999999999825e+04
1.442713999999999942e+04
1.833697999999999956e+04
2.615316999999999825e+04
6.340000000000000000e+02
7.915091999999999825e+04
3.128099999999999909e+03
1.316662000000000080e+04
1.896259700000000012e+05
1.398710000000000036e+03
8.147319999999999709e+03
3.040064299999999930e+05
2.158045000000000073e+04
9.712089999999999418e+04
8.122689999999999600e+03
3.298199999999999932e+02
1.600000000000000000e+04
1.146299999999999955e+03
3.370051999999999680e+04
1.929381999999999971e+04
4.873340000000000146e+04
6.446200000000000045e+02
2.960000000000000000e+03
1.132397999999999956e+04
1.598059999999999945e+03
4.977300000000000182e+02
5.140980000000000291e+04
2.211577999999999884e+04
1.115662299999999959e+05
2.447124000000000160e+04
4.375799999999999841e+02
4.528299999999999841e+02
2.207424000000000160e+04
3.594469999999999800e+03
4.905119999999999891e+03
4.466100000000000136e+02
8.340000000000000000e+03
1.960974000000000160e+04
1.446694000000000051e+04
7.393169000000000233e+04
1.929022999999999956e+04
1.461300000000000000e+04
9.595299999999999727e+02
1.965000000000000000e+04
1.070298999999999978e+04
1.857497000000000116e+04
3.453630000000000109e+03
1.080710000000000036e+03
3.185452000000000044e+04
5.015600000000000023e+02
9.106699999999999591e+02
1.238679999999999927e+04
8.138999999999999773e+02
1.616299999999999955e+03
3.311204000000000087e+04
3.923270999999999913e+04
1.883140000000000000e+05
5.496380000000000109e+03
4.207126000000000204e+04
8.400000000000000000e+03
6.540000000000000000e+02
1.224600000000000000e+04
9.094800000000000182e+02
3.726150000000000091e+03
6.383189999999999600e+03
8.123180000000000291e+03
2.250000000000000000e+03
3.580550000000000182e+03
6.673897999999999593e+04
2.924019999999999982e+03
2.446170000000000073e+03
1.040000000000000000e+03
7.367100000000000000e+04
9.820300000000000000e+04
1.751890000000000100e+03
1.433682999999999993e+04
4.612699999999999818e+03
1.620245999999999913e+04
1.446400000000000000e+04
1.821575000000000000e+04
8.840000000000000000e+03
2.892727000000000044e+04
1.380804000000000087e+04
4.728912000000000262e+04
7.050000000000000000e+02
1.775304999999999927e+04
3.055695999999999913e+04
8.800000000000000000e+02
1.995595000000000073e+04
1.398750000000000000e+03
8.633407000000000698e+04
1.323511300000000047e+05
2.269099999999999966e+02
1.107445500000000029e+05
8.890000000000000000e+03
1.862540999999999985e+04
3.856909999999999854e+03
1.716075000000000000e+04
6.895569999999999709e+03
2.711443999999999869e+04
4.282799999999999727e+02
7.167216999999999825e+04
2.647900000000000205e+02
2.167088999999999942e+04
2.680925999999999840e+04
1.166888000000000029e+05
2.519058000000000175e+04
1.156913000000000029e+05
1.502467000000000007e+04
8.390299999999999727e+02
2.268600000000000136e+02
6.748489999999999782e+03
1.114660000000000036e+04
1.475999999999999943e+02
5.822086000000000058e+04
1.114380999999999949e+04
1.753124500000000116e+05
3.260600000000000023e+02
1.687169400000000023e+05
6.830688000000000466e+04
1.718100000000000023e+02
1.684279999999999927e+04
1.461157999999999993e+04
6.385800000000000409e+02
1.401873999999999978e+04
2.407690000000000146e+04
1.187637999999999920e+04
3.746059999999999945e+03
2.180497000000000116e+04
1.002826000000000022e+04
9.555049999999999272e+03
1.993600000000000000e+04
2.499999000000000160e+04
5.164816999999999825e+04
8.600000000000000000e+03
1.128727000000000044e+04
9.053400000000000318e+02
2.341275000000000000e+04
3.116100000000000136e+02
7.868603999999999360e+04
4.790000000000000000e+02
1.069848999999999978e+04
5.901488999999999942e+04
3.057000999999999840e+04
4.743516000000000349e+04
9.277579999999999927e+03
1.992549999999999955e+03
2.741000000000000014e+01
7.844028999999999360e+04
7.059199999999999818e+03
1.544800000000000000e+05
7.750060000000000400e+03
3.196019999999999982e+03
7.406100000000000000e+04
3.845145999999999913e+04
2.557929000000000087e+04
7.216982000000000698e+04
8.687260000000000218e+03
4.319312000000000262e+04
2.233022999999999956e+04
4.995077999999999884e+04
1.261744000000000051e+04
2.574100000000000250e+02
1.095330999999999949e+04
1.393606999999999971e+04
3.143643000000000029e+04
5.932390000000000327e+03
5.087630999999999767e+04
5.047500000000000000e+04
7.636867999999999302e+04
1.549000000000000000e+03
1.297344000000000051e+04
3.600000000000000000e+02
2.407354999999999927e+04
1.098000000000000000e+03
2.340000000000000000e+03
7.433198800000000047e+05
1.645000000000000000e+03
5.011276999999999680e+04
2.960100000000000000e+04
4.980189999999999600e+03
3.574444000000000233e+04
2.337850999999999840e+04
4.153776000000000204e+04
3.836473000000000320e+04
1.662593000000000029e+04
1.585085000000000036e+04
7.604605999999999767e+04
6.200000000000000000e+03
2.395963000000000102e+04
5.388010000000000218e+03
8.050069999999999709e+03
9.860309999999999491e+03
1.074894000000000051e+04
1.000000000000000000e+03
3.169450000000000000e+04
9.117650000000000000e+04
1.507655999999999949e+04
2.231416999999999825e+04
2.079052999999999884e+04
6.000000000000000000e+03
4.614149999999999636e+03
4.221000000000000000e+03
8.020000000000000000e+02
6.123180000000000291e+03
1.809800000000000000e+04
1.860704000000000087e+04
2.576108000000000175e+04
2.410934000000000015e+04
1.084800000000000000e+04
1.258440000000000055e+03
7.854057000000000698e+04
2.718243000000000029e+04
5.173189999999999600e+03
9.764744999999999709e+04
1.262019999999999982e+03
3.886304000000000087e+04
3.658397000000000116e+04
1.216270000000000000e+05
9.936339999999999418e+04
2.681559999999999945e+03
6.120000000000000000e+03
2.552699999999999818e+03
2.308629000000000087e+04
2.136165999999999985e+04
1.303765999999999985e+04
6.936460000000000036e+03
2.438099999999999909e+03
2.280000000000000000e+03
8.325975999999999476e+04
6.002838999999999942e+04
6.579439999999999600e+03
8.685950000000000728e+03
1.110444700000000012e+05
1.433314999999999964e+04
3.600000000000000000e+04
1.387184100000000035e+05
9.405620000000000800e+03
2.309090000000000146e+04
5.767200000000000000e+04
2.181800000000000068e+02
3.582699999999999818e+02
1.475599999999999909e+03
2.515599999999999909e+03
1.085170000000000000e+05
1.027588999999999942e+04
9.272000000000000000e+03
1.160303000000000065e+04
1.181251100000000006e+05
1.569220000000000027e+03
1.343429999999999927e+04
7.472000000000000455e+02
1.413885000000000036e+04
1.630634000000000015e+04
1.860779999999999973e+03
2.528702000000000044e+04
1.009436000000000058e+04
3.094986999999999898e+04
2.302654999999999927e+04
6.341655000000000291e+04
1.029592000000000007e+04
5.044000000000000000e+03
8.404000000000000000e+03
3.794559999999999854e+04
5.191776999999999680e+04
7.193909999999999854e+03
1.166560000000000036e+04
2.285831999999999971e+04
6.841336000000000058e+04
7.640888999999999942e+04
2.922070000000000164e+03
6.695989999999999782e+03
4.538080999999999767e+04
1.750349599999999919e+05
2.736179000000000087e+04
2.204289999999999964e+03
6.539355999999999767e+04
2.179688000000000102e+04
9.630000000000000000e+02
2.227219999999999800e+03
2.578100000000000023e+02
3.317268000000000029e+04
4.267313999999999942e+04
1.128978000000000065e+04
3.389000000000000057e+01
4.800919999999999709e+04
2.614420999999999913e+04
1.194609999999999900e+03
5.184319999999999709e+03
7.603600000000000136e+02
5.035869999999999891e+03
3.232206999999999971e+04
6.327329999999999927e+03
7.840829999999999927e+03
2.118965999999999985e+04
3.148299999999999841e+02
3.274400000000000000e+04
5.034200000000000159e+02
1.194811499999999942e+05
3.696309999999999945e+03
4.311740000000000146e+04
4.124105000000000291e+04
2.149236000000000058e+04
4.805651999999999680e+04
4.653979999999999563e+03
3.517900000000000205e+02
8.045000000000000000e+02
1.900647000000000116e+04
3.597729000000000087e+04
1.700000000000000000e+03
1.685586999999999898e+04
2.666481999999999971e+04
2.126719999999999800e+03
3.362395999999999913e+04
4.252416000000000349e+04
1.269800000000000000e+04
9.000000000000000000e+03
2.186000000000000000e+03
4.620829999999999927e+03
2.135363599999999860e+05
9.911020000000000437e+03
2.325190000000000055e+03
2.055699999999999932e+02
1.140000000000000000e+04
4.249140000000000327e+03
3.628487999999999738e+04
4.385993000000000029e+04
7.837649999999999636e+03
4.087040000000000146e+04
8.849540000000000873e+03
1.605872999999999956e+04
7.118300000000000409e+02
5.876670999999999913e+04
1.824947000000000116e+04
8.261729999999999563e+03
9.460000000000000000e+02
3.497637999999999738e+04
4.419954000000000087e+04
1.971800000000000000e+04
9.909999999999999432e+01
6.609694000000000233e+04
1.634470000000000073e+04
4.129119000000000233e+04
2.631652000000000044e+04
2.812000000000000000e+03
2.365531000000000058e+05
2.261100999999999840e+04
1.992347000000000116e+04
2.214869999999999891e+03
4.187533999999999651e+04
2.603720000000000073e+04
6.305109999999999673e+03
2.012859000000000015e+04
1.454699999999999989e+02
8.533069999999999709e+03
7.089600000000000364e+02
1.679204999999999927e+04
9.474809999999999491e+03
1.504820000000000000e+05
3.616348000000000320e+04
3.723500000000000227e+02
2.678229999999999927e+04
2.142150000000000091e+03
1.050000000000000000e+04
2.637368999999999869e+04
4.384887999999999738e+04
5.946931999999999971e+04
4.695594000000000233e+04
2.388131000000000131e+04
2.245475999999999840e+04
1.093799999999999955e+02
6.600607000000000698e+04
9.202147000000000116e+04
2.632265000000000146e+04
1.611321999999999935e+04
1.895000000000000000e+02
2.348269999999999982e+03
6.097951999999999680e+04
3.522809999999999945e+03
9.543229999999999563e+03
6.010319999999999709e+03
5.899981999999999971e+04
2.990099999999999909e+02
1.376040999999999985e+04
2.325100999999999840e+04
1.172400000000000000e+04
3.593559999999999945e+03
8.392290000000000873e+03
3.503970999999999913e+04
3.161489999999999782e+03
3.520199999999999818e+02
2.534435000000000000e+05
4.977300000000000182e+02
3.715272000000000116e+04
7.523999999999999488e+01
1.906220000000000027e+03
1.750254000000000087e+04
1.271454000000000087e+04
2.298600000000000136e+02
1.439455999999999949e+04
7.268109999999999673e+03
1.077319999999999936e+03
1.193084000000000015e+04
8.374729999999999563e+03
2.730000000000000000e+02
4.198210000000000036e+03
1.926947000000000116e+04
3.772210000000000036e+03
1.696465000000000146e+04
1.674216999999999825e+04
3.081318000000000029e+04
3.710723999999999796e+04
6.096000000000000227e+02
1.083447999999999956e+04
4.562458000000000175e+04
4.295090000000000146e+03
3.072075700000000070e+05
2.013711000000000058e+04
1.628497999999999956e+04
1.101000000000000000e+03
6.590000000000000000e+02
8.557000000000000000e+03
1.130518600000000006e+05
3.082552000000000044e+04
9.531799999999999500e+02
1.717793999999999869e+04
2.270059999999999945e+03
9.870090000000000146e+03
7.288250000000000000e+03
3.307300000000000000e+04
7.580000000000000000e+02
4.632998999999999796e+04
1.635190000000000055e+03
1.825331999999999971e+04
1.558300000000000125e+02
2.512530000000000200e+03
4.565939999999999600e+03
3.461100000000000136e+02
4.862913999999999942e+04
3.400000000000000000e+04
1.164628099999999977e+05
6.667999999999999545e+02
4.862630000000000109e+03
5.478574200000000419e+05
2.500519999999999982e+03
4.251169999999999709e+04
2.092254000000000087e+04
4.391600000000000250e+02
1.289370000000000000e+05
2.411200999999999840e+04
1.085342000000000007e+04
1.900120000000000073e+04
1.661000000000000000e+03
5.539400000000000546e+02
1.022570000000000073e+04
4.233441999999999825e+04
7.252200000000000273e+02
1.028150000000000091e+03
1.728000000000000000e+03
7.004691999999999825e+04
1.836920000000000073e+03
3.986806999999999971e+04
1.196020000000000073e+04
2.132716999999999825e+04
4.488100000000000364e+03
2.817000000000000000e+04
6.050000000000000000e+03
9.447016000000000349e+04
4.349788999999999942e+04
3.226775999999999840e+04
3.378909999999999854e+03
3.865980000000000018e+03
3.845100000000000000e+04
2.149099999999999966e+02
9.278180000000000291e+03
1.476703000000000065e+04
8.061000000000000000e+03
1.030338999999999942e+04
1.157029000000000087e+04
6.780580999999999767e+04
2.412754999999999927e+04
1.566129000000000087e+04
4.302269000000000233e+04
2.488480000000000018e+03
2.631299999999999955e+02
1.293074700000000012e+05
4.817972000000000116e+04
7.550299999999999727e+02
5.680599999999999454e+02
1.688600000000000000e+04
1.251677000000000044e+04
2.024363999999999942e+04
1.268155999999999949e+04
3.285039999999999964e+03
2.269377999999999884e+04
6.522581999999999971e+04
1.547100000000000080e+02
9.600000000000000000e+03
2.712309999999999945e+03
1.200000000000000000e+03
1.173821999999999935e+04
1.181984000000000015e+04
2.869989999999999782e+03
2.256750999999999840e+04
1.214720000000000027e+03
7.616260000000000582e+04
4.699090000000000146e+04
5.296680000000000291e+03
5.045800000000000182e+03
2.982360000000000127e+03
7.834899999999999636e+03
9.613229999999999563e+03
1.164430000000000064e+03
4.621600000000000250e+02
2.405399999999999920e+02
4.535212999999999738e+04
7.001510000000000218e+03
7.060000000000000000e+04
1.333330999999999949e+04
3.240000000000000000e+04
5.848922000000000116e+04
4.533600000000000136e+02
3.863231699999999837e+05
2.414858000000000175e+04
1.730627000000000044e+04
1.927950000000000045e+03
2.997900000000000091e+03
1.927759000000000015e+04
9.884800000000000182e+02
1.022812000000000080e+04
2.000000000000000000e+04
2.750000000000000000e+02
1.461000000000000000e+04
5.662380000000000109e+03
1.412987000000000080e+04
3.214840000000000146e+04
8.179000000000000000e+03
5.103062000000000262e+04
6.264100000000000364e+03
1.042710000000000036e+03
2.169475999999999840e+04
2.806200000000000045e+02
1.625433699999999953e+05
8.425489999999999782e+03
1.748240000000000000e+05
1.507312000000000080e+04
2.391577999999999884e+04
7.188949999999999818e+03
3.301299999999999955e+02
3.196036000000000058e+04
9.367120000000000800e+03
3.194999999999999929e+01
2.595395000000000073e+04
4.368359999999999673e+03
9.840829999999999927e+03
1.243403999999999942e+05
9.158300000000000409e+02
1.250720000000000027e+03
2.354868999999999869e+04
6.520319999999999709e+04
5.093756999999999971e+04
2.302100000000000080e+02
1.016000000000000000e+04
3.861539999999999964e+03
4.957262999999999738e+04
1.269300000000000000e+04
3.557519999999999982e+03
4.055813999999999942e+04
3.354751999999999680e+04
2.569272999999999956e+04
9.108858999999999651e+04
7.396042999999999302e+04
2.761568999999999869e+04
8.118029999999999745e+03
7.650000000000000000e+03
1.238329999999999927e+04
2.457570000000000164e+03
1.322452000000000044e+04
4.103516000000000349e+04
2.739668000000000029e+04
9.023000000000000398e+01
1.110000000000000000e+03
2.493186000000000058e+04
3.570593499999999767e+05
1.932400000000000091e+02
2.763527999999999884e+04
2.483400000000000000e+04
1.764136000000000058e+04
7.069569999999999709e+04
1.299593000000000029e+04
3.041889999999999873e+03
4.980000000000000000e+03
1.756111999999999898e+04
2.575288999999999942e+04
1.161621999999999935e+04
1.186879000000000087e+04
1.326000000000000000e+04
8.121300000000000000e+04
1.480000000000000000e+04
1.813384999999999854e+04
2.548331000000000131e+04
7.372096000000000640e+04
2.501525999999999840e+04
1.841670000000000073e+04
1.260000000000000000e+03
6.818013999999999942e+04
1.130211000000000058e+04
2.451079999999999927e+03
1.312550000000000000e+04
4.923489999999999782e+03
6.523104000000000087e+04
3.208963999999999942e+04
1.150460000000000036e+03
5.897000000000000455e+02
2.432500000000000000e+04
6.563700000000000045e+02
6.400000000000000000e+03
1.401605999999999949e+04
4.954999999999999716e+01
8.037200000000000273e+02
1.490381999999999971e+04
1.753470499999999884e+05
2.204099999999999909e+03
1.036435299999999988e+05
1.561720000000000027e+03
6.206399999999999864e+02
2.641608000000000175e+04
2.802829999999999927e+03
5.363094999999999709e+04
7.710000000000000000e+02
9.000450000000000728e+03
5.755076000000000204e+04
5.470479999999999563e+03
7.831999999999999318e+01
5.360000000000000000e+03
3.841118000000000029e+04
1.537770000000000073e+04
1.680999999999999872e+01
8.790819999999999709e+03
2.542800999999999840e+04
7.975296000000000640e+04
3.781819000000000233e+04
2.545138000000000102e+04
1.268061000000000058e+04
1.983899999999999864e+02
7.179939999999999600e+03
1.313757399999999907e+05
6.939750000000000000e+03
6.137365000000000146e+04
4.927859999999999673e+03
2.728429999999999836e+03
1.936600000000000000e+04
5.571609999999999854e+04
5.649600000000000364e+02
3.752550000000000182e+03
1.512500000000000000e+04
7.718500000000000227e+02
1.506699999999999875e+02
1.590190000000000055e+03
2.466254000000000087e+04
7.324825000000000000e+04
1.246910000000000082e+03
1.160000000000000000e+04
5.200000000000000000e+03
6.539900000000000000e+04
1.310409000000000015e+04
2.561856000000000131e+04
2.460015999999999985e+04
2.835259000000000015e+04
3.768159999999999854e+03
1.102269799999999959e+05
2.055715000000000146e+04
3.044275000000000000e+04
7.369989999999999782e+03
6.745900000000000318e+02
9.654000000000000625e+01
1.598559999999999945e+03
1.583368000000000029e+04
2.744959000000000015e+04
2.347691999999999825e+04
9.623069999999999709e+03
8.987400000000000091e+02
3.823300000000000182e+03
1.861470000000000027e+03
6.440000000000000000e+03
2.700820000000000164e+03
4.222189999999999600e+03
3.473030000000000200e+03
1.400910000000000082e+03
2.223674000000000160e+04
7.380930000000000291e+03
1.549844899999999907e+05
1.355089999999999918e+03
2.572500000000000000e+04
1.528565499999999884e+05
8.613010000000000218e+03
1.889090999999999985e+04
1.110699999999999932e+02
1.346012099999999919e+05
3.077793000000000029e+04
2.487368999999999869e+04
6.152672000000000116e+04
6.929880000000000109e+03
1.732349000000000160e+04
1.542614999999999964e+04
1.945388999999999942e+04
3.333148000000000320e+04
4.482369999999999891e+03
1.090227500000000000e+05
1.740814100000000035e+05
9.903561999999999534e+04
1.897750000000000000e+03
2.889800000000000182e+02
8.637763999999999942e+04
1.041355999999999949e+04
6.977400000000000091e+02
1.065653000000000065e+04
4.756891000000000349e+04
1.042414999999999964e+04
8.785944000000000233e+04
1.888377999999999884e+04
9.231550999999999476e+04
5.510569999999999709e+03
1.588608800000000047e+05
5.240663999999999942e+04
4.324800000000000000e+04
2.095800000000000182e+03
1.421899999999999977e+02
2.043231000000000131e+04
9.016370000000000800e+03
5.454529999999999745e+03
5.583149999999999636e+03
3.008615999999999985e+04
3.613599999999999909e+03
1.798999999999999844e+01
3.677630000000000291e+04
2.928220000000000073e+04
2.640000000000000124e+00
3.379380000000000109e+03
3.510099999999999909e+02
5.861141999999999825e+04
3.639869999999999891e+03
1.495309999999999945e+03
2.753733000000000175e+04
1.017500000000000000e+04
2.280699999999999932e+02
1.134500000000000028e+02
3.586760000000000218e+03
2.309090000000000146e+04
2.403540999999999985e+04
5.245520000000000437e+03
1.108000000000000000e+03
1.616975000000000000e+04
3.039154999999999927e+04
8.042250000000000000e+03
1.317349999999999909e+03
2.940289999999999964e+03
3.061220000000000073e+04
7.293588999999999942e+04
1.021430000000000000e+05
5.970648999999999796e+04
4.000000000000000000e+03
2.933951400000000140e+05
3.568994999999999709e+04
3.800000000000000000e+03
3.370219000000000233e+04
3.112127000000000044e+04
1.940000000000000000e+02
6.007210000000000036e+03
2.584638000000000102e+04
1.369554599999999919e+05
2.998500000000000000e+04
2.310000000000000000e+03
4.793970000000000255e+03
1.354204999999999927e+04
9.347750000000000000e+03
4.773004000000000087e+04
2.271399999999999864e+02
4.678154000000000087e+04
7.229572999999999593e+04
4.953799999999999955e+02
1.372788999999999942e+04
2.185447999999999956e+04
2.244413000000000102e+04
5.984536000000000058e+04
1.390799999999999955e+03
4.135509999999999854e+04
1.004419999999999959e+03
1.296800000000000000e+04
6.172051999999999680e+04
1.906058000000000175e+04
2.124516999999999825e+04
6.134619999999999891e+03
3.000000000000000000e+03
2.844933900000000140e+05
1.547795000000000073e+04
6.078999999999999915e+01
1.151963099999999977e+05
2.209496000000000058e+05
2.479349999999999909e+03
1.695710000000000036e+03
1.451587000000000080e+04
2.415200000000000000e+04
2.725000000000000000e+03
1.675318000000000029e+04
2.484988000000000102e+04
4.719800000000000182e+03
2.007009999999999991e+03
4.149247399999999907e+05
1.476957999999999993e+04
3.423999999999999773e+02
4.475648999999999796e+04
2.042284000000000015e+04
9.747329999999999927e+03
1.786970999999999913e+04
9.672610000000000582e+03
4.502800000000000182e+03
1.398345000000000073e+04
1.087500000000000000e+04
1.603119999999999891e+03
2.004361000000000058e+04
3.071627000000000044e+04
2.475000000000000000e+03
7.689800000000000182e+02
1.036730000000000018e+03
9.774099999999999682e+02
1.073289999999999964e+03
1.654100000000000000e+04
1.346128900000000140e+05
4.899358000000000175e+04
1.460000000000000000e+02
2.113922000000000116e+04
2.105008000000000175e+04
7.083100000000000364e+03
1.436500000000000000e+04
1.268549999999999955e+03
2.147039999999999964e+03
2.300559999999999854e+04
8.432950999999999476e+04
6.925599999999999454e+02
7.707338000000000466e+04
3.724577999999999884e+04
5.600000000000000000e+03
1.893600000000000136e+02
2.719399999999999977e+02
3.428399999999999750e+02
6.497497000000000116e+04
3.091690000000000055e+03
3.567472000000000116e+04
9.588099999999999454e+02
9.589860000000000582e+03
1.661059999999999945e+03
2.662010000000000218e+03
1.577494000000000051e+04
2.251254999999999927e+04
1.667759999999999991e+03
2.851815999999999985e+04
2.293479999999999927e+04
1.745429999999999927e+04
2.743899999999999864e+02
3.045475000000000000e+04
2.381413000000000102e+04
5.747280999999999767e+04
4.880180000000000291e+03
3.579300000000000068e+02
6.846720000000000255e+03
3.102947999999999956e+04
7.734999999999999432e+01
1.754515700000000070e+05
1.705290999999999985e+04
1.571985000000000036e+04
4.401819999999999709e+03
5.428583999999999651e+04
5.201400000000000000e+04
1.463009999999999991e+03
1.545329999999999927e+03
3.164000000000000000e+03
2.891956999999999971e+04
2.014728500000000058e+05
8.000000000000000000e+03
1.196355999999999949e+04
1.501460000000000036e+03
1.452000000000000000e+03
9.937999999999999545e+01
3.010000000000000000e+02
1.986272000000000116e+04
3.000000000000000000e+03
3.348476999999999680e+04
1.256700000000000000e+04
4.211968000000000029e+04
4.708727999999999884e+04
8.563700000000000045e+02
1.685954000000000087e+04
2.576297000000000116e+04
7.254925000000000000e+04
6.983869999999999891e+03
2.184884000000000015e+04
1.161412000000000080e+04
2.011886000000000058e+04
9.056149999999999636e+03
2.907545999999999913e+04
2.669260000000000218e+03
1.081589999999999918e+03
4.248447000000000116e+04
1.756352999999999884e+04
1.063450000000000045e+03
1.361899999999999977e+02
1.486194899999999907e+05
2.361686000000000058e+04
2.509895000000000073e+04
1.090900000000000034e+02
4.857101999999999680e+04
8.456659999999999854e+03
8.333489999999999782e+03
6.178000000000000000e+03
2.777599999999999909e+03
1.280193000000000029e+04
1.753413999999999942e+04
1.289554000000000087e+04
2.062431999999999971e+04
1.107077000000000044e+04
7.363424000000000524e+04
7.226799999999999500e+02
1.379116000000000058e+05
4.191430000000000291e+03
7.121905999999999767e+04
5.535099999999999909e+02
2.448888999999999942e+04
1.279040500000000029e+05
2.836384999999999854e+04
2.952218000000000029e+04
1.095867000000000007e+04
1.543861000000000058e+04
6.264329999999999927e+03
4.000000000000000000e+03
3.605919999999999709e+04
9.623883000000000175e+04
2.549618000000000029e+04
3.514191000000000349e+04
1.075291499999999942e+05
2.128670000000000073e+03
1.323969400000000023e+05
7.107789799999999814e+05
1.160889999999999964e+04
8.322691999999999825e+04
2.242150000000000000e+04
3.385769999999999709e+04
7.621236999999999534e+04
6.800000000000000000e+03
6.140000000000000000e+02
1.306300000000000000e+04
9.023569999999999709e+03
6.922999999999999545e+02
2.487415999999999985e+04
9.923999999999999773e+02
1.829579999999999927e+03
3.036140999999999985e+04
9.845000000000000000e+02
3.800329999999999927e+03
8.687813000000000466e+04
1.882800000000000011e+02
7.322699999999999818e+02
2.149099999999999966e+02
3.768119999999999891e+03
2.222840000000000146e+03
2.326818999999999869e+04
5.124600000000000000e+04
3.400000000000000000e+04
1.225560000000000036e+04
2.672275000000000000e+04
2.917250000000000000e+03
1.510797999999999956e+04
2.667199999999999818e+03
1.605439999999999964e+04
7.919489999999999782e+03
7.459700000000000273e+02
4.982752999999999884e+04
8.366755000000000291e+04
2.621800000000000068e+02
2.626384999999999854e+04
3.902119000000000233e+04
5.409600000000000000e+04
3.422348999999999796e+04
1.410000000000000000e+04
1.306045999999999913e+04
6.610000000000000000e+02
4.200000000000000000e+03
2.644627000000000044e+04
9.417200000000000728e+03
2.629534000000000015e+04
9.199510000000000218e+03
4.327131999999999971e+04
4.732547000000000116e+04
1.810745000000000073e+04
4.583340000000000146e+03
5.359289999999999964e+03
1.486379999999999927e+04
1.289199999999999875e+02
1.417500000000000000e+05
1.390271999999999935e+04
4.001299999999999955e+02
2.468909999999999854e+03
2.116588000000000102e+04
7.901699999999999818e+03
2.233416099999999860e+05
1.396195000000000073e+04
1.468352500000000000e+05
6.408587000000000262e+04
3.473799999999999955e+02
6.461079999999999927e+03
6.179162000000000262e+04
1.037418000000000029e+04
1.230670999999999913e+04
2.364309000000000015e+04
6.365170000000000073e+03
1.341759999999999991e+03
2.281530000000000200e+03
1.067170999999999913e+04
1.042000000000000028e+02
9.542170000000000073e+03
5.851359999999999673e+03
8.182939999999999600e+03
7.974739999999999782e+03
2.512079999999999927e+03
2.682843999999999869e+04
9.278190000000000509e+03
8.903680000000000291e+03
5.901488999999999942e+04
2.906388000000000102e+04
7.750533000000000175e+04
1.256185000000000036e+04
2.279499999999999886e+02
1.233395000000000073e+04
5.266939999999999600e+03
5.684704000000000087e+04
9.308209999999999127e+03
1.698499999999999943e+02
5.153823999999999796e+04
1.857619999999999891e+03
1.226597999999999956e+04
5.800000000000000000e+03
9.157824000000000524e+04
7.336659999999999854e+03
4.813865000000000146e+04
8.734299999999999500e+02
1.200000000000000000e+03
3.057843000000000029e+04
9.631399999999999864e+02
5.940000000000000000e+02
3.075300000000000000e+04
1.250000000000000000e+03
3.192175000000000000e+04
1.630446999999999935e+04
9.950000000000000000e+02
8.429750000000000000e+03
3.055600000000000023e+02
7.284949999999999818e+03
4.769637000000000262e+04
5.166000000000000000e+03
2.350000000000000000e+03
3.017610000000000127e+03
1.431312999999999920e+04
4.026955999999999767e+05
2.073948099999999977e+05
2.127600000000000000e+04
5.083729999999999563e+03
2.096489999999999782e+03
2.711536999999999898e+04
1.295920700000000070e+05
6.070510000000000218e+03
4.583380000000000109e+03
2.000000000000000000e+03
5.487890000000000327e+03
9.863459999999999127e+03
1.080943000000000029e+04
3.138018400000000256e+05
5.695499999999999545e+02
6.927744999999999709e+04
4.258702800000000279e+05
4.485386000000000058e+04
2.088658000000000175e+04
5.164077999999999884e+04
3.182931000000000131e+04
1.030400000000000091e+03
2.157199999999999989e+02
7.441982000000000698e+04
2.095000000000000000e+02
1.586219000000000051e+04
3.239090000000000146e+03
1.397360000000000036e+04
9.798719999999999345e+03
2.443380000000000109e+03
2.577900000000000205e+02
5.578952999999999884e+04
1.399542000000000007e+04
2.390056999999999971e+04
9.093005999999999767e+04
1.874700000000000000e+04
5.491539999999999964e+03
1.479032999999999993e+04
3.858570000000000164e+03
8.500000000000000000e+02
1.222140000000000100e+03
2.308186300000000047e+05
8.766100000000000136e+02
2.886695999999999913e+04
3.616980000000000018e+03
1.226894000000000051e+04
2.229997999999999956e+04
1.598701000000000022e+04
7.169322999999999593e+04
7.444514999999999418e+04
2.463997999999999956e+04
8.584290000000000873e+03
5.200050000000000182e+03
5.369500000000000000e+03
7.060550000000000182e+03
1.808045000000000073e+04
4.011090000000000146e+03
4.005230000000000018e+03
1.423642000000000007e+04
6.046479999999999563e+03
2.972039999999999964e+03
5.739600000000000364e+02
5.487340000000000146e+04
1.918875700000000070e+05
1.777004000000000087e+04
2.712968999999999869e+04
8.000000000000000000e+02
2.887658000000000175e+04
2.772000000000000000e+03
1.166800000000000000e+04
6.203755999999999767e+04
3.525023000000000320e+04
1.108096999999999935e+04
3.343172000000000116e+04
4.729200000000000159e+02
9.996000000000000000e+03
2.441366999999999825e+04
3.685145999999999913e+04
1.343679000000000087e+04
3.826187999999999738e+04
1.252598999999999978e+04
1.868799999999999955e+03
2.225600000000000000e+04
5.666960000000000036e+03
3.802100000000000000e+04
1.605439999999999964e+04
2.533252000000000044e+04
1.997527000000000044e+04
2.004072999999999956e+04
3.063504000000000087e+04
7.706000000000000000e+03
5.637400000000000091e+02
3.700569999999999709e+04
1.344800000000000000e+04
4.951379000000000087e+04
7.908350000000000364e+03
2.464619999999999891e+03
1.585529999999999973e+03
2.568859000000000015e+04
4.647100000000000000e+04
1.443050899999999965e+05
5.038050000000000182e+03
1.414353000000000065e+04
3.042219999999999800e+03
1.898572999999999956e+04
9.880430000000000291e+03
2.468700000000000045e+02
7.109529999999999745e+03
4.655565599999999977e+05
5.239600000000000364e+03
2.202763000000000102e+04
3.065688000000000102e+04
4.936462999999999738e+04
5.746000000000000085e+01
8.943175000000000000e+04
5.753319999999999709e+03
7.695500000000000000e+04
2.284972999999999956e+04
2.791384000000000015e+04
4.614489999999999782e+03
6.144689999999999600e+03
9.975000000000000000e+02
3.777250000000000000e+04
7.019700000000000273e+02
5.914530000000000291e+04
4.892023999999999796e+04
4.087599999999999909e+02
2.756665000000000146e+04
1.931000000000000000e+04
2.159793000000000029e+04
1.045980000000000018e+03
5.664999999999999858e+01
1.769190999999999985e+04
2.598500000000000227e+02
2.510440000000000146e+04
2.490010000000000218e+03
1.531170000000000073e+03
1.328852000000000044e+04
3.839998999999999796e+04
4.427998999999999796e+04
2.160822500000000000e+05
1.285572999999999956e+04
6.961499999999999773e+02
1.814000000000000000e+03
5.510080999999999767e+04
9.764000000000000000e+03
3.678954000000000087e+04
2.562440999999999985e+04
1.487932999999999993e+04
3.986800000000000068e+02
6.425794999999999709e+04
9.552899999999999636e+02
1.264677000000000044e+04
4.970576000000000204e+04
6.261289999999999964e+03
3.788183999999999651e+04
8.252450000000000728e+03
9.123713999999999942e+04
1.699759999999999991e+03
9.661829999999999927e+03
1.130750000000000000e+04
1.403600000000000136e+02
3.622355000000000291e+04
4.787193099999999977e+05
1.980000000000000000e+03
6.563920000000000073e+03
8.562000000000000455e+02
4.324700000000000000e+04
1.720000000000000000e+04
6.278508999999999651e+04
1.160089999999999964e+04
2.492045000000000073e+04
8.896000000000000227e+02
2.105158000000000175e+04
1.470655999999999949e+04
3.814156999999999971e+04
9.206599999999999682e+02
3.596808000000000175e+04
1.490137999999999920e+04
6.293000000000000000e+03
5.155109999999999673e+03
2.219506000000000131e+04
2.280000000000000000e+04
5.479380000000000109e+03
5.598200000000000500e+02
5.388166999999999825e+04
2.167088999999999942e+04
2.861200000000000045e+02
1.599600000000000000e+04
1.458539999999999964e+03
3.511611000000000058e+04
5.070180000000000291e+03
8.896885000000000582e+04
3.671766999999999825e+04
3.495340000000000146e+03
1.834392500000000000e+05
7.709577999999999884e+04
1.886261999999999898e+04
6.504600000000000364e+03
5.427189999999999600e+03
3.068650000000000091e+03
2.315465000000000146e+04
1.660000000000000000e+03
1.453178000000000065e+04
2.433604000000000087e+04
8.890000000000000000e+03
9.027699999999999818e+02
6.020000000000000000e+02
3.114300000000000182e+03
1.344402000000000044e+04
5.159629000000000087e+04
2.060999999999999943e+02
1.255000000000000000e+04
1.128519100000000035e+05
1.999148299999999872e+05
2.477541999999999825e+04
9.492211000000000058e+04
5.386329999999999927e+03
1.038150000000000091e+03
7.031850000000000364e+03
2.267895999999999913e+04
3.900000000000000000e+03
5.023289999999999964e+03
2.135279999999999927e+04
6.578213999999999942e+04
4.000000000000000000e+03
3.699999999999999956e-01
9.372553999999999360e+04
1.000000000000000000e+04
4.172890000000000327e+03
1.715359999999999900e+03
1.742039700000000012e+05
7.579739999999999782e+03
5.661293000000000029e+04
1.951060000000000000e+05
1.533327200000000012e+05
2.301322999999999956e+04
2.573334000000000015e+04
1.464550000000000000e+04
6.101550000000000182e+03
2.967599999999999909e+02
8.819969999999999345e+03
1.257936000000000058e+04
7.191789999999999964e+03
3.870000000000000000e+02
3.238979000000000087e+04
1.546100000000000000e+04
2.483610000000000127e+03
7.472810000000000400e+03
7.200000000000000000e+03
3.854179999999999836e+03
6.953979999999999563e+03
1.323607799999999988e+05
2.464000000000000057e+02
5.109920000000000073e+03
1.940200000000000045e+03
1.295120000000000073e+04
2.330181000000000131e+04
4.215799899999999907e+05
3.554806999999999971e+04
8.531067999999999302e+04
3.960039999999999964e+03
1.708870000000000073e+04
8.498000000000000000e+03
3.607393000000000029e+04
8.813299000000000524e+04
4.308308999999999651e+04
2.000000000000000000e+04
2.672200000000000273e+02
8.989199999999999591e+02
1.284947999999999956e+04
5.996668000000000029e+04
4.549600000000000000e+04
6.086599999999999682e+02
3.065693999999999869e+04
1.519140000000000100e+03
3.828999999999999773e+02
2.803447999999999956e+04
4.939195999999999913e+04
3.099100000000000250e+02
4.080699999999999818e+03
1.718100000000000023e+02
4.387173999999999796e+04
1.639584000000000015e+04
1.336936000000000058e+04
3.250556999999999971e+04
1.104645999999999913e+04
5.334399999999999636e+03
4.957310000000000400e+03
2.065699999999999932e+02
1.011690000000000000e+05
1.093411900000000023e+05
2.193249000000000160e+04
3.615445999999999913e+04
1.303065999999999985e+04
1.768250000000000000e+03
1.061829000000000087e+04
8.266670000000000073e+03
8.570250000000000000e+03
9.856578999999999360e+04
9.921840000000000146e+03
9.261399999999999864e+02
2.193245999999999913e+04
1.830000000000000000e+02
4.790600000000000023e+02
1.426079999999999927e+04
6.134539999999999964e+03
2.691831999999999971e+04
2.607600999999999840e+04
8.909547000000000116e+04
8.141699999999999818e+03
1.436906000000000058e+05
1.152201000000000022e+04
4.069580000000000291e+04
7.015920000000000073e+03
2.010545000000000073e+04
2.682345000000000073e+04
4.052280000000000200e+03
2.066500000000000057e+02
8.420000000000000000e+03
9.327920000000000073e+03
1.716838000000000102e+04
1.699247000000000116e+04
1.936720000000000073e+04
1.200000000000000000e+04
3.593166000000000349e+04
6.668392999999999302e+04
4.241299999999999955e+02
2.548725999999999840e+04
6.770270000000000437e+03
4.375800000000000182e+03
2.292269999999999982e+03
6.089241999999999825e+04
2.223309999999999945e+03
1.898640000000000146e+04
1.664690000000000055e+03
1.580000000000000000e+04
2.750000000000000000e+03
5.146899299999999930e+05
8.732699999999999818e+02
3.840473999999999796e+04
1.405073999999999978e+04
7.675979999999999563e+03
4.655151999999999680e+04
3.338073000000000320e+04
1.323300000000000125e+02
2.294909999999999854e+04
7.913300000000000409e+02
1.768140000000000100e+03
1.496349999999999909e+03
6.575499999999999545e+02
6.854539999999999964e+03
5.076118000000000029e+04
5.101130000000000109e+03
7.301369999999999891e+03
3.265190000000000055e+03
2.652500000000000000e+03
2.263013999999999942e+04
1.113490000000000009e+03
3.504716999999999825e+04
1.956956999999999971e+04
1.759300000000000068e+02
1.223146999999999935e+04
7.543616000000000349e+04
1.034076000000000022e+04
8.250649999999999636e+03
3.784289999999999964e+03
4.512893000000000029e+04
2.547893000000000029e+04
5.259420000000000073e+03
1.344402000000000044e+04
3.471110000000000127e+03
3.871919999999999709e+04
2.003759999999999991e+03
1.200000000000000000e+04
6.073651000000000204e+04
1.829674000000000160e+04
2.116090000000000146e+04
8.884979999999999563e+03
9.290399999999999636e+02
7.062017999999999302e+04
2.742958000000000175e+04
5.367819999999999709e+03
1.968768999999999869e+04
8.210959999999999127e+03
3.873340000000000146e+03
1.589939999999999964e+04
8.791499999999999773e+02
1.325539999999999964e+03
2.383411000000000058e+04
9.529941999999999825e+04
2.164791999999999825e+04
1.065271999999999935e+04
2.560696600000000035e+05
1.041690000000000055e+03
1.613070000000000073e+04
3.712710000000000036e+03
8.457347999999999593e+04
6.826770000000000437e+03
1.209000000000000000e+04
1.110023999999999978e+04
4.458140000000000327e+03
3.558811000000000058e+04
2.260999999999999943e+02
3.770679999999999836e+03
4.341000000000000227e+02
1.920000000000000000e+03
3.282699999999999818e+02
8.903069999999999709e+03
2.709281999999999971e+04
1.035394600000000064e+05
1.496909000000000015e+04
7.452899999999999636e+02
5.197340000000000146e+03
8.832500000000000000e+04
2.150000000000000000e+02
2.233090999999999985e+04
6.379199999999999591e+02
2.422400000000000091e+02
1.969600000000000000e+04
7.480878999999999360e+04
1.856722999999999956e+04
5.912500000000000000e+02
1.229990000000000009e+03
5.370899999999999636e+03
1.112872999999999956e+04
2.000000000000000000e+04
3.523900000000000000e+04
7.445460000000000036e+03
8.450399999999999636e+02
5.951949999999999818e+03
3.067869999999999891e+03
1.673499999999999943e+02
5.228001999999999680e+04
1.321172999999999956e+04
2.178731999999999971e+04
6.537000000000000000e+03
1.408100000000000023e+02
3.607119999999999709e+04
9.156710000000000582e+04
4.462799999999999727e+02
4.196629000000000087e+04
2.147100000000000080e+02
1.133617000000000007e+04
1.680019999999999982e+03
1.079244000000000051e+04
5.263279999999999745e+03
1.331458200000000070e+05
1.244300000000000068e+02
5.732690000000000146e+04
2.155966999999999825e+04
3.613780000000000200e+03
4.727400000000000091e+02
1.363020000000000073e+04
2.759681000000000131e+04
2.243747000000000116e+04
2.162930000000000000e+05
5.221737000000000262e+04
2.879429999999999836e+03
4.284129000000000087e+04
6.273710000000000036e+03
3.073654999999999927e+04
9.350000000000000000e+03
5.533494999999999709e+04
5.026627999999999884e+04
4.003239999999999782e+03
1.336500000000000000e+03
1.110479000000000087e+04
1.865269999999999982e+03
2.223420999999999913e+04
8.328290000000000873e+03
8.508969999999999345e+03
2.585639999999999873e+03
2.518320000000000073e+04
4.606883999999999651e+04
1.111670000000000073e+04
4.260197000000000116e+04
4.495680000000000291e+04
6.680400000000000000e+04
2.762500000000000000e+03
2.582593999999999869e+04
6.059600000000000364e+02
2.397231999999999971e+04
2.473990999999999985e+04
2.509063000000000102e+04
1.000317000000000007e+04
1.983044700000000012e+05
8.210000000000000000e+02
1.668300000000000125e+02
1.529000000000000057e+02
1.589198999999999978e+04
4.712452999999999884e+04
4.681741999999999825e+04
3.574326999999999680e+04
2.636269999999999982e+03
5.850599999999999454e+02
8.183489999999999782e+03
1.920009999999999991e+03
3.584000000000000000e+04
8.000399999999999636e+02
2.338220999999999913e+04
3.498320000000000164e+03
8.000000000000000000e+03
3.687900000000000000e+04
7.446674000000000524e+04
1.490223999999999978e+04
2.889245999999999913e+04
1.764713000000000102e+04
9.917930000000000291e+03
2.702349999999999909e+03
2.205190999999999985e+04
3.070506999999999971e+04
2.825702000000000044e+04
5.922799999999999727e+02
8.360590000000000146e+03
4.000000000000000000e+03
2.283058000000000175e+04
7.765279999999999745e+03
1.248394000000000051e+04
3.783999999999999773e+02
5.009652999999999884e+04
2.879050000000000182e+03
3.648326999999999680e+04
2.658480000000000018e+03
2.160000000000000000e+04
3.200000000000000000e+02
1.259998999999999978e+04
5.544789999999999964e+03
3.355019000000000233e+04
8.703650999999999476e+04
1.990668000000000029e+04
2.567320000000000164e+03
1.200000000000000000e+03
5.632675000000000000e+04
4.453700000000000045e+02
7.408210000000000036e+03
2.873961000000000058e+04
7.167639999999999418e+04
1.105290099999999948e+05
2.472925999999999840e+04
2.170909999999999854e+03
2.482509000000000015e+04
3.458269999999999982e+03
1.574142000000000007e+04
8.328860000000000582e+03
3.212139999999999873e+03
5.586876000000000204e+04
1.499959000000000015e+04
7.472000000000000455e+02
2.123286000000000058e+04
3.620958999999999651e+04
8.400000000000000000e+02
1.767947999999999956e+04
4.131600000000000000e+04
4.313000000000000000e+03
3.540204000000000087e+04
2.170849999999999909e+03
6.556890000000000327e+03
4.539970000000000255e+03
1.504673299999999872e+05
1.560000000000000000e+04
1.000000000000000021e-02
6.075279999999999745e+03
1.552344000000000051e+04
1.429469000000000051e+04
1.228782999999999993e+04
3.458900000000000091e+03
4.203560000000000400e+03
7.737244999999999709e+04
4.253359999999999673e+03
1.579211600000000035e+05
4.242400000000000000e+04
2.433000000000000000e+03
2.605730000000000018e+03
2.304579999999999927e+03
5.218576999999999680e+04
6.605750000000000000e+03
8.630000000000000782e+00
5.189661000000000058e+04
4.776899999999999977e+02
1.465145999999999913e+04
4.587051000000000204e+04
5.052599999999999909e+02
1.220000000000000000e+04
1.198599999999999994e+02
5.546692399999999907e+05
4.445108000000000175e+04
5.550909999999999854e+03
7.295283999999999651e+04
1.591442000000000007e+04
2.213722000000000116e+04
2.807129000000000087e+04
6.602869999999999891e+03
1.147848800000000047e+05
1.420000000000000000e+03
2.721863000000000102e+04
4.640972000000000116e+04
9.800000000000000000e+03
5.609099999999999682e+02
4.219600000000000364e+03
3.168760000000000218e+03
9.903400000000000318e+02
7.228500000000000227e+02
7.201861000000000058e+04
1.486800000000000000e+04
7.565000000000000000e+03
4.134000000000000000e+03
5.184319999999999709e+03
5.357377999999999884e+04
2.200400000000000000e+04
7.394900000000000091e+02
1.081100000000000000e+04
1.467809999999999945e+03
8.060450000000000000e+04
6.410412999999999738e+04
1.129709000000000015e+04
6.839000000000000000e+03
1.196552000000000044e+04
7.997400000000000091e+02
2.550510000000000218e+03
1.906980000000000018e+03
2.835740000000000146e+04
5.856500000000000000e+03
1.020490000000000009e+03
5.724445999999999913e+04
2.160000000000000000e+03
2.878600000000000136e+02
5.140399999999999636e+03
2.587395999999999913e+04
2.762500000000000000e+03
3.122313000000000102e+04
4.200000000000000000e+03
2.324591300000000047e+05
1.367289999999999964e+03
1.607270999999999913e+04
2.660220999999999913e+04
1.288954000000000087e+04
6.080810000000000400e+03
1.508089700000000012e+05
1.510375899999999965e+05
2.136390000000000146e+04
2.285260000000000218e+03
1.919200000000000045e+03
2.305868000000000029e+04
3.419200000000000000e+04
2.472700000000000000e+04
6.901442999999999302e+04
6.849520000000000437e+03
3.500000000000000000e+03
2.051943000000000029e+04
2.581499999999999773e+02
6.710800000000000182e+03
1.540357999999999993e+04
2.945934000000000015e+04
1.201459000000000015e+04
7.439239999999999782e+03
2.880338000000000102e+04
1.102581600000000035e+05
2.277156000000000131e+04
9.227479999999999563e+03
5.123810000000000400e+03
3.921876000000000204e+04
1.080804999999999927e+04
1.252293000000000029e+04
7.336078999999999360e+04
2.741000000000000014e+01
4.123899999999999636e+03
9.132219999999999345e+03
4.566573000000000320e+04
4.925929000000000087e+04
5.801699999999999591e+02
2.721700999999999840e+04
1.838340000000000146e+04
1.100500000000000000e+03
5.841800000000000000e+04
2.092636000000000058e+04
9.775543499999999767e+05
1.359775000000000000e+04
1.169944400000000023e+05
1.814059000000000015e+04
3.123449999999999818e+03
3.182400000000000000e+04
8.000000000000000000e+02
9.395169999999999709e+04
5.140399999999999636e+03
1.125000000000000000e+04
4.647200000000000273e+02
3.660173999999999796e+04
1.908439599999999919e+05
7.346341000000000349e+04
7.240119999999999891e+03
6.340000000000000000e+03
6.188109999999999673e+03
4.877269999999999709e+04
2.034852000000000044e+04
4.864520000000000437e+03
4.689769999999999709e+04
5.314238999999999942e+04
1.639670000000000073e+04
2.394300000000000068e+02
3.456116000000000349e+04
1.691370000000000000e+05
6.130000000000000000e+03
4.264499999999999886e+02
3.066722000000000116e+04
4.291994999999999709e+04
6.305000000000000000e+03
2.440550000000000182e+03
1.202568600000000006e+05
4.021751999999999680e+04
8.101299999999999955e+02
9.989100000000000364e+03
3.579200000000000159e+02
4.322200000000000000e+04
2.467090999999999985e+04
6.874800000000000182e+02
2.276000000000000000e+04
3.570000000000000000e+03
8.179999999999999716e+00
1.978690000000000000e+05
1.222279000000000087e+04
7.454939999999999600e+03
2.842769999999999982e+03
1.358750000000000000e+03
6.554430000000000291e+03
4.667583000000000175e+04
1.597279999999999973e+03
7.716710000000000036e+03
1.067082999999999993e+04
2.557789999999999964e+03
1.795960000000000036e+03
1.410600000000000023e+02
4.712930000000000291e+03
5.822552999999999884e+04
5.168608000000000175e+04
1.100000000000000006e-01
4.892560000000000400e+03
1.497099999999999909e+03
6.796659999999999854e+03
4.723939999999999600e+03
3.619662999999999738e+04
1.600039999999999964e+03
4.992447000000000116e+04
2.319900000000000000e+04
4.450000000000000000e+04
2.148079999999999927e+03
1.777100000000000080e+02
4.646608000000000175e+04
5.213880000000000109e+03
2.494554999999999927e+04
7.982558999999999651e+04
2.285245999999999913e+04
8.841489999999999782e+03
3.746999999999999886e+02
1.652899999999999920e+02
3.224333000000000175e+04
1.093420000000000073e+04
1.277089999999999918e+03
1.705163999999999942e+04
4.622079000000000087e+04
1.956672000000000116e+04
1.585747999999999956e+04
1.698595999999999913e+04
3.417733999999999651e+04
2.421820000000000164e+03
3.832510000000000218e+03
6.032899999999999636e+02
1.652349200000000128e+05
4.262799999999999727e+02
6.079888999999999942e+04
1.214160000000000082e+03
5.181799999999999500e+02
1.897302000000000044e+04
1.247170000000000073e+04
9.226683999999999651e+04
2.321147999999999956e+04
7.520000000000000000e+03
1.848809999999999854e+04
9.897000000000000000e+04
3.977423999999999796e+04
3.340622000000000116e+04
9.232319999999999709e+03
3.073654999999999927e+04
2.788879999999999927e+04
1.207940000000000055e+03
1.447800000000000000e+04
1.000000000000000000e+05
1.415930000000000064e+03
5.813119999999999891e+03
1.550337699999999895e+05
1.222636399999999994e+05
5.300199999999999818e+02
1.707309999999999945e+03
3.388865000000000146e+04
1.541251400000000140e+05
4.462810000000000400e+03
6.851919999999999709e+04
3.049059999999999854e+04
9.638353999999999360e+04
6.824299999999999500e+02
1.128822400000000052e+05
6.766119999999999891e+03
1.691299999999999955e+02
5.972449999999999818e+03
1.704434999999999854e+04
1.496014999999999964e+04
1.650000000000000000e+04
1.053031900000000023e+05
2.754602999999999884e+05
4.400000000000000000e+03
1.090648999999999978e+04
3.069700000000000000e+04
1.074777000000000044e+04
2.690745000000000073e+04
2.940670000000000073e+04
2.155059999999999945e+03
4.887239999999999782e+03
6.426899999999999636e+03
2.284380000000000109e+03
3.247750000000000000e+03
3.119965000000000146e+04
8.881632000000000698e+04
3.582119999999999891e+03
8.400000000000000000e+02
8.414530000000000291e+04
8.611100000000000000e+04
4.365019000000000233e+04
5.935930000000000291e+03
2.129529000000000087e+04
1.761009999999999991e+03
5.664299999999999500e+02
1.000000000000000021e-02
2.597700000000000000e+04
4.230094500000000116e+05
1.284381999999999971e+04
8.369780000000000655e+03
5.145499999999999545e+02
8.046159999999999854e+03
2.977900000000000205e+02
5.450000000000000178e+00
3.267420000000000073e+03
9.865638999999999942e+04
3.367600000000000000e+04
1.220799999999999955e+03
7.665310000000000400e+03
3.300659999999999854e+03
1.351713999999999942e+04
3.994100000000000250e+02
2.840218999999999869e+04
9.249299999999999500e+02
5.644710000000000036e+03
2.787470999999999913e+04
2.346606999999999971e+04
8.210350000000000000e+04
3.208100000000000000e+04
1.623107000000000116e+05
5.849720000000000255e+03
1.162453000000000065e+04
6.168999999999999773e+01
9.991729999999999563e+03
5.329350000000000364e+03
5.604526000000000204e+04
1.241570000000000073e+04
4.095000000000000000e+02
2.796599000000000160e+04
1.981793000000000029e+04
3.700901000000000204e+04
1.134000000000000000e+04
1.232903000000000065e+04
4.680000000000000000e+03
3.600400000000000091e+03
8.000000000000000000e+03
1.013900000000000006e+02
1.431856999999999971e+04
1.270146000000000058e+05
7.055599999999999454e+02
5.503500000000000000e+04
1.677800199999999895e+05
5.334399999999999636e+03
2.370000000000000000e+04
1.460319999999999936e+03
5.550409999999999854e+03
7.591686000000000058e+04
1.825000000000000000e+04
3.395679999999999836e+03
6.488409999999999854e+03
7.487432000000000698e+04
1.597000000000000000e+04
1.993390000000000100e+03
8.720000000000000000e+04
9.819800000000000182e+02
4.693329999999999927e+03
9.209649999999999636e+03
8.326889999999999418e+03
3.440960000000000036e+03
3.735000000000000000e+03
2.424788999999999942e+04
2.168734000000000015e+04
1.758772000000000116e+04
7.200000000000000000e+04
4.539489999999999782e+03
1.100268000000000029e+04
2.916024000000000160e+04
1.208955399999999936e+05
4.689900000000000091e+02
1.208733300000000017e+05
8.989199999999999591e+02
6.342999999999999545e+02
6.366699999999999591e+02
7.402166000000000349e+04
1.982809999999999945e+03
1.861579699999999953e+06
5.934270000000000437e+03
5.867840000000000146e+03
9.308200000000000728e+03
9.410499999999999545e+02
4.706933999999999651e+04
2.271400000000000000e+04
1.709531999999999971e+04
1.296000000000000000e+04
4.755063999999999942e+04
6.801563000000000466e+04
3.647186000000000058e+04
9.968638000000000466e+04
4.882599999999999909e+02
5.061989999999999782e+03
2.228827000000000044e+04
1.515819999999999936e+03
5.617591999999999825e+04
7.519000000000000000e+03
8.398507000000000698e+04
1.424068500000000058e+05
4.975739999999999782e+03
3.099113000000000102e+04
2.094659999999999854e+03
1.181000000000000000e+03
1.695710000000000036e+03
1.200319999999999936e+03
1.986850000000000000e+04
1.278512999999999920e+04
4.828581999999999971e+04
2.438600000000000136e+02
1.304400000000000000e+04
2.064369999999999891e+03
1.073210000000000036e+03
1.047704000000000087e+04
2.475858000000000175e+04
5.846640000000000327e+03
1.400000000000000000e+02
4.380129000000000087e+04
1.010513999999999942e+05
1.738652999999999884e+04
4.152399999999999636e+03
1.140889999999999964e+04
3.438399999999999750e+02
5.100000000000000000e+03
4.339637000000000262e+04
1.137711300000000047e+05
1.835429000000000087e+04
1.331751000000000022e+04
3.852719999999999800e+03
3.065683000000000175e+04
1.442012000000000080e+04
3.179000000000000000e+03
1.523765999999999985e+04
1.591000000000000000e+03
4.662319999999999709e+03
1.225590000000000000e+05
3.107280000000000200e+03
2.253220999999999913e+04
1.951765000000000146e+04
5.681230000000000291e+04
4.296100000000000136e+02
2.761599999999999909e+03
2.298600000000000136e+02
3.277365000000000146e+04
8.890000000000000000e+03
1.821654000000000087e+04
5.006069999999999709e+03
5.217799999999999727e+02
3.500000000000000000e+03
2.389540000000000146e+04
3.204050000000000182e+03
4.607880000000000291e+04
5.256599999999999682e+02
8.044469999999999709e+04
6.099527999999999884e+04
6.913172999999999593e+04
3.066904000000000087e+04
1.452025000000000000e+04
5.778960000000000036e+03
7.883999999999999773e+02
1.499999999999999944e-01
5.976000000000000000e+04
5.478219999999999709e+04
2.330393000000000029e+04
7.656353999999999360e+04
6.244230000000000291e+04
4.264034999999999854e+04
4.913868000000000029e+04
2.873659999999999854e+04
1.743000000000000114e+02
2.839956000000000131e+04
9.916699999999999591e+02
4.711150000000000000e+04
1.256197999999999956e+04
4.302760000000000218e+03
8.889199999999999591e+02
1.240945709999999963e+06
7.508305000000000291e+04
7.884299999999999500e+02
5.263279999999999745e+03
7.781960000000000036e+03
1.746253599999999860e+05
9.665200000000000728e+03
2.350000000000000000e+04
6.674609999999999673e+03
6.828159999999999854e+03
3.927400000000000091e+02
9.079449000000000524e+04
3.132500000000000000e+02
7.072000000000000455e+02
1.653730000000000018e+03
1.157789999999999964e+04
8.335000000000000000e+03
7.800000000000000000e+01
1.005055999999999949e+04
5.666391999999999825e+04
4.004358000000000175e+04
3.288931999999999971e+04
6.952271000000000640e+04
1.453728000000000065e+04
1.845125999999999840e+04
2.658436999999999898e+04
3.485732800000000279e+05
9.052969999999999345e+03
7.864649999999999636e+03
3.565630000000000109e+03
1.051960000000000036e+04
3.067302000000000044e+04
2.101590000000000146e+03
1.160686799999999930e+05
3.696925000000000000e+04
3.653902999999999884e+04
2.220000000000000000e+04
6.780000000000000000e+04
2.611100000000000000e+04
3.048331000000000131e+04
2.604099000000000160e+04
7.546636000000000058e+04
2.069822999999999956e+04
5.328200000000000500e+02
2.699997299999999814e+05
6.124250000000000000e+03
4.050550000000000182e+03
2.201043000000000029e+04
4.094000000000000000e+03
1.149377000000000044e+04
5.206100000000000000e+04
5.237079999999999927e+03
1.361178000000000065e+04
1.558328099999999977e+05
8.949739999999999418e+04
1.436929299999999930e+05
1.210525000000000000e+04
1.270069999999999936e+03
3.529909999999999854e+03
2.630079000000000087e+04
1.087744000000000051e+04
3.163856999999999971e+04
4.458600000000000136e+02
2.038100000000000000e+04
5.428099999999999454e+02
2.797400000000000091e+02
3.538037000000000262e+04
3.998300000000000000e+04
3.309200000000000000e+04
6.216369999999999891e+03
1.406520000000000073e+04
1.040253000000000065e+04
1.348767000000000007e+04
2.062327999999999884e+04
4.364140000000000327e+03
4.504569999999999709e+03
4.406740000000000146e+04
5.669899999999999636e+03
6.199561000000000058e+04
5.712312000000000262e+04
1.599600000000000000e+04
2.215856000000000131e+04
5.625239999999999782e+03
1.202651000000000022e+04
3.795709999999999854e+04
3.600000000000000000e+02
9.337503999999999360e+04
2.346900000000000000e+04
2.085752000000000044e+04
6.115699999999999818e+03
5.350704000000000087e+04
3.770326000000000204e+04
3.752130999999999767e+04
1.624799999999999898e+02
1.016335000000000036e+04
3.266591999999999825e+04
8.491559999999999491e+03
1.310245000000000073e+04
3.940860000000000127e+03
2.538899999999999864e+02
1.750000000000000000e+03
7.019199999999999818e+03
3.711038999999999942e+04
3.384019999999999982e+03
6.163200000000000000e+04
5.000000000000000000e+03
1.520000000000000000e+04
9.182999999999999829e+01
2.528900000000000091e+03
6.704020000000000437e+03
3.054291999999999825e+04
1.700000000000000000e+03
4.007400000000000091e+02
1.795377000000000044e+04
5.898210000000000036e+03
1.000000000000000000e+03
1.993380000000000109e+03
9.650311999999999534e+04
9.338300000000000409e+02
1.160000000000000000e+03
1.095867000000000007e+04
6.680000000000000000e+04
1.806700999999999840e+04
1.198380000000000109e+03
2.480000000000000000e+04
2.721176819999999832e+06
7.876409999999999854e+03
1.772679000000000087e+04
9.390159999999999854e+03
2.179436000000000058e+04
1.895411000000000058e+04
1.007008099999999977e+05
4.757015000000000146e+04
1.024609999999999900e+03
3.207352000000000044e+04
6.687000000000000000e+03
2.261619999999999891e+03
1.410270999999999913e+04
2.542000000000000000e+03
3.840515999999999767e+05
3.441299999999999955e+02
1.817536400000000140e+05
1.000778000000000065e+04
1.345102000000000044e+04
1.327000000000000000e+03
3.921000000000000227e+02
1.043101000000000022e+04
5.932820999999999913e+04
1.228549999999999955e+03
1.990898399999999965e+05
8.019199999999999591e+02
1.286720000000000027e+03
6.803939999999999600e+03
5.181799999999999500e+02
4.294159999999999854e+03
1.294712000000000080e+04
4.416693000000000029e+04
1.686670000000000073e+04
4.120000000000000107e+00
8.731991999999999825e+04
1.233281999999999971e+04
1.108420000000000073e+04
2.641091999999999825e+04
4.828581999999999971e+04
8.620350000000000000e+04
1.384660000000000082e+03
5.645291000000000349e+04
2.400000000000000000e+04
2.854499999999999886e+02
5.168799999999999955e+02
4.070826000000000204e+04
1.882544200000000128e+05
9.406100000000000136e+02
2.620061999999999898e+04
3.499233999999999651e+04
1.474300000000000068e+02
3.504480999999999767e+04
5.569199999999999818e+03
1.787779999999999973e+03
3.848000000000000000e+03
1.232852000000000044e+04
2.453619999999999891e+03
9.880700000000000728e+03
5.918200000000000500e+02
3.649365000000000146e+04
2.548019999999999982e+03
3.457258999999999651e+04
8.507541000000000349e+04
4.116541999999999825e+04
2.541800000000000182e+03
5.082790000000000146e+04
1.004729999999999927e+04
1.684083900000000140e+05
1.853900000000000000e+04
6.034319999999999709e+03
2.964809999999999945e+03
2.566754999999999927e+04
1.158985200000000041e+05
3.650320000000000164e+03
2.768159999999999854e+03
9.934260000000000218e+03
2.547740999999999985e+04
5.309997000000000116e+04
1.176892899999999936e+05
3.584570000000000164e+03
3.242277000000000044e+04
1.020000000000000000e+03
1.343379000000000087e+04
4.474087000000000262e+04
8.000000000000000000e+03
3.093999999999999773e+02
5.720499999999999545e+02
1.331203000000000065e+04
5.792000000000000455e+02
1.968188000000000102e+04
2.329995999999999913e+04
6.108258999999999651e+04
9.428049999999999272e+03
5.813400000000000000e+05
9.519819999999999709e+04
1.985590000000000146e+04
8.253989999999999782e+03
3.312500000000000000e+03
2.166050999999999840e+04
1.157500000000000000e+02
1.149453000000000065e+04
1.031299999999999955e+02
1.115421000000000058e+05
1.710000000000000000e+04
3.333500000000000000e+03
3.952949999999999818e+03
1.532900000000000091e+03
9.730000000000000000e+03
1.697720700000000070e+05
3.375269999999999982e+03
8.605752999999999884e+04
6.877500000000000000e+02
2.612000000000000000e+04
1.544578000000000065e+04
1.685931000000000131e+04
4.277877999999999884e+04
6.511456999999999971e+04
2.325795999999999913e+04
5.500000000000000000e+03
2.979449999999999818e+03
2.647586999999999898e+04
3.951263999999999942e+04
2.271090999999999985e+04
4.155080999999999767e+04
1.156925000000000000e+04
1.799668999999999869e+04
3.182529000000000087e+04
3.375650000000000091e+03
1.352800000000000011e+02
6.367400000000000091e+02
1.680000000000000000e+03
3.209693000000000029e+04
6.353400000000000318e+02
2.685549099999999744e+05
1.026715999999999985e+04
1.702072000000000116e+04
1.606838999999999942e+04
6.141394999999999709e+04
2.271875000000000000e+04
1.593029999999999973e+03
1.976218500000000058e+05
5.634655000000000291e+04
3.211499999999999773e+02
1.000000000000000000e+03
2.490030000000000200e+03
2.510420000000000073e+03
1.065750000000000000e+03
3.898000000000000000e+03
3.179000000000000000e+04
7.157400000000000091e+02
6.173400000000000318e+02
6.000600000000000364e+03
8.617860000000000582e+03
2.418400000000000091e+03
1.615694000000000051e+04
7.518569999999999709e+03
8.081297999999999593e+04
6.824880000000000109e+03
1.534215999999999985e+04
1.680791999999999825e+04
7.001729999999999563e+03
1.559400000000000091e+03
3.523198999999999796e+04
1.374799999999999898e+02
1.307977000000000044e+04
1.094529999999999973e+03
7.296510000000000218e+03
1.037140999999999985e+04
1.074011999999999971e+05
1.025915999999999985e+04
9.745205000000000291e+04
1.116512000000000080e+04
1.994420000000000073e+03
7.809140000000000327e+03
2.143449999999999818e+03
8.017800000000000182e+03
8.940000000000000000e+03
9.021950000000000728e+03
5.178979999999999563e+03
7.749899999999999636e+03
8.291241999999999825e+04
1.654559999999999945e+03
1.075364999999999964e+04
1.006239999999999964e+04
7.546599999999999682e+02
9.747430000000000291e+03
4.091480000000000018e+03
1.235000000000000000e+04
1.078990999999999985e+04
1.420954999999999927e+04
4.213534999999999854e+04
1.121349999999999909e+03
2.421563000000000102e+04
2.754683000000000175e+04
1.997527000000000044e+04
1.643800999999999840e+04
2.997300000000000182e+03
8.677690000000000509e+03
7.031739999999999418e+04
1.385231600000000035e+05
1.589009000000000015e+04
2.663440000000000146e+04
1.501261199999999953e+05
8.000000000000000000e+02
1.037595999999999913e+04
9.593999999999999773e+01
6.630000000000000000e+04
5.033670000000000073e+03
1.064140000000000100e+03
5.391200000000000045e+02
1.638217000000000007e+04
2.828039999999999964e+03
4.914695999999999913e+04
5.021981999999999971e+04
7.322500000000000000e+03
1.552012000000000080e+04
1.251318000000000029e+04
1.939338000000000102e+04
1.200199999999999960e+02
1.800000000000000000e+04
5.775299999999999727e+02
6.459500000000000000e+03
1.359671999999999935e+04
2.103920000000000073e+04
9.145061999999999534e+04
1.221869999999999891e+03
4.292979000000000087e+04
2.135363599999999860e+05
1.094630000000000000e+05
6.724000000000000000e+03
6.080941999999999825e+04
7.710600000000000000e+04
7.668069999999999709e+03
5.485420000000000073e+03
5.469199999999999591e+02
4.163258999999999651e+04
1.743161999999999898e+04
5.109750000000000000e+03
6.184319999999999709e+03
8.999999999999999667e-02
2.294207000000000116e+05
1.216425000000000000e+04
3.710000000000000000e+02
3.666813999999999942e+04
5.405220000000000255e+03
3.449566000000000349e+04
2.423849000000000160e+04
2.204263999999999942e+04
3.281322399999999907e+05
1.878961999999999898e+04
8.000000000000000000e+02
2.475699999999999932e+02
1.392988999999999942e+04
2.960470000000000073e+04
4.568319999999999709e+04
8.726559999999999491e+03
1.101071699999999983e+05
2.721581000000000131e+04
1.624240999999999985e+04
1.487835899999999965e+05
1.609289999999999964e+03
1.754588000000000102e+04
3.364659999999999854e+03
1.257444000000000051e+04
2.640129000000000087e+04
2.500820999999999913e+04
2.547269999999999982e+03
1.104240000000000009e+03
1.328000000000000000e+04
4.201060000000000400e+03
1.626737999999999920e+04
7.952635000000000582e+04
5.342000000000000455e+02
1.120019999999999982e+03
3.341219000000000233e+04
2.010902999999999884e+04
2.312719999999999800e+03
4.126170999999999913e+04
2.941211000000000058e+04
4.482183999999999651e+04
7.693000000000000000e+03
1.496195999999999913e+04
3.280247000000000116e+04
5.555336000000000058e+04
3.580550000000000182e+03
6.476799999999999500e+02
1.216914999999999964e+04
2.658815000000000146e+04
7.000000000000000000e+03
2.762095000000000073e+04
8.003899999999999864e+02
1.935413999999999942e+04
2.684875000000000000e+04
6.204659999999999854e+04
3.792591999999999825e+04
1.479021999999999935e+04
1.050043000000000029e+04
1.384001000000000022e+04
1.920000000000000000e+03
2.364868000000000029e+04
1.550000000000000000e+03
4.617829999999999927e+03
2.027084599999999919e+05
2.958333000000000175e+04
1.732950000000000045e+03
8.769072999999999593e+04
8.418000000000000000e+03
2.500538999999999942e+04
5.062900000000000205e+02
5.458700000000000045e+02
1.256185000000000036e+04
1.187460000000000036e+04
1.467387000000000080e+04
4.302733000000000175e+04
2.438699000000000160e+04
3.422097000000000116e+04
3.520001000000000204e+04
3.336186000000000058e+04
6.689547999999999593e+04
1.304407200000000012e+05
4.228840000000000146e+03
2.840577999999999884e+04
1.336869999999999891e+03
1.191573999999999978e+04
6.251231999999999971e+04
2.557025000000000000e+04
1.607440000000000055e+03
3.146999999999999886e+02
1.388099999999999909e+03
6.902916000000000349e+04
5.834479999999999563e+03
8.386010000000000218e+03
6.952529999999999745e+03
1.141661000000000058e+04
8.063300000000000182e+03
4.224779999999999745e+03
1.718793000000000029e+04
8.015970000000000255e+03
4.494966999999999825e+04
1.752761999999999898e+04
1.394364999999999964e+04
3.248799000000000160e+04
1.949679500000000116e+05
1.951815999999999985e+04
8.984288999999999942e+04
1.978822999999999956e+04
8.790819999999999709e+03
1.752193999999999869e+04
3.519615300000000279e+05
1.375129999999999927e+04
4.394710000000000036e+03
2.719869999999999891e+03
9.533389999999999418e+03
2.448083999999999942e+05
2.375277999999999884e+04
7.286199999999999818e+03
5.035470000000000255e+03
1.605979000000000087e+04
4.736093000000000029e+04
9.643690000000000509e+03
8.518370000000000800e+03
2.588068000000000029e+04
1.800000000000000000e+03
4.485000000000000142e+01
6.335959999999999854e+04
5.525000000000000000e+03
1.005750000000000000e+03
4.184477000000000116e+05
5.049201000000000204e+04
1.314420000000000073e+04
3.373610000000000127e+03
1.398400000000000000e+04
5.970000000000000000e+02
6.183208000000000175e+04
1.477972999999999956e+04
1.358652200000000012e+05
7.204229999999999563e+03
2.648700000000000000e+04
5.805599999999999454e+02
1.572579999999999927e+03
2.306361000000000058e+04
1.195537000000000080e+04
1.579219700000000012e+05
3.863769600000000210e+05
7.612000000000000000e+03
1.267218000000000029e+04
5.944069999999999709e+03
2.175000000000000000e+04
3.529090000000000146e+03
1.483750000000000000e+03
1.053960000000000036e+04
5.150080000000000291e+04
4.061054000000000087e+04
1.405170000000000073e+04
2.038459999999999854e+04
2.279315000000000146e+04
4.040000000000000000e+04
1.606414999999999964e+04
2.462800000000000011e+02
1.076029999999999973e+03
1.157000000000000000e+03
1.841130000000000109e+03
8.907020000000000437e+03
9.020219999999999345e+03
1.062299999999999955e+03
1.426126000000000022e+04
7.305677999999999884e+04
3.170338999999999942e+04
4.284000000000000000e+04
2.488000000000000000e+03
9.613229999999999563e+03
1.463143000000000029e+04
2.391577999999999884e+04
1.000000000000000021e-02
7.959979999999999563e+03
2.261105899999999965e+05
3.945940000000000055e+03
1.094009000000000015e+04
2.838200999999999840e+04
2.028740000000000009e+03
3.645600000000000023e+02
4.300000000000000000e+03
1.534213999999999942e+04
1.500000000000000000e+04
1.366337999999999920e+04
2.114792399999999907e+05
1.339931300000000047e+05
8.321899999999999636e+03
4.570141999999999825e+04
5.513400000000000000e+04
2.873261999999999898e+04
1.826599999999999909e+03
1.937500000000000000e+04
1.700000000000000000e+01
6.424009999999999854e+04
1.048290999999999985e+04
3.740541999999999825e+04
3.483127399999999907e+05
1.482112999999999920e+04
1.578714999999999964e+04
1.167039999999999964e+04
1.422400000000000091e+03
1.277399999999999949e+02
1.606660000000000082e+03
1.672118999999999869e+04
6.167244000000000233e+04
2.710658000000000175e+04
6.300000000000000000e+02
1.051600500000000029e+05
5.583494000000000233e+04
9.583999999999999773e+02
5.753020000000000437e+03
1.620000000000000000e+04
4.191430000000000291e+03
1.542849999999999909e+03
2.025600000000000023e+02
2.769309999999999854e+04
2.929915000000000146e+04
6.905299999999999727e+02
7.913125999999999476e+04
6.015329999999999927e+03
5.200000000000000000e+02
5.784251999999999680e+04
2.044368999999999869e+04
5.884562999999999738e+04
3.858670000000000073e+03
2.243747000000000116e+04
9.933700000000000045e+02
2.581618999999999869e+04
4.070699999999999818e+03
4.062469999999999800e+03
1.822131000000000131e+04
8.888469999999999709e+04
4.835810000000000400e+03
3.590601999999999680e+04
1.540900000000000034e+02
6.805169999999999709e+04
1.796665000000000146e+04
2.244413000000000102e+04
1.445994000000000051e+04
4.270810000000000400e+03
2.304900000000000091e+02
9.843200000000000500e+02
2.915000000000000000e+04
1.971069999999999936e+03
7.580020000000000437e+03
5.722780000000000291e+04
1.559030299999999988e+05
4.362473999999999796e+04
1.733369999999999891e+03
2.114143699999999953e+05
1.023529000000000087e+04
2.637438000000000102e+04
9.120000000000000284e+01
6.606399999999999864e+02
1.377035000000000036e+04
2.714980000000000018e+03
1.965909000000000015e+04
8.695258000000000175e+04
4.356988999999999942e+04
4.749989999999999782e+03
4.676437000000000262e+04
4.827359999999999673e+03
1.455209500000000116e+05
3.600000000000000000e+03
7.441470000000000255e+03
4.111800000000000068e+02
4.516369999999999891e+03
5.601731999999999971e+04
2.257679999999999927e+04
7.071699999999999591e+02
1.343925400000000081e+05
1.818566999999999825e+04
2.744188400000000256e+05
7.440000000000000000e+03
8.783899999999999864e+02
6.471289999999999964e+03
9.387110000000000582e+03
2.541800000000000182e+03
5.460470000000000255e+03
3.324670000000000073e+03
6.200000000000000000e+03
4.171500000000000000e+04
4.634034999999999854e+04
1.045498999999999978e+04
5.858035400000000373e+05
4.721789999999999964e+03
1.695640000000000146e+04
2.385711999999999898e+04
2.167088999999999942e+04
1.992230000000000018e+03
9.880430000000000291e+03
1.414940000000000055e+03
8.152605000000000291e+04
4.000000000000000000e+04
7.436489999999999782e+03
3.477483000000000175e+04
5.176781999999999971e+04
1.002643399999999965e+05
3.004481000000000131e+04
6.977130000000000109e+03
6.303951000000000204e+04
1.620112999999999920e+04
5.376606999999999971e+04
1.683275000000000000e+04
1.687788000000000102e+04
4.545912000000000262e+04
2.284936999999999898e+04
8.959000000000000000e+03
1.013618000000000029e+04
2.415865999999999985e+04
2.903940000000000146e+04
8.259510000000000582e+04
5.822400000000000091e+02
1.307789999999999964e+04
4.629445999999999913e+04
6.143659999999999854e+03
6.515099999999999909e+02
2.385704000000000087e+04
1.945879000000000087e+04
3.335131999999999971e+04
1.077837999999999920e+04
7.978808000000000175e+04
3.269429999999999836e+03
5.268805999999999767e+04
4.398325000000000000e+04
5.042920000000000073e+03
2.002800000000000000e+04
2.933570000000000164e+03
1.736893999999999942e+05
4.870199999999999818e+02
1.536629999999999927e+04
2.591700000000000159e+02
1.240350000000000000e+04
1.818506000000000131e+04
7.076970000000000255e+03
1.846059000000000015e+04
4.087710000000000036e+03
1.481000000000000000e+03
6.004858999999999651e+04
1.166200000000000000e+04
6.338466999999999825e+04
2.264199999999999818e+03
6.999989999999999782e+03
1.561359999999999900e+03
4.280725000000000000e+04
6.922699999999999818e+02
4.688658000000000175e+04
1.194700000000000000e+04
1.165702000000000044e+04
1.005600000000000023e+03
3.817887000000000262e+04
1.929904999999999927e+04
3.171724000000000160e+04
5.582020000000000437e+03
3.963984999999999854e+04
9.443950000000000728e+03
5.155700000000000000e+04
2.875187999999999884e+05
5.441963999999999942e+04
1.484296099999999860e+05
5.000000000000000000e+02
4.319927999999999884e+04
1.846965700000000070e+05
1.900627999999999884e+04
1.410600000000000023e+02
3.030036999999999898e+04
2.783037899999999790e+05
3.697340000000000146e+03
3.048380000000000109e+03
4.050000000000000000e+03
4.260569000000000233e+04
1.668499999999999943e+02
2.285980000000000018e+03
2.465190000000000055e+03
5.868500000000000227e+02
1.135319999999999936e+03
4.160000000000000000e+04
3.579200000000000159e+02
6.772599999999999909e+02
8.095600000000000364e+03
2.408384000000000015e+04
3.048134000000000015e+04
1.966000000000000000e+03
4.079826000000000204e+04
1.126750000000000000e+03
3.122079999999999927e+04
8.781389999999999418e+03
2.516840000000000146e+04
1.137099999999999937e+02
2.315736999999999898e+04
1.043715999999999985e+04
3.486690000000000146e+04
1.030226499999999942e+05
5.746000000000000085e+01
4.530281999999999971e+04
1.200000000000000000e+04
1.955850000000000000e+04
1.946891999999999825e+04
8.120000000000000000e+03
2.611568999999999869e+04
3.389070000000000164e+03
3.822900000000000000e+04
1.913972999999999956e+04
6.325270000000000437e+03
4.792550000000000182e+03
7.233520000000000437e+03
4.508399999999999750e+02
8.799797000000000116e+04
1.513950000000000045e+03
4.068188999999999942e+04
7.952716000000000349e+04
8.242610000000000582e+03
3.868398999999999796e+04
3.963323000000000320e+04
6.101550000000000182e+03
2.714838000000000102e+04
4.064090000000000146e+03
1.276095000000000073e+04
1.668300000000000125e+02
2.177800000000000182e+03
1.496227699999999895e+05
1.591200000000000000e+04
6.709670000000000073e+03
1.515372999999999956e+04
2.016599999999999966e+02
2.614147999999999956e+04
7.906069999999999709e+03
1.202881100000000006e+05
1.005310000000000000e+05
2.763038999999999942e+04
3.498630000000000109e+03
6.138100000000000364e+03
1.606243000000000029e+04
6.285099999999999909e+02
2.243995000000000073e+04
3.541999999999999886e+02
2.542710000000000036e+03
4.125099999999999909e+02
1.491403000000000065e+04
3.061889999999999873e+03
2.893769999999999982e+03
1.122220000000000027e+03
1.162897999999999956e+04
1.013350000000000023e+03
2.008625999999999840e+04
8.760010000000000218e+03
4.363748000000000320e+04
7.644159999999999854e+03
1.050772999999999956e+04
7.932189999999999418e+04
5.971868000000000029e+04
1.203722999999999956e+04
5.525000000000000000e+03
3.694200000000000159e+02
1.022679999999999927e+04
6.000000000000000000e+04
1.666400000000000091e+03
8.355909999999999854e+03
1.251175000000000000e+04
1.612501000000000022e+04
2.208360000000000127e+03
2.667531999999999971e+04
2.577900000000000205e+02
1.850808099999999977e+05
3.788734999999999854e+04
1.788199999999999932e+02
2.113543999999999869e+04
1.655843500000000058e+05
3.636369999999999891e+03
3.188436000000000058e+04
2.230000999999999840e+04
1.120600000000000000e+04
3.127875000000000000e+04
4.940460499999999884e+05
7.396200000000000045e+02
6.581858000000000175e+04
5.000000000000000000e+03
1.211156999999999971e+04
2.125000000000000000e+02
6.360659999999999854e+03
2.983362000000000116e+05
4.849862999999999738e+04
2.185380000000000109e+03
9.510590000000000146e+03
2.969915000000000146e+04
3.924268000000000029e+04
1.364512000000000080e+04
2.357500000000000000e+03
5.810000000000000000e+02
2.794461999999999898e+04
2.489025000000000000e+04
4.450369999999999891e+03
3.153104000000000087e+04
1.165204000000000087e+04
1.475999999999999943e+02
2.249997999999999956e+04
8.508969999999999345e+03
5.634818000000000029e+04
8.076200000000000045e+02
8.654241999999999825e+04
1.375000000000000000e+02
6.077916999999999825e+04
5.284029999999999745e+03
3.117218000000000029e+04
8.533100000000000364e+03
5.932583999999999651e+04
7.403279999999999745e+03
8.043140000000000327e+03
1.036799999999999955e+03
1.305818399999999965e+05
3.897699999999999818e+03
1.391002000000000044e+04
4.640705999999999767e+04
8.222340000000000146e+03
7.953253999999999360e+04
3.065000000000000000e+03
5.378399999999999636e+03
2.583003399999999965e+05
3.843699999999999818e+03
9.189739999999999782e+03
2.558656999999999971e+04
1.024184000000000015e+04
2.954047000000000116e+04
6.060783000000000175e+04
5.402451000000000204e+04
6.856510000000000218e+03
4.630000000000000000e+02
1.614707999999999993e+04
1.600054999999999927e+04
2.534435000000000000e+05
3.678399999999999750e+02
2.289300000000000068e+02
5.088789999999999964e+03
3.422094000000000233e+04
8.400000000000000000e+03
2.107645000000000073e+04
6.216552999999999884e+04
4.149260000000000218e+03
3.600000000000000000e+03
2.616719999999999800e+03
3.837838999999999942e+04
1.638834999999999854e+04
4.056869999999999891e+03
2.846945999999999913e+04
7.165363299999999581e+05
2.402886999999999898e+04
1.282299999999999898e+02
1.120009999999999991e+03
2.796359999999999854e+04
6.259840000000000146e+04
4.443473000000000320e+04
2.294019999999999982e+03
2.104238999999999942e+04
2.056800000000000182e+03
9.508697000000000116e+04
9.968750000000000000e+03
1.051896999999999935e+04
1.934997999999999956e+04
1.130316300000000047e+05
2.334222399999999907e+05
1.197000000000000000e+03
3.165000000000000000e+03
4.802216999999999825e+04
4.742659999999999854e+03
2.759219999999999800e+03
1.646890000000000100e+03
2.333238999999999942e+04
3.154227000000000044e+04
1.187460000000000036e+04
9.841483000000000175e+04
2.655030000000000200e+03
4.610733999999999651e+04
5.461799999999999500e+02
7.716949999999999818e+03
6.428955000000000291e+04
1.026670000000000073e+04
1.909940000000000146e+04
1.700000000000000000e+03
5.881750000000000000e+03
1.786998299999999872e+05
2.198266999999999825e+04
3.411798999999999796e+04
6.660000000000000000e+03
5.213899999999999864e+02
2.191734999999999854e+04
3.386125000000000000e+04
7.747479999999999563e+03
4.628100000000000023e+02
9.961080000000000291e+04
6.209756999999999971e+04
2.779664000000000233e+05
1.287045000000000073e+04
2.027589999999999918e+03
1.331474500000000116e+05
3.272829999999999927e+03
5.900000000000000000e+03
2.567320000000000164e+03
1.324405999999999949e+04
1.650000000000000000e+02
6.447437999999999738e+04
1.509319999999999936e+03
2.903511999999999898e+04
1.333400000000000091e+03
5.597209999999999854e+04
1.202895000000000073e+04
6.739590000000000146e+03
1.427000000000000000e+03
1.167039999999999964e+04
2.634127000000000044e+04
4.346159999999999854e+03
2.299915999999999985e+04
6.452890000000000327e+03
2.810880399999999790e+05
5.800000000000000000e+04
3.155879999999999927e+04
5.720000000000000000e+03
3.093384999999999854e+04
1.464362000000000080e+04
2.534159999999999854e+03
6.488579999999999927e+03
7.915369999999999891e+03
5.515283000000000175e+04
2.589484999999999854e+04
1.009200000000000000e+04
6.380099999999999909e+02
6.520800000000000409e+02
6.794500000000000455e+02
5.847538999999999942e+04
1.482931999999999971e+04
1.211730999999999949e+04
3.423123000000000320e+04
1.790509999999999991e+03
7.436799999999999500e+02
2.199265000000000146e+04
5.000000000000000000e+03
4.791420000000000073e+03
1.158199999999999932e+02
2.994693000000000029e+04
4.716144000000000233e+04
1.394821999999999935e+04
1.819900000000000091e+02
1.445018599999999860e+05
6.661779999999999745e+03
2.880590000000000146e+03
1.270804999999999927e+04
1.232495999999999913e+04
5.717308000000000175e+04
9.062999999999999545e+01
1.659445100000000093e+05
1.463059999999999945e+03
4.119998999999999796e+04
5.334399999999999636e+03
4.150140000000000327e+03
2.164000000000000000e+04
5.877380000000000109e+03
4.642804000000000087e+04
2.496988000000000102e+04
1.289500000000000000e+04
3.500000000000000000e+03
1.177042200000000012e+05
4.626409999999999854e+03
1.250000000000000000e+03
6.677699999999999818e+02
8.334722999999999593e+04
4.634344999999999709e+04
2.220813000000000102e+04
4.503812000000000262e+04
6.890479999999999563e+03
5.618000000000000000e+03
2.496220000000000073e+04
1.781570979999999981e+06
6.317300000000000182e+03
8.353760000000000218e+03
8.942229999999999563e+03
2.652000000000000000e+04
7.032979999999999563e+03
1.836525999999999840e+04
2.685800000000000000e+04
1.423000000000000000e+04
2.304766999999999825e+04
2.584000000000000000e+04
4.188413999999999942e+04
6.440000000000000000e+03
6.660599999999999454e+02
1.554200000000000000e+04
1.434697999999999956e+04
1.756099999999999909e+03
4.414812500000000000e+05
3.660829999999999927e+03
2.383818000000000029e+04
1.402681999999999971e+04
2.582500000000000000e+02
9.511280000000000655e+03
5.000250000000000000e+03
1.139037999999999920e+04
6.000000000000000000e+03
7.255180000000000291e+03
8.562850000000000364e+03
9.722180000000000291e+03
2.025589999999999918e+03
2.156734999999999854e+04
9.281000000000000000e+03
5.857600000000000000e+04
1.486787000000000080e+04
2.162525000000000000e+04
2.607993999999999869e+04
2.755256000000000131e+04
2.702168999999999869e+04
2.159030000000000200e+03
6.630000000000000000e+03
1.435058500000000058e+05
2.604295000000000073e+04
5.079000000000000000e+03
7.622369999999999891e+03
9.000000000000000000e+03
3.495350000000000000e+04
3.362113999999999942e+04
4.530000000000000000e+02
1.277369000000000051e+04
1.153687999999999920e+04
9.567491999999999825e+04
2.651102000000000044e+04
9.426677999999999884e+04
1.084206999999999971e+04
4.796800000000000068e+02
7.650409999999999854e+03
8.134499000000000524e+04
3.468893000000000029e+04
8.703400000000000318e+02
8.862200000000000273e+02
5.034200000000000159e+02
1.732859999999999854e+04
5.449800000000000000e+04
5.367039999999999964e+03
1.365632999999999993e+04
1.205685000000000000e+05
2.076234999999999854e+04
2.394170000000000073e+03
2.500493000000000029e+04
2.209369999999999891e+03
6.808779999999999745e+03
3.825500000000000000e+04
2.406481999999999971e+04
1.890300000000000000e+04
9.297680000000000291e+03
2.707888400000000256e+05
8.243000000000000682e+01
5.488294000000000233e+04
4.915759999999999854e+04
8.086000000000000000e+03
5.721475000000000000e+04
4.196000000000000227e+02
2.424000000000000000e+04
3.133083000000000175e+04
4.446923000000000320e+04
4.870859999999999673e+03
3.927952999999999884e+04
9.148909999999999854e+03
6.217500000000000000e+02
2.289224000000000160e+04
2.595899999999999750e+02
7.662799999999999727e+02
3.747268000000000029e+04
1.171856999999999971e+04
9.418709999999999127e+03
5.603779999999999745e+03
2.798915000000000146e+04
2.744188400000000256e+05
7.109000000000000341e+01
2.010431999999999971e+04
2.037609999999999900e+03
1.515950000000000045e+03
2.469568999999999869e+04
1.341361000000000058e+04
3.210700999999999840e+04
1.892591099999999860e+05
1.439240000000000009e+03
2.623320000000000073e+04
2.482747999999999956e+04
8.518959999999999127e+03
1.500000000000000000e+04
6.874800000000000182e+02
7.247380000000000109e+03
2.463759000000000015e+04
1.033200000000000000e+04
1.295284000000000015e+04
3.228232899999999790e+05
2.160000000000000000e+03
1.076445999999999913e+04
2.153533000000000175e+04
3.402411000000000058e+04
2.205190999999999985e+04
2.354130000000000109e+03
6.896035000000000582e+04
5.145750000000000000e+03
6.745833000000000175e+04
1.597400000000000091e+02
3.478469999999999709e+04
3.053630000000000109e+03
3.048495999999999913e+04
5.330761999999999534e+05
1.514404000000000087e+04
5.811000000000000000e+03
3.292026999999999680e+04
3.021140000000000146e+04
1.636698999999999978e+04
8.750000000000000000e+02
2.156190999999999985e+04
3.000000000000000000e+03
4.255619999999999891e+03
3.114320000000000164e+03
1.935230700000000070e+05
8.496108999999999651e+04
8.433350300000000279e+05
1.830000000000000000e+02
6.063800000000000182e+03
6.180000000000000000e+04
1.641100000000000136e+02
8.512879999999999200e+03
4.947159999999999854e+03
1.948600000000000136e+02
6.609600000000000364e+02
1.935361000000000058e+04
2.000000000000000000e+03
1.764752000000000044e+04
5.264399999999999636e+03
1.836468999999999869e+04
4.826499999999999773e+02
7.535999999999999943e+01
5.268137000000000262e+04
2.501590000000000146e+04
2.087456000000000131e+04
1.956666999999999825e+04
8.369040000000000873e+03
3.917200000000000273e+02
3.964806999999999971e+04
2.635938000000000102e+04
1.651850700000000070e+05
1.516809999999999945e+03
9.758909999999999854e+03
2.449900000000000091e+03
3.816700000000000000e+04
4.634526000000000204e+04
5.720499999999999545e+02
1.321990000000000009e+03
2.532100000000000000e+04
7.107963999999999942e+04
1.269915999999999985e+04
2.310538000000000102e+04
8.245800000000000000e+04
2.749590000000000146e+03
2.491109000000000015e+04
2.547893000000000029e+04
2.122695799999999872e+05
2.067720000000000073e+04
3.089590000000000146e+03
1.949099999999999909e+03
1.289500000000000000e+04
1.373862000000000080e+04
2.926030000000000200e+03
1.007769999999999982e+03
8.205675999999999476e+04
7.811767999999999302e+04
1.268000000000000000e+04
4.614800000000000182e+02
1.217730999999999949e+04
1.392648999999999978e+04
1.584000000000000000e+04
2.703399999999999750e+02
6.414900000000000091e+02
8.124180000000000291e+03
1.435200000000000102e+02
2.000000000000000000e+03
4.200000000000000000e+02
2.957920000000000073e+03
2.536210000000000036e+03
2.332934000000000015e+04
8.103529999999999745e+03
4.707470000000000255e+03
5.190084999999999854e+04
9.027069999999999709e+03
1.616865400000000081e+05
6.782986000000000058e+04
2.694300000000000068e+02
1.286386000000000058e+04
2.337631999999999971e+04
6.935499999999999545e+02
1.080000000000000000e+04
8.261149999999999636e+03
9.107610000000000582e+03
2.403020999999999913e+04
3.203199999999999932e+02
1.729600000000000080e+02
1.435240999999999985e+04
4.018181999999999971e+04
8.500000000000000000e+03
8.347420000000000073e+03
4.028588999999999942e+04
1.224417000000000007e+04
1.561039999999999964e+04
4.029573000000000320e+04
1.155300000000000011e+02
1.022777000000000044e+04
6.392569999999999709e+03
7.652922000000000116e+04
2.345502000000000044e+04
1.600000000000000033e-01
5.242994999999999709e+04
3.694010000000000218e+03
1.144000000000000000e+04
7.052400000000000091e+02
8.396049999999999272e+03
7.179670000000000073e+03
1.790975100000000093e+05
5.941676000000000204e+04
5.514195999999999913e+04
3.266647999999999956e+04
1.475999999999999943e+02
3.378299999999999841e+02
1.958677000000000044e+04
1.309971999999999935e+04
9.427000000000000000e+04
5.332918000000000029e+04
2.016519999999999982e+03
7.800000000000000000e+03
2.738266999999999825e+04
1.753702999999999884e+04
2.305616999999999825e+04
6.701489999999999782e+03
6.145576999999999680e+04
7.615739999999999782e+03
2.100375999999999840e+04
1.662890000000000100e+03
4.193416999999999825e+04
1.579225000000000000e+04
1.085168500000000058e+05
3.399301000000000204e+04
4.282400000000000000e+04
4.138054000000000087e+04
8.033000000000000000e+03
2.323725999999999840e+04
3.781061799999999930e+05
5.090000000000000000e+04
7.854600000000000364e+02
1.942500000000000000e+03
5.130000000000000000e+02
8.486541000000000349e+04
4.064630000000000109e+03
1.326303000000000065e+04
5.049960000000000036e+03
1.407754999999999927e+04
4.741388999999999942e+04
5.019810000000000400e+03
9.354075999999999476e+04
4.492156999999999971e+04
6.035708999999999651e+04
1.127300000000000040e+02
1.835495999999999913e+04
4.488169000000000233e+04
1.843108000000000175e+04
1.463882999999999993e+04
2.200211000000000058e+04
7.104000000000000000e+03
8.393999999999999773e+02
1.069241399999999994e+05
7.825550000000000182e+03
1.960109999999999900e+03
1.947980000000000018e+03
1.734869999999999891e+03
8.387629999999999200e+03
2.371816999999999825e+04
1.110447899999999936e+05
1.479786000000000058e+04
5.014791999999999825e+04
2.307639999999999873e+03
1.305411000000000058e+04
3.033606000000000131e+04
1.981122000000000116e+04
6.837439999999999600e+03
8.067180000000000291e+03
6.217223000000000320e+04
1.381319500000000116e+05
4.320000000000000000e+03
3.356425000000000000e+04
9.609166000000000349e+04
8.006260000000000218e+03
1.606973999999999978e+04
7.565010000000000218e+03
2.693600000000000000e+04
5.124744999999999709e+04
1.537029999999999927e+04
6.590000000000000000e+02
4.231108999999999651e+04
1.433210000000000036e+03
1.357926000000000022e+04
1.430145000000000073e+04
9.314870000000000800e+03
6.727680000000000291e+03
1.234205999999999949e+04
5.898516000000000349e+04
4.190993000000000029e+04
4.786593000000000029e+04
3.094739999999999782e+03
2.733420000000000073e+04
2.200110000000000127e+03
3.503905000000000291e+04
3.534949999999999818e+03
8.639500000000000455e+02
2.512550000000000182e+03
5.961722000000000116e+04
2.641747999999999956e+04
3.022280000000000200e+03
5.553069999999999709e+03
4.000000000000000000e+03
1.064806999999999971e+04
1.747925999999999840e+04
2.451411000000000058e+04
4.319405000000000291e+04
4.787380000000000109e+03
1.049539999999999964e+03
1.610579999999999927e+03
4.364126000000000204e+04
1.853668000000000029e+04
3.568991000000000349e+04
2.745070000000000164e+03
1.296480000000000018e+03
2.040000000000000000e+04
2.603799999999999955e+02
5.188500000000000000e+04
3.111279000000000087e+04
2.800000000000000000e+03
3.514858000000000175e+04
1.155600000000000000e+04
1.290771999999999935e+04
1.203062000000000080e+04
6.385550000000000182e+03
3.065710000000000036e+03
2.034000000000000000e+04
1.163271999999999935e+04
1.706033000000000175e+04
1.214380000000000109e+03
3.614563999999999942e+04
4.864458999999999651e+04
5.449939999999999600e+03
6.345989999999999782e+03
2.887199999999999818e+03
7.678850000000000364e+03
9.437999999999999545e+01
7.597710000000000036e+03
5.904001000000000204e+04
3.340531999999999971e+04
1.791815000000000146e+04
1.580000000000000000e+03
6.337770000000000437e+03
1.002000000000000000e+04
1.091998999999999978e+04
3.860789999999999964e+03
1.107586000000000058e+04
9.606896000000000640e+04
1.494599999999999909e+03
5.300373000000000320e+04
2.028279999999999973e+03
4.681062999999999738e+04
1.260064999999999964e+04
3.134889999999999873e+03
2.755763999999999942e+04
8.652600000000000000e+04
2.938800000000000182e+03
4.488476000000000204e+04
2.357800000000000011e+02
1.709311999999999898e+04
5.379068000000000029e+04
2.311618999999999869e+04
3.914190000000000146e+04
5.747437199999999721e+05
1.711431000000000131e+04
4.019040000000000146e+04
1.098808699999999953e+05
2.482929999999999836e+03
3.341320000000000164e+03
1.188653000000000065e+04
9.044709999999999127e+03
1.696124000000000160e+04
8.851199000000000524e+04
4.192979999999999563e+03
5.486559999999999854e+04
1.270240000000000009e+03
1.287231999999999971e+04
2.427818000000000029e+04
4.515000000000000000e+02
2.734006999999999971e+04
3.031508000000000175e+04
2.301900000000000000e+04
4.630850000000000364e+03
2.858500000000000227e+02
6.247840000000000146e+03
4.012610000000000127e+03
1.978849999999999909e+03
1.264189999999999964e+04
7.380000000000000000e+02
1.178800000000000000e+04
9.503540000000000873e+03
2.855745999999999913e+04
3.575441999999999825e+04
3.453891000000000349e+04
9.004969999999999345e+03
1.488677000000000044e+04
5.334993000000000029e+04
1.182186000000000058e+05
1.857609999999999900e+03
7.570900000000000318e+02
2.893119999999999891e+03
2.389634999999999854e+04
3.290698000000000320e+04
6.908500000000000227e+02
3.821880000000000109e+03
2.405463999999999942e+04
1.329645000000000073e+04
2.330400000000000091e+03
4.304108999999999651e+04
1.107430000000000064e+03
5.250316000000000349e+04
1.870999999999999943e+02
4.153500000000000000e+04
1.691309999999999854e+04
1.153600000000000000e+04
2.339183000000000175e+04
3.212599999999999909e+02
1.166921199999999953e+05
3.907323000000000320e+04
1.105450000000000000e+04
2.410909000000000015e+04
3.098100000000000023e+02
8.227389999999999418e+03
5.840000000000000000e+02
5.997291999999999825e+04
4.922347000000000116e+04
8.763110000000000582e+03
1.202069000000000051e+04
1.605000000000000000e+04
2.916912600000000093e+05
1.805311999999999898e+04
1.454559999999999945e+03
2.071058000000000175e+04
3.013293000000000029e+04
2.537469999999999800e+03
8.459266999999999825e+04
1.386065999999999985e+04
9.483280000000000655e+03
1.217925000000000000e+04
3.298987000000000262e+04
2.535679999999999836e+03
1.441367000000000007e+04
9.509060000000000582e+04
8.752190000000000509e+03
4.471000000000000000e+03
5.918119999999999891e+03
3.121304999999999927e+04
4.282300000000000182e+02
1.304700000000000000e+04
3.089661999999999898e+04
7.177078999999999360e+04
8.723149999999999636e+03
7.991299999999999955e+02
3.944630000000000291e+04
2.019042000000000116e+05
1.464276000000000022e+04
1.524680999999999949e+04
5.581539999999999964e+03
3.152656999999999971e+04
3.699182800000000279e+05
2.346300999999999840e+04
3.066904000000000087e+04
6.400000000000000133e-01
4.129000000000000000e+03
3.801600000000000250e+02
3.475000000000000000e+03
1.946824000000000160e+04
1.716556999999999971e+04
3.547273999999999796e+04
1.837246700000000128e+05
5.720386000000000058e+04
5.177159999999999854e+03
1.017345000000000073e+04
5.451239999999999782e+03
3.012960000000000036e+03
2.302979000000000087e+04
1.770895999999999913e+04
7.805619999999999891e+03
9.051340000000000146e+03
1.312740000000000009e+03
3.120000000000000000e+03
4.692000000000000000e+04
4.531298999999999796e+04
4.444915000000000146e+04
2.022400000000000091e+03
3.400000000000000000e+04
4.885797000000000116e+04
5.228939999999999600e+03
1.721977999999999884e+04
5.256859999999999673e+03
1.705600000000000000e+04
1.018699100000000035e+05
1.241978000000000065e+04
4.483250000000000000e+03
1.458099999999999909e+03
2.167099999999999909e+03
1.605439999999999964e+04
1.020490000000000009e+03
3.771569000000000233e+04
1.660615999999999985e+04
1.188800000000000000e+04
1.806049999999999955e+03
3.139188999999999942e+04
9.732760000000000218e+03
6.097470000000000255e+03
5.557920000000000073e+03
1.298005999999999949e+04
1.400000000000000000e+04
2.902441999999999825e+04
1.073322100000000064e+05
1.761822000000000116e+04
1.209040000000000000e+05
9.065858000000000175e+04
1.896200000000000045e+02
7.276560000000000400e+03
6.695680000000000291e+03
4.261877999999999884e+04
2.138720999999999913e+04
2.832604999999999927e+04
6.626329999999999927e+03
8.410899999999999636e+03
1.157029999999999973e+03
8.408700000000000045e+02
6.591100000000000136e+02
1.367086000000000058e+04
5.153823999999999796e+04
1.284779999999999927e+04
1.244527000000000044e+04
1.307886000000000058e+04
1.976918000000000029e+04
5.744670000000000073e+03
1.047960000000000036e+04
5.095305999999999767e+04
2.918156000000000131e+04
4.972699999999999818e+03
1.320652000000000044e+04
6.089000000000000000e+04
4.086129000000000087e+04
2.280000000000000000e+03
1.930000000000000000e+02
6.424100000000000000e+04
1.968700000000000045e+02
4.602510000000000218e+03
7.725430000000000291e+03
9.968340000000000146e+03
2.662000000000000000e+03
1.800150000000000000e+05
1.523567000000000007e+04
9.904415200000000186e+05
4.791409999999999854e+03
3.600000000000000000e+03
3.291919999999999709e+04
1.082528000000000065e+04
7.606539999999999964e+03
4.095608999999999651e+04
2.500000000000000000e+04
5.525000000000000000e+03
8.837394000000000233e+04
2.086672000000000116e+04
4.685310000000000400e+03
4.065816999999999825e+04
1.155000000000000000e+03
6.690299999999999727e+02
3.711019999999999982e+03
2.700699999999999932e+02
3.041889999999999873e+03
1.196339999999999918e+03
1.048143899999999994e+05
2.979445999999999913e+04
1.531780100000000093e+05
2.027660000000000082e+03
2.807200000000000273e+02
4.167600000000000000e+04
2.490000000000000000e+03
5.095305999999999767e+04
3.184652999999999884e+04
3.720000000000000000e+04
1.481771700000000128e+05
1.359600000000000080e+02
5.556449999999999818e+03
3.240897000000000116e+04
6.138020000000000437e+03
1.837061000000000058e+04
5.090199999999999818e+02
1.270804999999999927e+04
1.031762999999999920e+04
1.106677000000000044e+04
1.403545999999999913e+04
2.413736000000000058e+04
1.402496300000000047e+05
1.045826000000000022e+04
8.164000000000000057e+01
4.839840000000000146e+03
2.466500000000000057e+02
9.229709999999999127e+03
1.899500000000000000e+04
9.058347000000000116e+04
5.377640000000000327e+03
2.443263999999999942e+04
2.583750000000000000e+04
3.090960000000000036e+03
3.385519999999999709e+04
6.670000000000000000e+02
3.804795999999999913e+04
3.262038999999999942e+04
3.649050000000000000e+04
5.329600000000000364e+02
3.064463000000000102e+04
3.780849999999999909e+03
5.859890600000000559e+05
1.753388000000000102e+04
3.544700000000000273e+02
5.007848000000000320e+04
2.140000000000000000e+04
2.120000000000000000e+02
6.333240000000000146e+04
2.495086999999999898e+04
6.276800000000000182e+03
1.030000000000000000e+04
9.217559999999999491e+03
4.524810000000000400e+03
1.513680000000000064e+03
4.352459999999999854e+04
8.933729999999999563e+03
5.250095999999999913e+04
1.736804999999999927e+04
7.833720000000000255e+03
1.327395000000000073e+04
1.202145999999999913e+04
9.108858999999999651e+04
6.643939999999999600e+03
1.413142000000000007e+04
3.528000000000000114e+02
4.363579999999999927e+03
1.028594000000000051e+04
5.106239999999999782e+03
3.764594999999999709e+04
1.386176000000000022e+04
1.406400000000000000e+04
4.200000000000000000e+02
5.410000000000000000e+03
2.681541999999999825e+04
6.102300000000000000e+04
2.727384999999999854e+04
5.239429000000000087e+04
2.100000000000000000e+04
6.143840000000000146e+04
3.649045999999999913e+04
3.600000000000000000e+03
5.690540000000000146e+04
1.526500000000000000e+03
4.550000000000000000e+03
3.807940000000000055e+03
5.092710000000000036e+03
2.079949999999999818e+03
1.062121799999999930e+05
6.876900000000000546e+02
1.220423999999999978e+04
3.760000000000000000e+03
7.841399999999999864e+02
1.602809000000000015e+04
5.791850000000000364e+03
3.539780999999999767e+05
7.000000000000000666e-02
4.115079999999999927e+03
3.240000000000000000e+04
9.906590000000000146e+03
4.945000000000000284e+01
2.510908000000000175e+04
8.585290000000000873e+03
3.160000000000000000e+03
2.160099999999999909e+03
1.294777000000000044e+04
2.883393400000000256e+05
3.010000000000000000e+02
1.879002999999999884e+04
6.590688000000000466e+04
1.827599999999999909e+02
1.686870000000000073e+04
3.466201999999999680e+04
4.631700000000000000e+04
1.960109999999999900e+03
1.142731999999999971e+04
8.396049999999999272e+03
8.999399999999999636e+03
2.467934000000000015e+04
2.825304000000000087e+04
1.274145200000000041e+05
3.862000000000000000e+04
1.800000000000000000e+03
4.912656999999999971e+04
1.130112999999999920e+04
5.631448000000000320e+04
7.433700000000000045e+02
2.400091999999999825e+04
1.708129999999999927e+04
9.278180000000000291e+03
3.945372000000000116e+04
8.110149999999999636e+03
3.212011999999999898e+04
5.852750000000000000e+03
4.055619999999999891e+03
2.976433000000000175e+04
1.200742000000000007e+04
9.426170000000000073e+03
1.069500000000000000e+04
2.948700000000000045e+02
7.348300000000000000e+04
1.533263599999999860e+05
2.374318999999999869e+04
3.298812000000000262e+04
1.808300000000000125e+02
5.370499999999999545e+02
1.294094600000000064e+05
3.409690000000000055e+03
5.143951000000000204e+04
1.081130999999999949e+04
9.966139999999999418e+03
1.858040999999999985e+04
3.697000000000000000e+03
5.013180000000000291e+03
9.258733999999999651e+04
7.600000000000000000e+03
1.538564999999999964e+04
2.484570000000000164e+03
1.050000000000000000e+04
5.253789999999999964e+03
1.865150000000000091e+03
1.716556999999999971e+04
2.906461000000000058e+04
3.643179999999999836e+03
2.236816999999999825e+04
2.257006999999999971e+04
2.072186000000000058e+04
9.932372000000000116e+04
4.311530000000000291e+04
3.654980000000000018e+03
3.252554999999999927e+04
9.120000000000000284e+01
2.096200000000000000e+04
4.778787999999999738e+04
3.412200000000000000e+04
1.600740999999999985e+04
6.786399999999999636e+03
5.155279999999999745e+03
3.518984999999999854e+04
5.265779999999999745e+03
9.930399999999999636e+02
4.394841999999999825e+04
8.900199999999999818e+02
5.435819999999999709e+03
3.542010000000000218e+03
3.053909000000000015e+04
2.601400999999999840e+04
1.227324299999999930e+05
1.446468599999999860e+05
4.142310000000000400e+03
2.930298200000000070e+05
4.316000000000000000e+03
3.818088999999999942e+04
8.257200000000000273e+02
1.977869999999999891e+03
1.961504999999999927e+04
9.255000000000000000e+04
9.451440000000000509e+03
1.423207999999999993e+04
8.378149999999999636e+03
3.035000000000000000e+03
1.454900000000000091e+03
7.481779999999999745e+03
1.708077999999999884e+04
3.047286000000000058e+04
1.889420000000000073e+04
5.145000000000000000e+03
2.483966999999999825e+04
1.686852099999999919e+05
1.989572000000000116e+04
1.805666999999999825e+04
1.006486199999999953e+05
4.290899999999999750e+02
6.127855000000000291e+04
3.616363999999999942e+04
3.334000000000000000e+03
4.558000000000000114e+02
2.414050000000000000e+04
5.940000000000000000e+03
2.782790999999999985e+04
1.914099999999999966e+02
2.267350000000000000e+04
1.190630999999999949e+04
8.970719999999999345e+03
3.583287999999999738e+04
4.066341999999999825e+04
5.308850000000000364e+03
5.224119999999999891e+03
9.612139999999999418e+03
4.975468000000000029e+04
5.920270999999999913e+04
2.280752999999999884e+04
2.184000000000000000e+03
6.881039999999999964e+03
8.988850000000000364e+03
1.439339999999999918e+03
1.659022000000000116e+04
4.348500000000000227e+02
1.352488999999999942e+04
3.450670000000000073e+03
1.298603000000000065e+04
9.040680000000000291e+03
2.331000000000000000e+03
2.284945000000000073e+04
9.785799999999999272e+03
9.784780000000000655e+03
1.127900000000000000e+04
4.323140000000000327e+03
7.524892999999999302e+04
1.930341999999999825e+04
1.437138999999999942e+04
2.780289999999999964e+03
7.205340000000000146e+03
5.229329999999999927e+03
2.300300000000000011e+02
1.197611000000000058e+04
1.492245999999999913e+04
1.199980000000000018e+03
3.014579999999999927e+03
9.471159999999999854e+03
1.721656000000000131e+04
1.498640000000000100e+03
2.640000000000000124e+00
1.275076000000000022e+04
5.559000000000000341e+01
2.600000000000000000e+03
4.395927999999999884e+04
9.160955000000000291e+04
1.586250000000000000e+03
2.006450000000000045e+03
5.730681999999999971e+04
5.076499999999999773e+02
6.182709999999999854e+04
2.770275000000000000e+04
1.575119999999999891e+03
6.766258000000000175e+04
1.850000000000000000e+03
7.346341000000000349e+04
4.836539999999999964e+03
2.146579999999999927e+03
3.652475000000000000e+04
1.777245999999999913e+04
1.111286000000000058e+04
1.065752899999999936e+05
5.531699999999999591e+02
1.906122000000000116e+04
1.297000000000000000e+04
1.144757999999999993e+04
1.842800000000000011e+02
4.394120999999999913e+04
4.115079999999999927e+03
5.623598999999999796e+04
1.244245000000000073e+04
1.602463999999999942e+04
5.278400000000000318e+02
3.922900000000000205e+02
6.100000000000000000e+03
2.063700000000000045e+02
4.268990000000000146e+04
1.470982999999999993e+04
5.013180000000000291e+03
9.986120000000000800e+03
8.500000000000000000e+02
1.733333000000000175e+04
1.809165000000000146e+04
2.608336000000000058e+04
9.885739999999999782e+03
4.769430000000000291e+04
7.079911000000000058e+04
1.718179000000000087e+04
4.637489999999999782e+03
3.317300000000000182e+02
9.196209999999999127e+03
2.750719999999999800e+03
4.736502399999999907e+05
1.266000000000000000e+03
3.148486000000000058e+04
1.988352999999999884e+04
1.139917000000000007e+04
2.559670000000000073e+03
3.495500000000000000e+04
1.968700000000000045e+02
4.608630999999999767e+04
5.267975000000000000e+04
1.761616999999999825e+04
1.112069999999999936e+03
2.983389999999999873e+03
3.165789999999999964e+03
2.620840000000000146e+03
1.761061000000000058e+04
1.146200000000000045e+02
1.822430000000000064e+03
2.870584999999999854e+04
8.170383000000000175e+04
6.483890000000000327e+03
2.004480000000000018e+03
4.471000000000000000e+03
3.832043000000000029e+04
5.714000000000000000e+03
7.595840000000000146e+03
7.984600000000000000e+04
4.181999999999999886e+02
4.963310000000000400e+03
1.201973999999999978e+04
4.464513999999999942e+04
2.552900000000000091e+03
4.242364500000000116e+05
2.548209000000000015e+04
2.107763000000000102e+04
9.410830000000000291e+04
2.463260000000000218e+03
1.410000000000000000e+03
9.216020000000000437e+03
4.076849999999999909e+03
1.366584000000000015e+04
2.438304999999999927e+04
2.468300000000000125e+02
1.744347000000000116e+04
3.161500000000000000e+04
2.513570999999999913e+04
1.411784000000000015e+04
3.536230999999999767e+04
1.672118999999999869e+04
6.187289999999999964e+03
2.444699999999999989e+02
2.267199999999999818e+03
1.112728000000000065e+04
3.302599999999999909e+02
2.568936999999999898e+04
1.630145999999999913e+04
3.908000000000000000e+03
4.200000000000000000e+03
1.000587999999999920e+04
3.071211000000000058e+04
6.409248000000000320e+04
1.549390999999999985e+04
7.325022999999999593e+04
4.570605999999999767e+04
1.871834000000000015e+04
2.248100000000000023e+02
4.909000000000000341e+01
4.240000000000000000e+03
4.604300000000000182e+03
1.478899999999999864e+02
6.153710000000000036e+03
4.007602999999999884e+04
3.857610000000000127e+03
6.308939999999999600e+03
4.988094199999999837e+05
6.248200000000000500e+02
3.982400000000000091e+02
9.229549999999999272e+03
1.610112300000000105e+05
5.794380000000000109e+03
4.979430999999999767e+04
5.680599999999999454e+02
7.326699999999999591e+02
6.954239999999999782e+03
3.262000000000000000e+03
1.820158000000000175e+04
4.863040000000000146e+04
2.200109999999999854e+04
3.577908000000000175e+04
9.387639999999999418e+03
1.693202000000000044e+04
1.098806999999999971e+04
4.000000000000000000e+02
8.857919999999999709e+04
2.904052000000000044e+04
2.793269500000000116e+05
1.534470000000000073e+04
1.723499999999999943e+02
1.985852999999999884e+05
4.650000000000000000e+03
2.144797000000000116e+04
1.200000000000000000e+04
2.710359000000000015e+04
1.099324400000000023e+05
1.124940000000000055e+03
5.872140000000000327e+03
3.769666999999999825e+04
2.086579999999999927e+04
8.196930000000000291e+03
8.235280000000000291e+04
2.200000000000000000e+03
1.091405800000000017e+05
1.222823999999999978e+04
5.764430000000000291e+03
5.916800000000000000e+04
3.314816699999999837e+05
1.226000000000000000e+04
2.995600000000000000e+04
7.262699999999999818e+02
6.063939999999999600e+03
1.006200000000000000e+04
1.072520999999999913e+04
1.091405800000000017e+05
2.700199999999999818e+02
2.436465000000000146e+04
3.418699999999999818e+03
9.500369999999999709e+04
6.147722000000000116e+04
9.393850000000000364e+03
8.020000000000000000e+02
1.458837999999999920e+04
2.871797000000000116e+04
6.300000000000000000e+02
1.299600899999999965e+05
1.874900000000000000e+04
5.592719999999999709e+04
2.941211000000000058e+04
7.522336999999999534e+04
2.306645999999999913e+04
3.284370999999999913e+04
3.945949999999999818e+03
2.540253299999999872e+05
7.236500000000000000e+03
1.764800000000000000e+04
7.809909999999999854e+03
3.718694000000000233e+04
6.848699999999999818e+03
2.835825999999999840e+04
1.478795000000000073e+04
4.004112000000000262e+04
1.203788999999999942e+04
5.015600000000000023e+02
1.155394100000000035e+05
3.535599999999999909e+03
4.789000000000000000e+03
2.014859999999999900e+03
1.003756999999999971e+05
3.168100000000000000e+04
2.465600000000000023e+02
1.979345000000000073e+04
2.734200000000000159e+02
1.121349999999999909e+03
5.719099999999999682e+02
1.945150899999999965e+05
2.644961999999999898e+04
1.560000000000000000e+03
3.720440000000000146e+04
1.304759999999999991e+03
1.085307999999999993e+04
3.300400000000000205e+02
6.709400000000000546e+02
2.735765999999999985e+04
1.223963000000000029e+05
4.029997000000000116e+04
3.840159999999999854e+03
2.428908000000000175e+04
4.358475000000000000e+04
9.189100000000000364e+03
1.973740000000000009e+03
2.742029000000000087e+04
1.814500000000000000e+03
1.352500000000000000e+04
5.764840000000000146e+03
9.132209999999999127e+03
3.505799999999999841e+02
2.307240999999999985e+04
6.374900000000000091e+02
7.922829999999999927e+03
3.375933000000000175e+04
1.858300999999999840e+04
6.065850000000000364e+03
1.104635000000000036e+04
2.152846099999999860e+05
1.407372999999999956e+04
7.897183999999999651e+04
6.209939999999999600e+03
7.153329999999999927e+03
2.794058000000000175e+04
4.587090000000000146e+03
6.559760100000000093e+05
1.900000000000000000e+03
7.630000000000000000e+02
4.265765000000000146e+04
5.035470000000000255e+03
3.893899999999999864e+02
2.805000000000000000e+02
2.144338000000000102e+04
1.669825000000000000e+04
2.671213900000000140e+05
4.749000000000000000e+03
4.400219999999999709e+04
8.761879999999999200e+03
5.268805999999999767e+04
1.409753000000000065e+04
2.208886000000000058e+04
1.480400000000000091e+03
7.047329999999999927e+03
2.600100000000000000e+04
5.007891000000000349e+04
4.603700000000000045e+02
2.247929999999999927e+04
1.126734000000000015e+04
1.054369000000000051e+04
2.921524000000000160e+04
2.924800000000000182e+02
7.161079999999999927e+03
8.431399999999999864e+02
2.206311999999999898e+04
5.622830000000000291e+04
1.285200000000000045e+03
6.129626999999999680e+04
2.433647999999999956e+04
7.456479999999999563e+03
1.159300000000000068e+02
9.853819999999999709e+03
2.756115999999999985e+04
2.567800000000000182e+03
7.192000000000000455e+02
2.134629999999999927e+04
6.872400000000000091e+02
4.033219999999999800e+03
4.021818000000000029e+04
1.783006999999999971e+04
1.001197999999999956e+04
4.502575000000000000e+05
2.760000000000000000e+02
2.355075999999999840e+04
1.266147999999999956e+04
2.734624000000000160e+04
2.800000000000000000e+03
5.846048000000000320e+04
3.584826000000000204e+04
2.047109999999999900e+03
1.610039999999999964e+03
2.316118999999999869e+04
2.281531999999999971e+04
9.840829999999999927e+03
3.647631400000000140e+05
8.931191000000000349e+04
1.969458000000000175e+04
4.869351999999999680e+04
2.892699999999999818e+02
4.579999999999999716e+01
4.731409999999999854e+03
7.790849000000000524e+04
9.609075999999999476e+04
6.033400000000000318e+02
6.268840000000000146e+03
5.355560100000000093e+05
5.017500000000000000e+03
7.829925000000000000e+04
5.669500000000000455e+02
7.134180999999999767e+04
4.034879000000000087e+04
2.383315000000000146e+04
2.103038999999999942e+04
1.091484000000000015e+04
2.935445999999999913e+04
1.888740000000000146e+04
1.768130000000000109e+03
1.127921999999999935e+04
8.862999999999999545e+02
9.656090000000000146e+03
5.225300000000000182e+03
1.463497200000000012e+05
2.574463999999999942e+04
1.686856000000000131e+04
4.976381999999999971e+04
8.872500000000000000e+02
5.686548000000000320e+04
8.509370000000000800e+03
7.614513000000000466e+04
1.806000000000000000e+03
7.431300000000000182e+03
4.852501999999999680e+04
5.314829000000000087e+04
8.800000000000000000e+03
1.850815000000000146e+04
5.197120499999999884e+05
8.197000000000000000e+03
1.213829999999999927e+03
1.440929000000000087e+04
2.966349000000000160e+04
8.062510000000000218e+03
1.284304999999999927e+04
3.482627999999999884e+04
5.868829999999999927e+03
3.351250000000000000e+05
7.150172999999999593e+04
2.404079999999999927e+03
1.791145000000000073e+04
3.102400000000000091e+02
5.714080000000000291e+04
2.346610000000000127e+03
1.496261799999999930e+05
2.083975999999999840e+04
1.200000000000000000e+03
9.202579999999999927e+03
2.204289999999999964e+03
1.145170000000000073e+04
1.875547999999999956e+04
3.295489999999999782e+03
1.160603000000000065e+04
2.375170000000000073e+04
2.542568999999999869e+04
3.823572000000000116e+04
5.907799999999999727e+02
1.122494000000000051e+04
5.739720000000000255e+03
4.660909999999999854e+04
2.548475999999999840e+04
6.546023999999999796e+04
8.612064999999999418e+04
1.347180999999999949e+04
5.141869999999999891e+03
7.651923499999999767e+05
3.478070999999999913e+04
2.212508000000000175e+04
3.284250000000000000e+04
7.678625999999999476e+04
9.909000000000000341e+01
4.971180000000000291e+04
2.123549000000000160e+04
9.204142999999999302e+04
3.267279999999999927e+04
1.845906000000000131e+04
2.000000000000000000e+03
1.750000000000000000e+04
2.270099899999999907e+05
6.467400000000000091e+02
2.787729000000000087e+04
3.423750000000000000e+03
1.436569000000000051e+04
1.504279999999999973e+03
4.312019999999999709e+04
7.404494999999999709e+04
3.433010000000000218e+03
1.159300000000000068e+02
3.556372000000000116e+04
3.820206999999999971e+04
5.888750000000000000e+04
5.100000000000000000e+03
5.542218000000000029e+04
3.065331199999999953e+05
5.252551999999999680e+04
2.544499000000000160e+04
6.027260000000000218e+03
7.746217999999999302e+04
2.006420000000000073e+03
3.375301000000000204e+04
9.806100000000000364e+03
1.046554000000000087e+04
3.068059999999999945e+03
1.675000000000000000e+02
1.852295000000000073e+04
5.477200000000000000e+04
6.779510000000000582e+04
1.865125999999999840e+04
7.625939999999999600e+03
5.023289999999999964e+03
1.855099999999999909e+02
2.939195000000000073e+04
5.585600000000000364e+03
1.385400000000000000e+04
7.579882000000000698e+04
2.761250000000000000e+03
2.780400000000000000e+04
2.217913000000000102e+04
9.752000000000000000e+03
1.243997999999999956e+04
2.095250999999999840e+04
1.504639999999999964e+04
1.413892000000000007e+04
2.976556999999999971e+04
3.443840000000000146e+04
1.484900000000000091e+03
1.293460000000000036e+03
1.359837999999999920e+04
5.255959999999999854e+04
4.394130999999999767e+04
4.602200000000000273e+02
3.486771900000000023e+05
4.685180000000000291e+03
1.069500000000000000e+04
3.465975000000000000e+04
4.162560000000000400e+03
1.000000000000000000e+04
2.594423200000000070e+05
1.660504999999999927e+04
6.385399999999999636e+02
2.357800000000000011e+02
5.464533999999999651e+04
2.082639999999999873e+03
9.722999999999999545e+02
5.662108000000000175e+04
1.300948999999999978e+04
2.030484000000000015e+04
3.680130000000000109e+03
2.488122000000000116e+04
4.833899999999999864e+02
2.069952200000000012e+05
6.297997000000000116e+04
5.197340000000000146e+03
1.712583000000000175e+04
2.591736000000000058e+04
2.310699999999999932e+02
1.748247999999999956e+04
5.373279999999999745e+03
1.795523099999999977e+05
5.184319999999999709e+03
2.762500000000000000e+03
1.519823999999999942e+05
2.725000000000000000e+01
2.881380000000000109e+03
5.233329999999999927e+03
2.824260000000000218e+03
5.774861000000000058e+04
1.557045999999999913e+04
1.745140000000000100e+03
1.928793000000000029e+04
1.986443000000000029e+04
5.892460000000000036e+03
2.693600000000000000e+04
5.162000000000000000e+03
1.000342200000000012e+05
4.219010000000000218e+03
1.309070599999999977e+05
1.893759999999999991e+03
1.695568999999999869e+04
2.605565000000000146e+04
1.711063000000000102e+04
2.547372000000000116e+04
6.906050000000000182e+03
2.076000000000000000e+04
3.305500000000000114e+02
5.842000000000000455e+02
1.224599999999999937e+02
4.789565000000000146e+04
1.561039999999999964e+04
6.881460000000000036e+03
1.864700000000000000e+04
6.267000000000000000e+03
1.164368000000000029e+04
1.580000000000000000e+04
2.975500000000000114e+02
2.397015000000000146e+04
3.852000000000000000e+03
2.019809999999999854e+04
3.051272999999999956e+04
1.268522999999999956e+04
1.799479999999999927e+04
2.236079999999999927e+03
5.655640000000000327e+03
3.960000000000000000e+04
1.290000000000000000e+04
1.432227500000000000e+05
7.212963000000000466e+04
9.603969999999999345e+03
6.189820999999999913e+04
4.813676999999999680e+04
1.200000000000000000e+03
5.110000000000000320e+00
1.901210000000000036e+03
1.900120000000000073e+04
3.021343000000000029e+04
5.655430000000000291e+03
8.568202000000000407e+04
5.450000000000000000e+02
4.402699999999999818e+02
2.149345000000000073e+04
1.283389199999999983e+05
4.988845999999999913e+04
3.262989999999999782e+03
2.321156999999999971e+04
8.258700000000000728e+03
1.166945299999999988e+05
2.743884000000000015e+04
9.504379999999999200e+03
2.270699999999999818e+03
2.342488000000000102e+04
2.488799999999999955e+02
1.021830000000000041e+03
2.278000000000000000e+03
2.385784999999999854e+04
2.276884000000000015e+04
1.860000000000000000e+02
3.600005999999999767e+04
1.089463999999999942e+04
2.000000000000000000e+03
2.700820000000000164e+03
5.970084999999999854e+04
9.416579999999999927e+03
1.982943000000000029e+04
6.400000000000000133e-01
6.581778999999999360e+04
1.282640000000000100e+03
2.203280000000000200e+03
2.417752000000000044e+04
6.701569999999999709e+03
1.337829000000000087e+04
5.383237000000000262e+04
2.130500000000000000e+04
4.325351000000000204e+04
7.757970000000000255e+03
3.788940000000000055e+03
5.003100000000000000e+04
2.674499999999999886e+02
3.626066999999999825e+04
7.200000000000000000e+03
7.400000000000000000e+03
9.224639999999999418e+03
4.949544999999999709e+04
3.307900000000000205e+02
7.924402000000000407e+04
1.330230999999999949e+04
2.543877500000000000e+05
9.804889999999999418e+03
4.944737999999999738e+04
1.870924000000000160e+04
3.180340000000000146e+03
2.019619999999999891e+03
9.102713999999999942e+04
1.719979000000000087e+04
1.093287999999999920e+04
5.480433999999999651e+04
3.958161000000000058e+04
4.510380000000000291e+04
1.713700000000000000e+04
3.291000000000000000e+03
2.799093000000000029e+04
3.102400000000000091e+02
8.412946000000000640e+04
4.087291999999999825e+04
3.450000000000000000e+04
5.625810000000000400e+03
3.007300000000000182e+03
2.884600000000000000e+04
1.935625000000000000e+04
7.764236999999999534e+04
1.740131999999999971e+04
4.011065000000000146e+04
5.472489999999999782e+03
1.473600000000000136e+02
1.337599999999999909e+03
1.121349999999999909e+03
9.301170000000000073e+03
3.487699999999999818e+02
3.902636000000000058e+04
1.805263200000000070e+05
1.012327000000000044e+04
2.607289999999999964e+03
1.448000000000000000e+04
5.880726999999999680e+04
1.505000000000000000e+02
4.420600000000000023e+02
4.185072000000000116e+04
3.735585800000000163e+05
2.689881000000000131e+04
7.568609999999999673e+03
2.406406000000000131e+04
3.500000000000000000e+04
5.008000000000000000e+04
3.520001000000000204e+04
2.200000000000000000e+04
3.938901000000000204e+04
2.291306999999999971e+04
3.689041999999999825e+04
2.966200000000000045e+02
1.198172100000000064e+05
9.704999999999999716e+01
5.605040000000000146e+04
1.458300000000000000e+04
1.775763999999999942e+04
3.187170000000000073e+03
1.448645999999999913e+04
2.167088999999999942e+04
3.655659999999999854e+03
3.407297000000000116e+05
5.539962999999999738e+04
2.936938000000000102e+04
3.625000000000000000e+03
2.183140000000000146e+04
6.297955999999999767e+04
3.150760000000000218e+03
1.169344000000000051e+04
2.974269999999999982e+03
2.627960000000000036e+03
3.576655000000000291e+04
5.616000000000000000e+03
1.227900000000000063e+02
8.248000000000000398e+01
1.599600000000000000e+04
3.215465999999999985e+04
1.955699999999999932e+02
4.665501000000000204e+04
3.270539999999999964e+03
5.242994999999999709e+04
2.175000000000000000e+03
4.256299999999999955e+02
5.849810000000000400e+03
1.044470000000000073e+04
7.090000000000000000e+02
1.437693000000000029e+04
4.380000000000000000e+03
5.180000000000000000e+04
2.545206000000000131e+04
6.700340000000000146e+03
1.660300000000000011e+02
8.157560000000000400e+03
2.043341999999999825e+04
4.338850000000000000e+04
2.016618000000000029e+04
4.096170999999999913e+04
1.861056999999999971e+04
1.664525999999999840e+04
6.445750000000000000e+03
1.429599999999999909e+03
5.184319999999999709e+03
4.192398000000000320e+04
1.288000000000000000e+04
5.129572000000000116e+04
2.108000000000000114e+02
2.050684999999999854e+04
2.773500000000000000e+03
2.771750000000000000e+03
1.915609999999999900e+03
9.116049999999999272e+03
3.838986199999999953e+05
6.893799999999999955e+02
8.227389999999999418e+04
1.109345000000000073e+04
1.440140000000000100e+03
2.629825000000000000e+04
5.679869999999999891e+03
4.909599999999999795e+02
1.569965999999999985e+04
2.400000000000000000e+03
1.403539999999999964e+03
1.030354000000000087e+04
6.123000000000000000e+03
5.220340000000000146e+03
1.990950000000000000e+04
2.054752000000000044e+04
4.530000000000000000e+02
8.398370000000000800e+03
1.383176000000000058e+05
4.125891999999999825e+04
1.517478000000000065e+04
2.104099999999999966e+02
5.201775000000000000e+04
2.147452000000000044e+04
1.440730000000000018e+03
5.860920000000000073e+03
7.177500000000000000e+02
3.200000000000000000e+03
1.800000000000000000e+02
2.858500000000000227e+02
5.037300000000000000e+04
6.292391000000000349e+04
3.605772000000000116e+04
2.060345999999999913e+04
2.100000000000000000e+03
2.250000000000000000e+04
1.719515000000000146e+04
7.336078999999999360e+04
8.587594999999999709e+04
4.859823999999999796e+04
2.664622999999999956e+04
1.794740000000000009e+03
2.471408000000000175e+04
2.337200000000000000e+04
8.352921199999999953e+05
7.921039999999999964e+03
5.794930000000000291e+03
1.679420000000000073e+03
8.795599999999999454e+02
3.175799999999999841e+02
6.237329999999999927e+03
1.080010000000000036e+04
5.136000000000000000e+03
2.981165000000000146e+04
8.124180000000000291e+03
1.331578000000000065e+04
6.779427000000000407e+04
2.610869999999999891e+03
2.274763000000000102e+04
2.425960000000000036e+03
2.660525999999999840e+04
7.106189999999999600e+03
3.250234000000000015e+04
2.749375000000000000e+05
1.391752500000000000e+05
2.954539999999999964e+03
4.648201000000000204e+04
2.252245999999999913e+04
1.142673999999999978e+04
2.555250000000000000e+03
1.387637000000000080e+04
7.307200000000000000e+04
3.458900000000000091e+03
3.443340000000000146e+03
3.064247000000000116e+04
7.501963999999999942e+04
3.831898000000000320e+04
3.235380000000000109e+03
1.104634000000000015e+04
3.663250000000000000e+03
2.080000000000000000e+04
2.860243000000000029e+04
7.537739999999999782e+03
5.593109999999999673e+03
1.457700000000000102e+02
1.713019999999999982e+03
2.603799999999999955e+02
1.145592000000000007e+04
1.653200000000000000e+04
2.303902999999999884e+04
5.388909999999999854e+03
7.145609999999999673e+03
1.113273000000000029e+05
8.291347000000000116e+04
9.198540699999999488e+05
2.199800000000000182e+03
1.295079000000000087e+04
1.090900000000000034e+02
3.552820000000000164e+03
5.014300000000000182e+03
1.090907999999999993e+04
1.105901100000000006e+05
1.130029999999999973e+03
2.145000000000000000e+03
1.511287999999999920e+04
2.825765999999999985e+04
2.178000000000000000e+04
2.690000000000000000e+03
5.223099999999999454e+02
1.118960000000000036e+04
3.989889999999999873e+03
8.044579999999999927e+03
1.050795800000000017e+05
3.600400000000000205e+02
8.000000000000000444e-01
1.779968000000000029e+04
3.036443999999999869e+04
6.746850000000000364e+03
3.354422000000000116e+04
5.078605999999999767e+04
3.408819000000000233e+04
1.307703000000000065e+04
1.478326000000000022e+04
2.500000000000000000e+03
1.108678500000000058e+05
1.281681999999999971e+04
5.847833999999999651e+04
3.006100000000000000e+04
6.080000000000000000e+02
2.688690000000000055e+03
9.301677000000000407e+04
3.574199999999999818e+03
3.466100000000000136e+02
1.529939999999999964e+04
4.387900000000000205e+02
2.230399999999999920e+02
4.600000000000000000e+03
7.430859999999999673e+03
6.019230999999999767e+04
1.793902999999999884e+04
4.960000000000000000e+03
4.271760000000000218e+03
7.621260000000000218e+03
1.490401000000000022e+04
4.939798000000000320e+04
4.896509999999999854e+04
1.175199999999999960e+02
1.091200000000000045e+03
1.424600000000000000e+04
1.708077999999999884e+04
1.657014400000000023e+05
3.465065000000000146e+04
2.424059999999999945e+03
2.009160000000000082e+03
3.282226000000000204e+04
1.725420000000000073e+04
1.116512500000000000e+05
6.091586000000000058e+04
9.884930000000000291e+03
2.519636999999999898e+04
6.819175999999999476e+04
2.363288000000000102e+04
1.486599999999999966e+02
4.531600000000000250e+02
1.187429999999999927e+04
3.167300000000000182e+03
2.421050999999999840e+04
3.392583000000000175e+04
3.550000000000000000e+02
3.314816699999999837e+05
5.100000000000000000e+03
8.969530000000000655e+03
3.065179999999999836e+03
1.214614799999999959e+05
1.919819999999999936e+03
4.217989999999999782e+03
4.374991999999999825e+04
3.142490999999999985e+04
8.987610000000000582e+03
3.120487500000000000e+05
1.968654000000000087e+04
8.224219999999999345e+03
9.406561999999999534e+04
6.581986999999999534e+04
2.600000000000000000e+02
1.256200000000000045e+03
6.587211000000000058e+04
4.953562000000000262e+04
3.220736999999999898e+04
3.269577000000000044e+04
4.122060000000000400e+03
1.880000000000000000e+04
6.605140000000000327e+03
2.744584000000000015e+04
2.085345400000000081e+05
2.341200000000000045e+02
3.344190000000000055e+03
1.871363999999999942e+04
5.500199999999999818e+02
5.745420000000000073e+03
1.905611999999999898e+04
2.985156000000000131e+04
4.884555000000000291e+04
4.875569999999999709e+03
3.650000000000000000e+03
3.337500000000000000e+03
5.414949999999999818e+03
6.790000000000000000e+02
2.026351400000000140e+05
1.017340000000000032e+03
3.316010000000000218e+03
2.946009999999999854e+04
1.115499999999999972e+02
3.339119999999999709e+04
4.615233099999999977e+05
3.404097000000000116e+04
3.511451999999999680e+04
3.217306999999999971e+04
1.784000000000000000e+04
3.056250999999999840e+04
2.181599999999999966e+02
3.600000000000000000e+03
9.518780000000000655e+03
3.510510000000000218e+03
1.892836000000000058e+04
1.397200000000000045e+03
2.960679999999999836e+03
6.754340000000000146e+03
7.102860000000000582e+04
7.713488000000000466e+04
5.491100000000000136e+02
1.737500000000000000e+03
2.000000000000000000e+04
2.242356000000000131e+04
7.956000000000000000e+03
1.506400000000000000e+04
6.355590000000000146e+03
3.258539999999999964e+03
1.072460000000000036e+03
4.886299999999999955e+02
4.027037999999999738e+04
3.420001000000000204e+04
3.862858000000000175e+04
2.804893000000000029e+04
1.366929299999999930e+05
3.868329999999999927e+03
1.644000000000000000e+04
1.052112000000000080e+04
1.188000000000000000e+04
2.558200000000000000e+04
1.591119999999999891e+03
1.071219799999999959e+05
6.119039999999999964e+03
1.836454999999999927e+04
3.052699999999999818e+02
2.840900000000000000e+04
2.965380000000000109e+03
7.933899999999999864e+02
9.178647000000000116e+04
2.111400000000000000e+04
2.341666999999999825e+04
8.359613000000000466e+04
4.396729999999999563e+03
5.771955000000000291e+04
1.837518000000000029e+04
2.497559000000000015e+04
2.548140000000000146e+04
5.168799999999999955e+02
2.960459999999999854e+04
9.250049999999999272e+03
2.099662600000000093e+05
1.540460000000000036e+03
1.425070599999999977e+05
1.259430000000000064e+03
1.847158000000000175e+04
4.591700000000000159e+02
3.788651999999999680e+04
3.659709999999999854e+04
2.592893999999999869e+04
3.942925000000000000e+04
2.502527999999999884e+04
4.155222000000000116e+04
1.943636000000000058e+04
8.332870000000000800e+03
2.596100000000000000e+04
3.782500000000000000e+03
3.000000000000000000e+03
1.488700000000000000e+04
1.724800000000000000e+04
2.820600000000000023e+02
3.491368000000000029e+04
1.161952500000000000e+05
4.084287000000000262e+04
1.781350999999999840e+04
6.332713999999999942e+04
6.486299999999999955e+02
6.285016000000000349e+04
4.706069999999999709e+03
1.069654999999999927e+04
3.200000000000000000e+03
1.866275999999999840e+04
2.817928599999999860e+05
5.646000000000000085e+01
1.995633000000000175e+04
1.496660000000000082e+03
7.288590000000000146e+03
1.045304000000000087e+04
1.236019999999999982e+03
3.352908999999999651e+04
1.484619999999999891e+03
7.259999999999999432e+01
9.000000000000000000e+02
3.700460000000000036e+03
4.422609999999999673e+03
4.333430999999999767e+04
2.019069999999999936e+03
1.448571999999999935e+04
1.212400000000000000e+04
4.287651999999999680e+04
3.722722000000000116e+04
2.264793999999999869e+04
1.786216999999999825e+04
4.520460000000000036e+03
1.278512999999999920e+04
1.133440000000000055e+03
1.289415399999999936e+05
1.048916000000000058e+05
5.946100000000000136e+02
4.365199999999999818e+03
3.342256999999999971e+04
2.057706999999999971e+04
1.000000000000000021e-02
1.346128900000000140e+05
2.514690000000000055e+03
3.128675999999999840e+04
1.392297999999999956e+04
2.092688000000000102e+04
9.649819999999999709e+03
8.147899999999999636e+02
3.686166000000000349e+04
3.073445999999999913e+04
1.960874000000000160e+04
3.222258000000000175e+04
2.153131999999999971e+04
4.442180999999999767e+04
4.297400000000000091e+02
6.918289999999999964e+03
2.750000000000000000e+02
3.577358000000000175e+04
1.850000000000000000e+03
5.359600000000000364e+02
4.800079999999999927e+03
7.328680000000000291e+03
4.845479999999999563e+03
3.282099999999999795e+02
1.731470999999999913e+04
1.703590999999999985e+04
3.123311999999999898e+04
2.105955400000000081e+05
1.902531000000000131e+04
3.396999999999999886e+02
2.396663999999999942e+04
3.217850000000000000e+04
6.791077999999999884e+04
2.612600999999999840e+04
6.139760000000000218e+03
2.925010000000000218e+03
1.175199999999999960e+02
4.327375000000000000e+04
9.479860000000000582e+03
5.460380000000000109e+03
1.512140000000000100e+03
1.340837999999999920e+04
1.702372000000000116e+04
6.130599999999999454e+02
1.409212999999999920e+04
1.087759999999999991e+03
1.474048999999999978e+04
1.292000000000000000e+04
1.759215000000000146e+04
6.102619999999999891e+03
1.912072600000000093e+05
2.614859999999999854e+04
1.256489999999999964e+04
3.707676000000000204e+04
3.688605000000000291e+04
6.614000000000000000e+03
3.526999999999999886e+02
1.150931999999999971e+04
5.850544999999999709e+04
8.575950000000000728e+03
5.310420000000000073e+03
3.332815000000000146e+04
2.750627999999999884e+04
8.824139999999999418e+03
2.028897999999999956e+04
3.994248999999999796e+04
8.125961999999999534e+04
3.251889999999999873e+03
2.341559999999999854e+04
2.283059999999999945e+03
1.119000000000000000e+03
5.232101999999999680e+04
3.357200000000000273e+02
4.525000000000000000e+02
3.979873999999999796e+04
2.298772600000000093e+05
4.712500000000000000e+04
4.318380000000000291e+04
1.700800000000000000e+04
1.495200000000000000e+04
4.815118000000000029e+04
2.290402000000000044e+04
4.375220999999999913e+04
1.694225000000000000e+04
2.634202999999999884e+04
6.071720000000000255e+03
4.423100000000000023e+02
4.198260000000000218e+03
1.680000000000000000e+04
1.387500000000000000e+03
3.651097899999999790e+05
4.537543000000000029e+04
6.697219000000000233e+04
4.088019000000000233e+04
1.917768999999999869e+04
4.000000000000000000e+02
8.519760000000000218e+03
2.164463999999999942e+04
4.400043000000000029e+04
3.200000000000000000e+03
5.090909999999999854e+03
2.753059999999999945e+03
8.593600000000000136e+02
9.188920000000000073e+03
4.968000000000000000e+03
1.160900000000000000e+04
1.431500000000000000e+04
1.926159999999999854e+04
3.673191999999999825e+04
7.400000000000000000e+02
1.161119999999999891e+03
2.405463999999999942e+04
6.160000000000000000e+03
1.641599999999999966e+02
1.487269999999999982e+03
3.715300000000000182e+03
6.855453999999999360e+04
3.154469999999999800e+03
6.438799999999999955e+02
6.528560000000000400e+03
6.388548999999999796e+04
1.343700000000000045e+03
1.074766100000000006e+05
6.800000000000000000e+01
1.366929299999999930e+05
2.521639999999999873e+03
4.858340000000000146e+03
3.408360000000000127e+03
9.801819999999999709e+03
1.140000000000000000e+04
3.208965000000000146e+04
3.066129000000000087e+04
3.980000000000000000e+02
4.034321199999999953e+05
3.435812000000000262e+04
5.770979999999999563e+03
9.522800000000000000e+04
7.448090000000000146e+03
1.640000000000000000e+03
3.706731999999999971e+04
5.161939999999999600e+03
1.425122999999999884e+05
6.996100000000000136e+02
1.362509999999999991e+03
1.406259999999999991e+03
1.775431999999999971e+04
9.683999999999999773e+02
7.885796000000000640e+04
2.413445999999999913e+04
1.900133000000000175e+04
1.789863000000000102e+04
4.143779999999999745e+03
4.139918000000000029e+04
4.220000000000000000e+02
9.364269000000000233e+04
2.800019999999999982e+03
2.389710000000000036e+03
7.920750000000000000e+03
1.025700000000000045e+03
1.871291999999999825e+04
1.646599999999999966e+02
5.738659999999999854e+03
6.030170999999999913e+04
2.254600000000000080e+02
2.661900000000000000e+04
1.851452000000000044e+04
4.135130999999999767e+04
2.697229999999999927e+04
4.165090000000000146e+04
8.209902000000000407e+04
3.133256999999999971e+04
1.276420000000000073e+03
9.903561999999999534e+04
4.723970000000000255e+03
1.231596199999999953e+05
5.635450000000000000e+04
3.597813999999999942e+04
2.975210000000000036e+03
2.180179999999999836e+03
1.698661000000000058e+04
2.830000000000000000e+03
3.001209000000000015e+04
2.076199999999999818e+03
3.939800000000000000e+04
1.808870999999999913e+04
2.432406999999999971e+04
9.262699999999999818e+02
1.371902000000000044e+04
6.237329999999999927e+03
4.526460000000000036e+03
3.226200000000000000e+04
1.025777100000000064e+05
2.766800000000000068e+02
8.366370000000000800e+03
6.667760000000000218e+03
8.779700000000000273e+02
8.925989999999999782e+03
4.926720999999999913e+04
1.007909999999999968e+03
1.452027000000000044e+04
8.323380000000000291e+04
6.403909999999999854e+03
8.634700000000000273e+02
1.638525999999999840e+04
1.817180000000000064e+03
4.037308999999999651e+04
4.172739999999999782e+03
2.109099999999999966e+02
6.957180000000000291e+03
4.674862000000000262e+04
4.341868000000000029e+04
3.341109999999999854e+04
4.428829999999999927e+03
5.344422000000000116e+04
1.488497999999999956e+04
4.607834999999999854e+04
6.630880000000000109e+03
5.560000000000000000e+02
3.685145999999999913e+04
8.252807000000000698e+04
2.106679999999999836e+03
1.918006099999999860e+05
1.510865999999999985e+04
7.344297999999999593e+04
1.738545000000000073e+04
1.659022000000000116e+04
1.712390000000000100e+03
1.857186000000000058e+04
4.650663999999999942e+04
1.025860000000000036e+04
1.044323600000000006e+05
6.544858000000000175e+04
4.138399999999999750e+02
1.896840999999999985e+04
1.044025000000000000e+04
1.712888000000000102e+04
2.267343000000000029e+04
1.147848999999999978e+04
5.661399999999999636e+03
1.035590000000000000e+05
1.085480999999999949e+04
1.729834000000000015e+04
6.660010000000000218e+03
1.150900000000000000e+04
3.768487000000000262e+04
1.630259000000000015e+04
8.416319999999999709e+03
1.824920000000000073e+03
2.265934000000000015e+04
1.524900000000000000e+04
3.545431999999999971e+04
7.274390000000000327e+03
5.044109999999999673e+03
1.276173099999999977e+05
4.929498000000000320e+04
1.920200000000000102e+02
2.558715999999999985e+04
1.027107999999999993e+04
4.238000000000000000e+04
1.585032999999999993e+04
2.762511999999999898e+04
6.945399999999999636e+02
4.034789999999999964e+03
1.173673999999999978e+04
2.923780000000000200e+03
6.077902999999999884e+04
1.550809999999999945e+03
1.836797000000000116e+04
6.209859999999999673e+03
4.856699999999999818e+03
1.244599999999999909e+03
1.493005999999999949e+04
1.189144000000000051e+04
1.528400000000000000e+04
7.681060000000000400e+03
6.610299999999999727e+02
9.865840000000000146e+03
4.066200000000000045e+02
5.285700000000000000e+04
4.761310000000000400e+03
8.323380000000000291e+04
1.556295999999999913e+04
9.089400000000000546e+02
3.164543000000000029e+04
2.790961999999999898e+04
2.947200000000000273e+02
4.760989999999999782e+03
4.762334500000000116e+05
3.857000000000000000e+03
1.064099999999999966e+02
1.001250000000000000e+04
9.198999999999999488e+01
1.926995000000000073e+04
2.886600000000000250e+02
1.225999999999999943e+02
5.861850000000000364e+03
5.812341999999999825e+04
6.773560000000000400e+03
1.660399999999999920e+02
3.334019999999999982e+03
2.514366999999999825e+04
1.190375000000000000e+04
1.192988999999999942e+04
2.941754000000000087e+04
4.000000000000000000e+02
2.981966999999999825e+04
5.999700000000000273e+02
2.439504000000000087e+04
2.218220000000000073e+04
1.292799999999999955e+03
3.389000000000000057e+01
3.575899999999999750e+02
6.679608999999999651e+04
2.833500000000000227e+02
1.330575899999999965e+05
1.331100000000000000e+04
4.480131400000000140e+05
1.910747900000000081e+05
3.938954000000000087e+04
7.750000000000000000e+03
1.929076199999999953e+05
1.235227000000000044e+04
4.383866999999999825e+04
1.694684000000000015e+04
7.438099999999999454e+02
2.653770000000000073e+04
3.007030000000000200e+03
1.713122000000000116e+04
1.135089100000000035e+05
3.645698999999999796e+04
6.630210000000000036e+03
2.591890999999999985e+04
6.029960000000000036e+03
7.822100000000000364e+02
4.990066999999999825e+04
3.243008000000000175e+04
1.497254999999999927e+04
4.931409999999999854e+03
1.200000000000000000e+04
6.956710000000000036e+03
4.291569999999999709e+03
7.719100000000000364e+03
3.347000000000000000e+03
7.917185000000000582e+04
2.703665200000000186e+05
2.331877000000000044e+04
3.360662000000000262e+04
1.887199999999999989e+02
6.545460000000000036e+03
1.861866999999999825e+04
2.156052999999999884e+04
3.326299999999999955e+02
3.166000000000000227e+02
3.600000000000000000e+03
3.051250999999999840e+04
1.509707999999999993e+04
5.842829999999999927e+03
9.441250000000000000e+03
2.217525000000000000e+04
7.150700000000000500e+02
7.402189999999999418e+04
1.531759000000000015e+04
2.851630000000000109e+03
3.206297000000000116e+04
6.422649999999999636e+03
2.964118999999999869e+04
4.708300000000000182e+03
1.784833000000000175e+04
1.647609000000000015e+04
9.962275999999999476e+04
5.999270000000000437e+03
3.838986199999999953e+05
5.864823999999999796e+04
9.229549999999999272e+03
7.402449999999999818e+03
2.187700000000000102e+02
4.061229000000000087e+04
6.590000000000000000e+03
2.281820000000000164e+03
5.203001000000000204e+04
2.315999999999999943e+02
9.770099999999999909e+02
3.643550000000000182e+03
2.471738999999999942e+04
2.493969999999999800e+03
1.254088999999999942e+04
3.501859999999999854e+04
3.873000000000000000e+03
5.402840000000000146e+03
4.490609999999999673e+03
1.701192900000000081e+05
1.234526000000000022e+04
3.617734999999999854e+04
4.284129000000000087e+04
2.598500000000000227e+02
5.214700000000000273e+02
4.462041000000000349e+04
3.784239999999999782e+03
3.694200000000000159e+02
1.503600000000000000e+04
7.322500000000000000e+03
1.145127000000000044e+04
2.401479999999999927e+04
1.782941999999999825e+04
4.343900000000000000e+04
1.839306999999999971e+04
2.004484000000000015e+04
9.062999999999999545e+01
6.744700000000000273e+02
6.548786000000000058e+04
1.089097999999999956e+04
6.091825000000000000e+04
1.240000000000000000e+03
7.208710000000000036e+03
1.720768000000000029e+04
3.060659999999999854e+03
3.530849999999999909e+03
6.528369999999999891e+03
3.920326999999999680e+04
2.181889999999999873e+03
2.922552999999999884e+04
6.577270000000000437e+03
2.204715999999999985e+04
2.120050000000000000e+04
5.156900000000000546e+02
2.720000000000000000e+03
1.051662000000000080e+04
7.745205000000000291e+04
7.853670000000000073e+03
1.747497000000000116e+04
1.573228000000000065e+04
6.763899999999999864e+02
1.188339999999999964e+04
4.914210000000000036e+03
3.534054000000000087e+04
7.551840000000000146e+03
5.799999999999999600e-01
1.155462999999999920e+04
7.713592999999999302e+04
6.583890000000000327e+03
1.836195000000000073e+04
1.931663000000000102e+04
1.465522999999999956e+04
1.551262709999999963e+06
1.549101000000000022e+04
1.029310000000000036e+04
1.038009999999999991e+03
1.814007600000000093e+05
6.590510000000000218e+03
5.735205999999999767e+04
2.759208000000000175e+04
4.666100000000000136e+02
2.780474000000000160e+04
6.686760000000000218e+03
4.434687199999999721e+05
5.786050000000000182e+03
9.893991000000000349e+04
1.718179000000000087e+04
9.712110000000000582e+03
5.513449999999999818e+03
1.241985000000000036e+04
7.458119999999999891e+03
4.072783000000000175e+04
1.679272000000000116e+04
2.564093999999999869e+04
4.347401000000000204e+04
4.905628599999999860e+05
3.120000000000000000e+03
5.447180000000000291e+03
2.167493999999999869e+04
2.660000000000000000e+04
3.902840000000000146e+03
1.625614899999999907e+05
7.197000000000000000e+03
1.120915999999999985e+04
5.397816999999999825e+04
3.860920999999999913e+04
9.917835000000000582e+04
1.845900999999999840e+04
1.484596999999999935e+04
8.446799999999999500e+02
2.006027000000000044e+04
3.021156000000000131e+04
1.227448399999999965e+05
2.545320999999999913e+04
5.568000000000000000e+03
2.139577399999999907e+05
2.770004999999999927e+04
4.337587000000000262e+04
2.170856999999999971e+04
2.149399999999999977e+02
1.342253000000000065e+04
5.192273000000000320e+04
3.061579999999999927e+03
8.210900000000000318e+02
8.634700000000000273e+02
7.937000000000000000e+03
2.628199999999999932e+02
1.019295999999999913e+04
6.830800000000000182e+03
6.159191000000000349e+04
5.259373000000000320e+04
1.931619999999999891e+03
5.396331999999999971e+04
1.120000000000000000e+03
2.628199999999999932e+02
6.110287999999999738e+04
4.667800000000000000e+04
3.868299999999999841e+02
7.203753999999999360e+04
1.130211000000000058e+04
7.172409999999999854e+03
1.757400000000000091e+02
9.565969999999999345e+03
2.514860000000000127e+03
2.490247999999999956e+04
4.080000000000000000e+02
2.728639999999999873e+03
1.465722999999999884e+05
7.436799999999999500e+02
3.577691000000000349e+04
1.694884999999999854e+04
3.909449999999999818e+03
1.346820000000000000e+05
2.219199999999999875e+02
9.269649999999999636e+03
9.376000000000000000e+03
2.692389999999999873e+03
1.259729000000000087e+04
2.191736000000000058e+04
8.367200000000000273e+02
2.026777000000000044e+04
4.122741999999999825e+04
1.981799999999999955e+03
1.024845200000000041e+05
4.942948000000000320e+04
5.620695999999999913e+04
9.660000000000000000e+02
1.439891400000000140e+05
3.466844000000000233e+04
1.651106999999999971e+04
3.224118000000000029e+04
6.410951999999999680e+04
2.530349999999999909e+03
7.650099999999999909e+02
4.347401000000000204e+04
2.293900000000000000e+04
7.399199999999999591e+02
1.523365999999999985e+04
7.368538999999999942e+04
5.099616000000000349e+04
3.357400000000000091e+03
8.537355999999999767e+04
2.007463000000000102e+04
1.659000000000000000e+03
2.070481999999999971e+04
1.147478000000000065e+04
6.162920000000000073e+03
3.183536999999999898e+04
3.144699999999999818e+03
8.392000000000000455e+02
4.703165000000000146e+04
2.388989999999999782e+03
8.955000000000000000e+03
6.593000000000000682e+01
3.315300000000000182e+03
5.545276000000000204e+04
1.522481999999999971e+04
5.187500000000000000e+03
2.923300000000000182e+03
7.079420000000000073e+03
1.445442000000000116e+05
1.052736000000000058e+04
1.427430000000000064e+03
1.350000000000000000e+04
1.280000000000000000e+03
6.897388999999999942e+04
3.994599999999999795e+02
1.931000000000000000e+03
1.996500000000000057e+02
1.678834999999999854e+04
7.589939999999999600e+03
1.069729999999999927e+04
6.529159999999999854e+03
7.262430000000000291e+03
1.074161000000000058e+04
8.493799999999999272e+03
9.632270000000000437e+03
1.413142000000000007e+04
1.368032999999999993e+04
5.025666000000000349e+04
4.812920000000000073e+03
5.484199999999999591e+02
4.228319999999999709e+03
9.202147000000000116e+04
5.150680000000000291e+03
4.530899999999999750e+02
7.538427999999999884e+04
1.399680919999999925e+06
4.041837999999999738e+04
2.926188999999999942e+04
2.867843000000000029e+04
1.209160000000000082e+03
4.263649999999999636e+03
7.817869999999999891e+03
3.330799999999999841e+02
1.469999999999999973e+00
9.000010000000000218e+03
4.712779999999999745e+03
3.091289999999999964e+03
3.600099999999999909e+03
5.097505000000000291e+04
4.721137999999999738e+04
2.678361999999999898e+04
3.807949999999999818e+03
4.856000000000000227e+01
4.468799999999999955e+02
1.087748999999999942e+05
2.360777000000000044e+04
7.603866999999999825e+04
6.394130000000000291e+04
2.406519999999999982e+03
2.889186000000000058e+04
1.136335000000000036e+04
2.019411000000000058e+04
1.240000000000000000e+04
3.257590000000000146e+03
2.484000000000000000e+04
7.295930000000000291e+03
4.587961000000000058e+04
1.451337999999999920e+04
1.066720000000000073e+04
6.346609999999999673e+03
7.200000000000000000e+03
1.269157999999999993e+04
1.700800000000000000e+04
2.410511000000000058e+04
7.900000000000000000e+02
1.882000000000000000e+04
1.753181999999999971e+04
8.994319999999999709e+03
3.084408000000000175e+04
6.448119999999999709e+04
3.238979000000000087e+04
6.700000000000000000e+03
5.835000000000000000e+03
1.913000000000000000e+04
8.439360000000000582e+03
2.064920999999999913e+04
2.339527000000000044e+04
1.222915999999999985e+04
1.148289999999999964e+03
1.105706999999999971e+04
7.757191999999999825e+04
1.366584000000000015e+04
6.080000000000000000e+02
4.072898000000000320e+04
6.801999999999999602e+01
3.013118000000000029e+04
7.839010000000000218e+03
3.308558000000000175e+04
2.986061000000000058e+04
2.721000000000000000e+04
1.605053000000000065e+04
2.265719999999999800e+03
1.422238999999999942e+04
3.205799999999999841e+02
4.143605999999999767e+04
1.794188999999999942e+04
1.570399999999999920e+02
1.838206000000000131e+04
1.563473200000000070e+05
1.550880000000000109e+03
4.328394000000000233e+04
9.103780000000000655e+03
8.786000000000000227e+02
1.890240000000000009e+03
1.903410000000000082e+03
7.800000000000000000e+03
1.463915999999999985e+04
8.393999999999999773e+02
1.464300000000000068e+02
1.183112899999999936e+05
1.498454000000000087e+04
2.317010000000000218e+03
1.727720000000000073e+04
1.736535799999999872e+05
7.479699999999999818e+03
4.247991500000000233e+05
6.656830000000000291e+04
5.165000000000000000e+03
1.620063200000000070e+05
3.724399999999999977e+02
1.200000000000000000e+03
7.551470000000000255e+03
5.000000000000000000e+03
2.166174000000000160e+04
8.997699999999999818e+02
2.890554000000000087e+04
2.074841999999999825e+04
1.014400000000000000e+04
2.700000000000000000e+02
1.349364999999999964e+04
4.944720999999999913e+04
6.739979999999999563e+03
1.358058099999999977e+05
6.428300000000000000e+04
7.088799999999999955e+02
1.046487000000000080e+04
2.644363000000000102e+04
2.173265999999999985e+04
8.277599999999999909e+02
1.243505999999999949e+04
4.191606999999999971e+04
1.098275399999999936e+05
2.337041999999999825e+04
4.548810000000000400e+03
1.738619999999999891e+03
1.096149799999999959e+05
1.397619999999999891e+03
6.290000000000000036e+00
6.925899999999999636e+03
1.477593000000000029e+04
3.067869999999999891e+03
7.327311000000000058e+04
2.113684200000000128e+05
1.471053000000000065e+04
1.411509999999999991e+03
1.559354000000000087e+04
3.359954000000000087e+04
8.051083000000000175e+04
1.339400000000000000e+04
1.983287399999999907e+05
6.994460000000000036e+03
7.187899999999999636e+02
4.142911000000000058e+04
2.474749100000000035e+05
1.651527000000000044e+04
5.806020000000000437e+03
9.837308800000000047e+05
1.369779999999999973e+03
1.433350000000000000e+04
2.712008000000000175e+04
1.370187600000000093e+05
3.148299999999999841e+02
2.977984000000000015e+04
9.101649999999999636e+03
1.661771000000000058e+05
1.000000000000000000e+04
7.122689999999999600e+03
1.766999999999999886e+02
7.792830000000000291e+04
1.110000000000000000e+02
6.129926000000000204e+04
2.544649800000000105e+05
9.720000000000000000e+03
2.896575000000000000e+04
1.332001000000000022e+04
5.697350000000000364e+03
2.040000000000000000e+04
9.031959999999999127e+03
2.085008000000000175e+04
4.460651000000000204e+04
6.833694999999999709e+04
2.423284000000000015e+04
1.731252999999999884e+04
4.739680999999999767e+04
3.705166999999999825e+04
1.084273999999999978e+04
6.470890000000000327e+03
1.172382999999999993e+04
5.922808000000000175e+04
3.279519999999999982e+03
4.078441000000000349e+04
2.465702000000000044e+04
2.248100000000000023e+02
2.150975999999999840e+04
8.000000000000000444e-01
5.810470000000000255e+03
8.592646000000000640e+04
3.658095999999999913e+04
8.875510000000000218e+03
8.389800000000000182e+02
5.063919999999999709e+04
2.822991999999999825e+04
4.470000000000000000e+02
7.960859999999999673e+03
8.179999999999999716e+00
5.508099999999999454e+02
7.468966999999999825e+04
5.427189999999999600e+03
6.405599999999999454e+02
2.763013999999999942e+04
3.058600000000000136e+02
1.267977500000000000e+05
1.227329999999999927e+03
1.171155999999999949e+04
3.991629000000000087e+04
6.484355999999999767e+04
9.603180000000000291e+03
3.799009999999999854e+04
9.112200000000000273e+02
1.150849999999999909e+03
2.861599999999999909e+03
1.070125000000000000e+04
1.308714999999999964e+04
4.623000000000000000e+03
1.667000000000000000e+03
3.286700000000000000e+04
7.762500000000000000e+04
5.919989999999999782e+03
5.122833999999999651e+04
1.957072000000000116e+04
4.789533000000000175e+04
3.550766999999999825e+04
1.066153000000000065e+04
6.870029999999999745e+03
1.217849999999999909e+03
6.700000000000000000e+03
2.376900000000000000e+04
5.009652999999999884e+04
3.999829999999999927e+03
6.351399999999999864e+02
6.342827999999999884e+04
3.857530999999999767e+04
3.591999999999999886e+02
1.156201000000000022e+04
2.915684999999999854e+04
2.103263000000000102e+04
5.649135000000000000e+05
4.829222000000000116e+05
2.032256000000000131e+04
6.762100000000000364e+02
2.138183000000000175e+04
7.496479999999999563e+03
6.286060000000000400e+03
4.106637000000000262e+04
1.791150000000000091e+03
4.354580000000000291e+04
4.809300000000000068e+02
2.025300000000000011e+02
2.981000000000000227e+02
2.149875000000000000e+04
1.848015000000000000e+05
9.199899999999999636e+03
4.234180000000000291e+04
4.398761000000000058e+04
3.212599999999999909e+02
1.541403000000000065e+04
3.150760000000000218e+03
6.976599999999999682e+02
2.500000000000000000e+03
1.958431600000000035e+05
2.380099999999999909e+02
2.063799999999999955e+02
1.609069999999999936e+03
9.045559999999999491e+03
8.750000000000000000e+02
3.691541999999999825e+04
1.161059999999999945e+03
8.798969999999999345e+03
2.634000000000000000e+04
3.677000000000000000e+04
2.094861999999999898e+04
1.567892000000000007e+04
4.284750000000000000e+04
1.404420999999999913e+04
3.705869000000000233e+04
8.790291999999999825e+04
7.571369999999999891e+03
3.022743999999999869e+04
1.738400999999999840e+04
6.472591999999999825e+04
5.968869999999999891e+03
3.266699999999999818e+03
7.591166000000000349e+04
2.731820000000000073e+04
1.881059999999999945e+03
9.652829999999999927e+03
1.951300000000000000e+04
7.556097999999999593e+04
4.171713999999999942e+04
4.524731999999999971e+04
2.592290000000000146e+04
3.244210000000000036e+03
8.409999999999999432e+01
1.859800000000000000e+04
1.757819200000000128e+05
4.465493000000000029e+04
9.885500000000000000e+03
6.200829999999999927e+03
7.387986000000000058e+04
2.428780000000000200e+03
7.200000000000000000e+03
1.719829999999999927e+04
2.974550000000000182e+03
1.994690000000000055e+03
4.394949699999999721e+05
1.388155999999999949e+04
1.025789999999999964e+04
3.843199999999999818e+03
5.000899999999999750e+02
9.757190000000000509e+03
2.555604000000000087e+04
7.092000000000000000e+03
1.172382999999999993e+04
2.611499999999999773e+02
6.893799999999999955e+02
2.167088999999999942e+04
1.957508999999999942e+05
1.687900999999999840e+04
7.504470000000000255e+03
2.621829999999999927e+03
6.826799999999999500e+02
1.654743000000000029e+04
1.267200000000000045e+03
4.769269000000000233e+04
6.253989999999999782e+03
6.626302999999999884e+04
4.579260000000000218e+03
3.370051999999999680e+04
8.625599999999999454e+02
1.292200000000000000e+04
1.365093500000000058e+05
1.139198999999999978e+04
4.647200000000000273e+02
1.581295999999999913e+04
1.340504000000000087e+04
1.664690000000000055e+03
2.006420000000000073e+03
2.696608000000000175e+04
2.385289999999999964e+03
7.031200000000000045e+02
6.400000000000000000e+03
1.997661999999999898e+04
1.258765099999999948e+05
2.183650000000000000e+04
2.683061000000000058e+04
4.272576000000000204e+04
2.469500999999999840e+04
1.588674299999999930e+05
3.569000000000000000e+03
1.480000000000000000e+04
2.840836999999999898e+04
5.008545999999999913e+04
3.027793000000000029e+04
1.068000000000000000e+03
3.630262000000000262e+04
9.512889999999999418e+03
6.424100000000000000e+04
2.986750000000000000e+03
3.457258999999999651e+04
9.604069999999999709e+03
1.965399999999999920e+02
9.621340000000000146e+03
1.641124000000000160e+04
7.806472999999999593e+04
1.040000000000000000e+04
4.307058999999999651e+04
7.872300000000000182e+03
1.757536999999999898e+04
6.208423000000000320e+04
1.068139999999999964e+04
2.281359999999999854e+04
2.550000000000000000e+03
4.476780000000000291e+04
1.779863000000000102e+04
1.286200000000000000e+04
2.844254000000000087e+04
2.232128699999999953e+05
5.990011000000000058e+04
4.462819999999999709e+03
8.401590000000000146e+03
9.350940000000000509e+03
2.400000000000000000e+02
4.561768000000000029e+04
1.319488999999999942e+04
7.302000000000000000e+03
2.602461000000000058e+04
9.774969999999999345e+03
4.806894000000000233e+04
4.418890000000000327e+03
3.067869999999999891e+03
2.060999999999999943e+02
2.670150999999999840e+04
1.971159000000000015e+04
6.308199999999999818e+03
4.407699999999999818e+02
1.374886000000000058e+04
3.768184999999999854e+04
1.219539999999999964e+03
2.207525999999999840e+04
2.261970000000000073e+04
2.828079999999999927e+03
3.978100000000000000e+04
1.151339999999999918e+03
4.753779999999999745e+03
2.572800000000000000e+04
1.183192000000000007e+04
4.779999999999999716e+01
4.168477999999999884e+04
1.496349999999999909e+03
1.328128000000000065e+04
8.751600000000000364e+03
3.600000000000000000e+02
6.512130000000000109e+03
2.405974000000000160e+04
4.356000000000000000e+04
1.509026000000000022e+04
1.372690000000000055e+03
3.027661000000000058e+04
1.503078999999999942e+05
3.452000000000000000e+03
1.518369999999999891e+03
6.000000000000000000e+03
3.999630000000000291e+04
5.163600000000000364e+03
1.677263000000000102e+04
3.398750000000000000e+03
1.077900000000000063e+02
2.275840000000000146e+03
1.764870000000000073e+04
4.840522000000000116e+04
1.854466999999999825e+04
2.054799999999999898e+02
7.763000000000000000e+03
1.936599999999999966e+02
1.735374100000000035e+05
2.483466999999999825e+04
6.298640000000000327e+03
1.457893000000000029e+04
1.676000000000000000e+04
3.204895999999999913e+04
8.776236999999999534e+04
2.471306000000000131e+04
9.890000000000000568e+01
2.581309999999999854e+04
4.087654000000000087e+04
4.350000000000000000e+03
2.458869999999999891e+03
2.479210000000000036e+03
1.410219000000000051e+04
1.704000999999999840e+04
1.200000000000000000e+03
6.136599999999999682e+02
3.817800000000000182e+03
9.050452000000000407e+04
9.370059999999999491e+03
4.987900000000000205e+02
1.194000000000000000e+03
3.036731000000000131e+04
8.688149999999999636e+03
4.792062999999999738e+04
2.426859999999999854e+04
3.654094999999999709e+04
6.919289999999999964e+03
1.413899999999999864e+02
1.418161000000000058e+04
2.447040999999999985e+04
8.467370000000000800e+03
4.777890000000000327e+03
1.184975000000000000e+04
6.838899999999999864e+02
2.778000000000000114e+02
7.191000000000000000e+03
2.747300000000000182e+02
2.433519999999999982e+03
1.329637999999999920e+04
8.599329999999999927e+03
1.815016300000000047e+05
3.834347000000000116e+04
6.000000000000000000e+02
1.929450000000000045e+03
1.157025000000000000e+04
1.173700000000000045e+03
1.048349600000000064e+05
2.120000000000000000e+04
1.602587000000000080e+04
9.859999999999999432e+00
2.698699999999999818e+03
7.527735000000000582e+04
8.091199000000000524e+04
3.102406999999999971e+04
2.907324000000000160e+04
3.268000000000000000e+03
2.685609000000000015e+04
3.641809999999999945e+03
1.529059999999999945e+03
1.333645999999999913e+04
1.206281999999999971e+04
2.145960000000000036e+03
3.450400000000000000e+04
5.200000000000000000e+04
2.263079999999999927e+04
6.550800000000000182e+03
3.718399999999999750e+02
1.016395999999999913e+04
1.081420000000000073e+03
1.293000000000000000e+03
1.508075000000000000e+04
6.397000000000000000e+03
2.773500000000000000e+03
1.231000000000000000e+04
6.000300000000000182e+03
6.090720000000000255e+03
1.852104000000000087e+04
2.167088999999999942e+04
2.063488000000000102e+04
7.001729999999999563e+03
3.286905000000000291e+04
1.078600000000000000e+04
2.113015999999999985e+04
5.449358000000000175e+04
1.669270000000000073e+04
2.546111000000000058e+04
2.019809999999999854e+04
2.350200000000000000e+04
1.655468999999999869e+04
1.701800000000000068e+02
5.351894000000000233e+04
1.805018000000000029e+04
5.402100000000000364e+02
2.691400000000000091e+03
3.769705000000000291e+04
2.940000000000000000e+04
4.224319999999999709e+04
5.540999999999999659e+01
2.386402999999999884e+04
2.203441999999999825e+04
1.367114999999999964e+04
6.501979000000000087e+04
2.149570000000000164e+03
9.760389999999999418e+03
4.163100000000000023e+02
1.590500000000000000e+04
4.644649999999999636e+03
1.166900000000000091e+03
3.490000000000000000e+03
3.526280000000000200e+03
3.345137999999999738e+04
5.479340000000000146e+03
1.013978000000000065e+04
4.747535900000000256e+05
3.713081999999999971e+04
2.789022999999999956e+04
1.413651000000000022e+04
8.030921000000000640e+04
2.590095000000000073e+04
7.291071000000000640e+04
2.403572000000000116e+04
1.156000000000000000e+04
1.709349999999999909e+03
8.783999999999999773e+02
9.710000000000000000e+03
2.154497000000000116e+04
1.945665999999999985e+04
2.189259000000000015e+04
9.835450000000000728e+03
2.209949999999999818e+03
9.165059999999999491e+03
1.171569999999999936e+03
9.744979999999999563e+03
8.235924000000000524e+04
6.287037000000000262e+04
3.700000000000000000e+01
3.871902999999999884e+04
6.295900000000000318e+02
3.782070000000000164e+03
1.603500000000000000e+04
3.780849999999999909e+03
2.205360000000000127e+03
1.982793999999999869e+04
1.122220000000000027e+03
2.536227300000000105e+05
1.671950999999999840e+04
2.004600000000000000e+04
1.004507999999999993e+04
4.384258999999999651e+04
2.011141999999999825e+04
4.578700000000000045e+02
8.470000000000000000e+02
2.377984999999999854e+04
6.200599999999999454e+02
1.184089999999999918e+03
1.405172999999999956e+04
2.255132600000000093e+05
1.068500000000000000e+03
5.098406999999999971e+04
3.808058000000000175e+04
2.896600000000000250e+02
9.367719999999999345e+03
2.419000000000000000e+03
5.961760000000000218e+03
8.439360000000000582e+03
1.607660000000000000e+05
1.681625000000000000e+04
5.215211000000000058e+04
4.282799999999999727e+02
2.707993999999999869e+04
2.535897000000000116e+04
6.948152999999999884e+04
1.569107999999999993e+04
2.631579999999999927e+03
2.022875999999999840e+04
3.400000000000000000e+03
4.454244000000000233e+04
1.500000000000000000e+04
7.697338999999999942e+04
3.507900000000000091e+03
3.586150000000000091e+03
1.021823999999999978e+04
8.433350300000000279e+05
6.137739999999999782e+03
2.341559999999999854e+04
1.217804000000000087e+04
2.660074000000000160e+04
2.820409999999999854e+03
1.120638999999999942e+04
2.804199999999999818e+03
7.081359999999999673e+03
8.222379999999999200e+03
8.183489999999999782e+03
1.786908000000000175e+04
1.068269999999999982e+03
3.004480000000000018e+03
5.230286000000000058e+04
6.120693000000000029e+04
1.157320999999999913e+04
1.764118000000000029e+04
4.406000000000000000e+04
1.164067000000000007e+04
2.713560399999999790e+05
2.926800000000000000e+04
1.817180000000000064e+03
1.118288999999999942e+04
3.005639999999999873e+03
2.300000000000000000e+02
1.866050000000000000e+04
1.200012999999999920e+04
2.784193999999999869e+04
8.976889999999999418e+03
2.131814700000000012e+05
3.300468000000000029e+04
1.188500000000000000e+03
1.183536000000000058e+04
2.461431000000000131e+04
2.015518999999999869e+04
6.147865000000000146e+04
4.852501999999999680e+04
1.520999999999999943e+02
8.097520000000000437e+03
3.683599999999999909e+03
4.821600000000000364e+03
2.624759999999999854e+04
3.661011500000000233e+05
8.106000000000000227e+01
1.559220000000000027e+03
2.215161999999999898e+04
6.702091999999999825e+04
6.332200000000000273e+02
5.086619999999999891e+03
3.515515700000000070e+05
3.212139999999999873e+03
1.036846999999999935e+04
1.805684999999999854e+04
1.488400000000000034e+02
5.506869999999999891e+03
3.762349999999999909e+03
7.454180000000000291e+03
2.185000000000000000e+03
8.260000000000000000e+03
4.914439999999999600e+03
1.100664999999999964e+04
1.304469700000000012e+05
2.470988000000000102e+04
1.670175000000000000e+04
2.793654999999999927e+04
1.910054999999999927e+04
3.413833999999999651e+04
3.533741000000000349e+04
1.920839999999999918e+03
3.331500000000000000e+04
6.167450000000000000e+04
4.642640000000000327e+03
5.068240000000000146e+04
3.513719999999999800e+03
1.700000000000000000e+03
9.128600000000000364e+03
1.366710000000000036e+03
2.251183000000000175e+04
5.191000000000000000e+03
6.081608999999999651e+04
1.008134600000000064e+05
9.878000000000000114e+01
5.585600000000000364e+03
2.442500000000000000e+03
4.721331999999999971e+04
1.101379000000000087e+04
1.594502699999999895e+05
3.318059999999999945e+03
1.385231600000000035e+05
6.911020000000000437e+03
1.625844200000000128e+05
1.157454000000000087e+04
4.742233000000000175e+04
6.667000000000000000e+03
7.750900000000000318e+02
4.275050000000000000e+04
1.891240000000000009e+03
1.200000000000000000e+04
4.766899999999999636e+03
1.260687999999999920e+04
1.014600000000000023e+03
1.960000000000000000e+04
2.233409999999999854e+04
4.540289999999999964e+03
8.369780000000000655e+03
3.615300000000000182e+03
9.661829999999999927e+03
2.682415999999999985e+04
1.055937999999999920e+04
1.099220000000000027e+03
1.474944000000000051e+04
1.315060000000000036e+04
2.334313000000000102e+04
2.699149000000000160e+04
1.628269000000000051e+04
5.200050000000000182e+03
1.031460000000000036e+03
5.199399999999999636e+03
1.612970000000000073e+04
7.605126899999999441e+05
5.880000000000000000e+04
3.065688000000000102e+04
3.303600000000000136e+02
5.077729999999999563e+03
1.967869999999999891e+03
2.935039999999999964e+03
1.544842000000000007e+04
4.948109999999999854e+04
8.320000000000000000e+02
8.999999999999999667e-02
3.829679999999999836e+03
3.564131999999999971e+04
7.570900000000000318e+02
7.906208999999999651e+04
5.695681999999999971e+04
1.097867000000000007e+04
4.197000000000000000e+03
2.575369999999999891e+03
6.345083000000000175e+04
1.422240000000000009e+03
1.220084900000000052e+05
7.090538999999999942e+04
5.280162000000000262e+04
7.160191999999999825e+04
1.997661999999999898e+04
7.816000000000000000e+03
3.282344000000000233e+04
3.959256999999999971e+04
3.088759000000000015e+04
1.212600000000000000e+04
5.833920000000000073e+03
2.400000000000000000e+03
2.444845000000000073e+04
3.320199999999999818e+02
5.598255999999999767e+04
6.259100000000000364e+03
8.497129999999999200e+03
2.056969999999999800e+03
2.776197999999999956e+04
4.122039999999999964e+03
5.065055000000000291e+04
3.038320000000000164e+03
3.349440000000000055e+03
4.859380000000000109e+03
1.016410000000000036e+04
2.365804000000000087e+04
3.267775000000000000e+04
2.270230000000000018e+03
4.582023000000000320e+04
7.498400000000000318e+02
8.404319999999999709e+03
1.075000000000000000e+03
2.857549000000000160e+04
1.929066999999999825e+04
1.918940000000000055e+03
7.484159999999999854e+03
7.883688000000000466e+04
5.750979999999999563e+03
5.943029999999999745e+03
9.455099999999999909e+02
1.093799999999999955e+02
1.493005499999999884e+05
4.317630000000000291e+04
2.656380000000000109e+03
3.708000000000000000e+04
1.537560000000000036e+04
1.005267000000000007e+04
1.183750000000000000e+03
1.976784999999999854e+04
4.025530000000000200e+03
1.424947999999999956e+04
3.188079999999999927e+03
9.828209999999999127e+03
1.360359999999999900e+03
3.727019999999999982e+03
1.473007999999999993e+04
5.911919999999999709e+04
1.501078900000000140e+05
2.133566999999999825e+04
1.737945599999999977e+05
2.770627000000000044e+04
1.369779999999999927e+04
4.000000000000000000e+03
3.500000000000000000e+02
1.382440000000000055e+03
5.478148999999999796e+04
1.070118000000000029e+04
6.045873999999999796e+04
1.499999999999999944e-01
1.689624000000000160e+04
4.374358000000000175e+04
2.691590000000000146e+03
6.060783000000000175e+04
2.321156999999999971e+04
3.004397999999999956e+04
1.586678000000000065e+04
2.520497000000000116e+04
1.057600000000000051e+02
4.775699999999999932e+02
2.500000000000000000e-01
1.141544000000000051e+04
8.850000000000000000e+03
3.931899999999999977e+02
1.353387000000000080e+04
3.076654000000000087e+04
3.001429999999999927e+04
1.280039999999999964e+03
8.667100000000000364e+03
1.643800999999999840e+04
3.842599999999999909e+02
1.535535000000000036e+04
1.141617000000000007e+04
1.708784999999999854e+04
6.000000000000000000e+03
3.285659999999999854e+03
3.371199999999999818e+03
1.374915100000000093e+05
5.800000000000000000e+03
3.873913999999999942e+04
6.824489999999999782e+03
1.166400000000000091e+03
1.484542000000000007e+04
2.313799999999999955e+02
7.809909999999999854e+03
2.212409000000000015e+04
1.625487999999999884e+05
4.186223999999999796e+04
3.184350000000000000e+04
9.759639999999999418e+03
3.698554000000000087e+04
1.738800000000000000e+04
3.300000000000000000e+02
3.526019999999999982e+03
1.509499999999999886e+02
2.200000000000000000e+03
1.670745000000000073e+04
5.653000000000000000e+03
1.313139999999999964e+04
1.290985000000000036e+04
1.990534299999999930e+05
2.172000000000000000e+04
9.616459999999999127e+03
4.967930000000000291e+03
4.938810000000000400e+03
3.219045999999999913e+04
2.271615000000000146e+04
8.863770000000000437e+03
1.836700000000000045e+03
9.233835000000000582e+04
2.546380000000000109e+03
2.902004000000000087e+04
7.745130000000000109e+03
4.840090000000000146e+03
3.170000000000000000e+02
1.837634400000000023e+05
6.372608199999999488e+05
4.028920000000000073e+03
9.204474000000000524e+04
5.469199999999999818e+03
2.720441999999999825e+04
2.704863999999999942e+04
7.837989999999999782e+03
4.957220000000000255e+03
2.427963000000000102e+04
2.466699000000000160e+04
4.980000000000000000e+02
2.468684000000000015e+04
2.589880000000000109e+03
4.286400000000000000e+04
2.234400000000000091e+03
6.121789999999999964e+03
1.275344000000000051e+04
5.505529999999999745e+03
6.264619999999999891e+03
3.023999999999999773e+02
4.344920999999999913e+04
4.620576999999999680e+04
5.537133999999999651e+04
1.988390000000000100e+03
5.788773000000000320e+04
5.943140000000000327e+03
5.266287999999999738e+04
2.723102000000000044e+04
3.706747000000000116e+04
1.167495000000000073e+04
1.772536000000000058e+04
2.092822000000000116e+04
8.226750000000000000e+03
7.199989999999999782e+03
5.042973000000000320e+04
3.590481999999999971e+04
1.446416099999999860e+05
1.409099999999999909e+03
4.100000000000000000e+04
1.927589999999999918e+03
1.477023999999999978e+04
7.580000000000000000e+03
6.685430000000000291e+03
1.758329999999999927e+04
3.330000000000000000e+02
2.654436999999999898e+04
8.018090000000000146e+03
1.815630000000000109e+03
4.958670000000000073e+03
1.642191999999999825e+04
3.316200000000000000e+04
8.900000000000000000e+03
8.256100000000000136e+02
4.186223999999999796e+04
3.928694000000000233e+04
2.235727999999999884e+04
7.685200000000000000e+04
1.721968999999999869e+04
9.796569999999999709e+03
1.855459000000000015e+04
6.527500000000000000e+02
5.319109999999999673e+03
5.364288999999999942e+04
1.980678900000000140e+05
1.418386000000000058e+04
2.137099999999999909e+03
2.436361000000000058e+04
8.677690000000000509e+03
2.548629000000000087e+04
9.240760000000000218e+03
2.294422999999999956e+04
4.290000000000000000e+02
2.541870100000000093e+05
4.204200000000000000e+04
5.425180999999999767e+04
8.457405000000000291e+04
9.558569999999999709e+03
1.653928299999999872e+05
3.680819999999999709e+04
4.460276000000000204e+04
2.690381000000000131e+04
2.262284999999999854e+04
7.398939999999999600e+03
2.378815999999999985e+04
8.808999999999999773e+02
8.784750000000000000e+03
1.174600000000000000e+04
3.500000000000000000e+03
8.409459999999999127e+03
1.998000999999999840e+04
7.572689999999999600e+03
2.277156000000000131e+04
1.861413000000000102e+04
1.557836000000000058e+04
2.817518999999999869e+04
5.700000000000000000e+02
7.230372000000000116e+04
4.406260000000000218e+03
1.275076000000000022e+04
2.846658000000000175e+04
6.007199999999999818e+03
2.202400000000000091e+02
8.845959999999999127e+03
4.352720000000000255e+03
3.961899999999999977e+02
7.647455999999999767e+04
5.967500000000000000e+04
4.492672399999999907e+05
8.672500000000000000e+02
3.913799999999999955e+02
1.485970999999999913e+04
3.014722000000000116e+04
5.945900000000000318e+02
2.290597999999999956e+04
9.021590000000000146e+03
3.847686000000000058e+04
1.149193000000000029e+04
1.168779999999999973e+03
1.593434000000000015e+04
2.076090999999999985e+04
3.144170000000000073e+03
1.507259000000000015e+04
1.119000000000000000e+03
1.010016000000000058e+05
5.084688999999999942e+04
2.544356000000000131e+04
1.936000000000000000e+04
6.187731999999999971e+04
2.071039999999999964e+03
6.042623000000000320e+04
2.790770999999999913e+04
4.608488999999999942e+04
1.883095000000000073e+04
4.727649999999999636e+03
2.596121700000000128e+05
5.290699999999999818e+03
1.704618599999999860e+05
8.132390000000000327e+03
2.260999999999999943e+02
3.421702999999999884e+04
7.024625000000000000e+04
9.968825999999999476e+04
3.682580000000000291e+04
3.909449999999999818e+03
3.724800000000000182e+03
1.809876499999999942e+05
1.937519999999999982e+03
5.736200000000000045e+02
9.072000000000000455e+02
4.666162000000000262e+04
2.636149000000000160e+04
5.366083999999999651e+04
5.821140000000000146e+04
2.548709999999999854e+04
8.400000000000000000e+03
2.967417199999999721e+05
1.631030199999999895e+05
2.385999999999999943e+02
1.168001000000000022e+04
3.741666000000000349e+04
6.789000000000000000e+03
3.356555999999999767e+04
1.089777299999999959e+05
2.406343000000000029e+04
2.345952999999999884e+04
1.644339999999999918e+03
3.660693000000000029e+04
2.040000000000000000e+04
1.783500000000000000e+04
2.332920999999999913e+04
7.768000000000000000e+03
1.011725700000000070e+05
1.123507999999999993e+04
6.234937000000000262e+04
8.679450000000000728e+03
8.210610000000000582e+03
3.715162999999999738e+04
1.333400000000000000e+04
1.570854999999999927e+04
3.609880000000000109e+03
7.142000000000000000e+04
5.013500000000000000e+03
4.429750000000000000e+03
5.468047000000000116e+04
1.231000000000000000e+03
5.519400000000000000e+04
1.107734199999999983e+05
2.599400000000000000e+04
1.894650000000000091e+03
1.859240999999999985e+04
4.842010000000000218e+03
1.345522999999999956e+04
1.830000000000000000e+04
5.100000000000000000e+03
9.731599999999999682e+02
1.426454899999999907e+05
2.996100000000000136e+02
1.760000000000000000e+04
3.993348000000000320e+04
7.276449999999999818e+03
9.152090000000000146e+03
3.910901000000000204e+04
4.909000000000000341e+01
2.265184000000000015e+04
1.899240999999999985e+04
4.946568000000000029e+04
6.960000000000000000e+04
3.705119999999999709e+04
5.748262999999999738e+04
1.409287000000000080e+04
1.879859999999999900e+03
1.310409000000000015e+04
7.909779999999999745e+03
4.628999999999999773e+02
4.000000000000000000e+03
7.687819999999999709e+03
8.841900000000000546e+02
8.343360000000000582e+03
1.460471999999999935e+04
1.535529999999999927e+04
3.363738999999999942e+04
1.287586600000000035e+05
8.036761999999999534e+04
9.091440000000000509e+03
4.132000000000000028e+01
2.357380000000000109e+03
6.032200000000000273e+02
4.474569999999999709e+03
8.656000000000000227e+02
1.223190000000000055e+03
2.603289999999999964e+03
7.763000000000000000e+03
5.527754000000000087e+04
1.650261999999999898e+04
9.124199999999999591e+02
2.985156000000000131e+04
1.164726000000000022e+04
2.541954000000000087e+04
5.715673000000000320e+04
1.438302000000000116e+05
5.571640000000000327e+03
2.018440999999999985e+04
2.117360000000000127e+03
1.302907999999999993e+04
3.648451999999999680e+04
2.195000000000000000e+02
1.060285099999999948e+05
1.990000000000000000e+04
2.705000000000000000e+02
2.148199999999999932e+02
6.267491999999999825e+04
3.923700000000000000e+04
1.566029999999999927e+04
1.383750000000000000e+03
1.077750000000000000e+03
2.054070000000000164e+03
5.826000000000000000e+03
1.871131700000000128e+05
3.713265000000000146e+04
5.041945999999999913e+04
1.496423999999999978e+04
2.600000000000000000e+03
1.460901499999999942e+05
7.545670000000000073e+03
3.138954999999999927e+04
3.363058000000000175e+04
2.021799999999999955e+03
1.321999999999999886e+02
1.202000000000000000e+04
2.286191999999999825e+04
4.575920000000000073e+03
2.680429299999999930e+05
5.403744999999999709e+04
3.557880000000000291e+04
6.014241000000000349e+04
5.661799999999999500e+02
1.218890999999999985e+04
8.712159999999999854e+03
4.346000000000000000e+03
4.547354000000000087e+04
1.075212999999999920e+04
3.410262000000000262e+04
4.730108999999999651e+04
1.710777999999999884e+04
1.160000000000000000e+04
